724 0 738 500
716 500 740 1000
691 500 716 1000
657 500 691 1000
631 0 724 500
519 0 631 500
405 0 519 500
402 500 657 1000
0 500 402 1000
0 0 405 500
820 0 844 500
800 500 832 1000
766 0 820 500
736 500 800 1000
668 0 766 500
635 500 736 1000
562 0 668 500
528 500 635 1000
0 500 528 1000
0 0 562 500
699 250 728 500
675 500 704 750
668 750 726 1000
563 750 668 1000
526 500 675 750
374 750 563 1000
0 750 374 1000
0 500 526 750
0 250 699 500
0 0 760 250
674 750 716 1000
611 0 675 250
609 750 674 1000
594 250 754 500
551 500 732 750
305 750 609 1000
0 750 305 1000
0 500 551 750
0 250 594 500
0 0 611 250
788 500 815 750
736 250 828 500
671 750 849 1000
555 250 736 500
517 500 788 750
395 750 671 1000
0 750 395 1000
0 500 517 750
0 250 555 500
0 0 989 250
