987 250 993 500
985 0 997 250
984 750 997 1000
975 500 988 750
973 250 987 500
967 0 985 250
966 750 984 1000
948 750 966 1000
941 500 975 750
930 250 973 500
922 0 967 250
901 750 948 1000
891 500 941 750
878 250 930 500
865 0 922 250
829 750 901 1000
817 500 891 750
786 0 865 250
781 250 878 500
727 750 829 1000
711 500 817 750
673 250 781 500
666 0 786 250
601 750 727 1000
569 500 711 750
517 250 673 500
509 0 666 250
443 750 601 1000
408 500 569 750
345 250 517 500
229 500 408 750
224 750 443 1000
0 750 224 1000
0 500 229 750
0 250 345 500
0 0 509 250
985 0 988 500
984 500 988 1000
977 500 984 1000
976 0 985 500
965 0 976 500
962 500 977 1000
946 500 962 1000
946 0 965 500
924 500 946 1000
923 0 946 500
897 500 924 1000
896 0 923 500
862 0 896 500
859 500 897 1000
824 0 862 500
820 500 859 1000
782 0 824 500
778 500 820 1000
740 0 782 500
734 500 778 1000
695 0 740 500
688 500 734 1000
645 0 695 500
638 500 688 1000
594 0 645 500
585 500 638 1000
535 0 594 500
521 500 585 1000
440 0 535 500
423 500 521 1000
321 500 423 1000
313 0 440 500
172 0 313 500
165 500 321 1000
0 500 165 1000
0 0 172 500
984 0 989 250
978 0 984 250
976 250 986 500
975 750 994 1000
975 500 998 750
952 0 978 250
949 500 975 750
946 750 975 1000
946 250 976 500
912 250 946 500
907 750 946 1000
896 500 949 750
888 0 952 250
847 250 912 500
841 750 907 1000
829 500 896 750
816 0 888 250
771 250 847 500
751 500 829 750
747 750 841 1000
720 0 816 250
667 250 771 500
642 750 747 1000
641 500 751 750
603 0 720 250
540 250 667 500
510 750 642 1000
494 500 641 750
455 0 603 250
382 250 540 500
311 500 494 750
272 750 510 1000
0 750 272 1000
0 500 311 750
0 250 382 500
0 0 455 250
987 500 990 1000
984 0 988 500
983 500 987 1000
979 500 983 1000
978 0 984 500
971 0 978 500
968 500 979 1000
956 500 968 1000
956 0 971 500
936 500 956 1000
935 0 956 500
913 500 936 1000
908 0 935 500
886 500 913 1000
877 0 908 500
854 500 886 1000
841 0 877 500
817 500 854 1000
800 0 841 500
775 500 817 1000
747 0 800 500
719 500 775 1000
690 0 747 500
661 500 719 1000
631 0 690 500
593 500 661 1000
559 0 631 500
502 500 593 1000
462 0 559 500
394 500 502 1000
342 0 462 500
274 500 394 1000
215 0 342 500
146 500 274 1000
0 500 146 1000
0 0 215 500
987 500 991 750
987 0 998 250
983 750 994 1000
982 250 994 500
972 500 987 750
967 250 982 500
967 0 987 250
958 750 983 1000
941 250 967 500
941 0 967 250
940 500 972 750
924 750 958 1000
906 500 940 750
905 250 941 500
900 0 941 250
872 750 924 1000
846 0 900 250
843 250 905 500
838 500 906 750
794 750 872 1000
754 250 843 500
746 500 838 750
737 0 846 250
683 750 794 1000
632 250 754 500
619 500 746 750
604 0 737 250
535 750 683 1000
451 0 604 250
421 250 632 500
404 500 619 750
295 750 535 1000
0 750 295 1000
0 500 404 750
0 250 421 500
0 0 451 250
992 500 994 750
991 250 996 500
991 0 998 250
989 750 999 1000
977 0 991 250
974 750 989 1000
973 500 992 750
971 250 991 500
952 750 974 1000
948 0 977 250
942 250 971 500
940 500 973 750
906 500 940 750
904 250 942 500
904 0 948 250
901 750 952 1000
842 500 906 750
840 0 904 250
833 750 901 1000
833 250 904 500
760 750 833 1000
754 250 833 500
754 0 840 250
753 500 842 750
645 750 760 1000
628 500 753 750
627 250 754 500
476 500 628 750
473 250 627 500
472 750 645 1000
302 500 476 750
287 750 472 1000
0 750 287 1000
0 500 302 750
0 250 473 500
0 0 754 250
990 250 993 500
987 500 990 750
987 0 997 250
984 750 995 1000
976 0 987 250
967 250 990 500
963 500 987 750
958 750 984 1000
928 750 958 1000
926 500 963 750
925 0 976 250
914 250 967 500
874 750 928 1000
868 500 926 750
857 0 925 250
845 250 914 500
798 750 874 1000
791 500 868 750
774 0 857 250
757 250 845 500
707 750 798 1000
697 500 791 750
672 0 774 250
647 250 757 500
589 750 707 1000
578 500 697 750
552 0 672 250
525 250 647 500
410 0 552 250
350 250 525 500
306 500 578 750
305 750 589 1000
0 750 305 1000
0 500 306 750
0 250 350 500
0 0 410 250
991 750 993 1000
988 750 991 1000
987 500 993 750
987 0 995 250
984 250 992 500
978 500 987 750
975 250 984 500
968 500 978 750
962 250 975 500
945 250 962 500
942 500 968 750
942 0 987 250
940 750 988 1000
896 250 945 500
889 750 940 1000
880 500 942 750
863 0 942 250
808 250 896 500
789 500 880 750
788 750 889 1000
761 0 863 250
700 250 808 500
661 750 788 1000
648 500 789 750
617 0 761 250
530 250 700 500
480 750 661 1000
466 500 648 750
421 0 617 250
321 250 530 500
250 500 466 750
241 750 480 1000
0 750 241 1000
0 500 250 750
0 250 321 500
0 0 421 250
991 500 992 1000
989 500 991 1000
989 0 992 500
985 500 989 1000
982 0 989 500
978 500 985 1000
973 0 982 500
967 500 978 1000
962 0 973 500
950 0 962 500
949 500 967 1000
931 0 950 500
927 500 949 1000
905 0 931 500
901 500 927 1000
877 0 905 500
870 500 901 1000
837 0 877 500
827 500 870 1000
784 500 827 1000
784 0 837 500
729 0 784 500
723 500 784 1000
668 0 729 500
657 500 723 1000
600 0 668 500
586 500 657 1000
529 0 600 500
510 500 586 1000
449 0 529 500
425 500 510 1000
362 0 449 500
252 0 362 500
222 500 425 1000
0 500 222 1000
0 0 252 500
985 500 990 1000
984 0 990 500
976 0 984 500
974 500 985 1000
964 0 976 500
961 500 974 1000
946 500 961 1000
946 0 964 500
920 500 946 1000
920 0 946 500
893 500 920 1000
892 0 920 500
863 0 892 500
861 500 893 1000
828 500 861 1000
828 0 863 500
793 0 828 500
791 500 828 1000
753 500 791 1000
753 0 793 500
712 500 753 1000
711 0 753 500
666 500 712 1000
663 0 711 500
616 500 666 1000
610 0 663 500
546 0 610 500
544 500 616 1000
469 0 546 500
458 500 544 1000
374 0 469 500
357 500 458 1000
234 0 374 500
186 500 357 1000
0 500 186 1000
0 0 234 500
984 500 985 1000
984 0 985 500
983 500 984 1000
982 500 983 1000
981 0 984 500
979 500 982 1000
976 0 981 500
970 500 979 1000
964 0 976 500
956 500 970 1000
950 0 964 500
942 500 956 1000
933 0 950 500
919 500 942 1000
907 0 933 500
893 500 919 1000
873 0 907 500
845 500 893 1000
823 0 873 500
794 500 845 1000
771 0 823 500
739 500 794 1000
712 0 771 500
674 500 739 1000
638 0 712 500
581 500 674 1000
539 0 638 500
482 500 581 1000
438 0 539 500
378 500 482 1000
332 0 438 500
271 500 378 1000
219 0 332 500
157 500 271 1000
0 500 157 1000
0 0 219 500
987 500 989 1000
985 500 987 1000
984 0 989 500
978 500 985 1000
977 0 984 500
970 500 978 1000
966 0 977 500
959 500 970 1000
946 500 959 1000
946 0 966 500
925 0 946 500
924 500 946 1000
903 0 925 500
896 500 924 1000
873 0 903 500
866 500 896 1000
841 0 873 500
833 500 866 1000
797 500 833 1000
796 0 841 500
748 0 796 500
746 500 797 1000
691 500 746 1000
691 0 748 500
629 0 691 500
628 500 691 1000
554 500 628 1000
553 0 629 500
476 500 554 1000
467 0 553 500
379 500 476 1000
362 0 467 500
257 0 362 500
207 500 379 1000
0 500 207 1000
0 0 257 500
986 250 991 500
979 250 986 500
979 0 989 250
973 500 998 750
972 750 998 1000
944 750 972 1000
942 500 973 750
940 250 979 500
938 0 979 250
903 750 944 1000
894 0 938 250
884 250 940 500
883 500 942 750
830 750 903 1000
812 0 894 250
801 250 884 500
799 500 883 750
709 500 799 750
709 250 801 500
703 0 812 250
702 750 830 1000
581 250 709 500
568 0 703 250
561 750 702 1000
557 500 709 750
422 250 581 500
406 0 568 250
398 750 561 1000
393 500 557 750
246 250 422 500
211 500 393 750
205 750 398 1000
0 750 205 1000
0 500 211 750
0 250 246 500
0 0 406 250
986 0 992 250
982 250 990 500
981 750 995 1000
964 750 981 1000
964 250 982 500
962 500 986 750
961 0 986 250
936 750 964 1000
932 0 961 250
926 500 962 750
926 250 964 500
895 750 936 1000
890 0 932 250
881 500 926 750
881 250 926 500
847 750 895 1000
841 0 890 250
825 500 881 750
823 250 881 500
768 750 847 1000
733 0 841 250
713 500 825 750
705 250 823 500
635 750 768 1000
587 0 733 250
566 500 713 750
554 250 705 500
468 750 635 1000
417 0 587 250
383 250 554 500
350 500 566 750
237 750 468 1000
0 750 237 1000
0 500 350 750
0 250 383 500
0 0 417 250
985 500 987 1000
985 0 987 500
981 0 985 500
979 500 985 1000
973 500 979 1000
973 0 981 500
964 500 973 1000
963 0 973 500
951 0 963 500
950 500 964 1000
935 500 950 1000
931 0 951 500
911 0 931 500
910 500 935 1000
884 500 910 1000
882 0 911 500
850 500 884 1000
845 0 882 500
808 0 845 500
807 500 850 1000
762 500 807 1000
762 0 808 500
708 500 762 1000
706 0 762 500
652 500 708 1000
649 0 706 500
567 0 649 500
564 500 652 1000
468 500 564 1000
466 0 567 500
362 0 466 500
357 500 468 1000
212 0 362 500
183 500 357 1000
0 500 183 1000
0 0 212 500
989 500 990 1000
988 0 990 500
986 0 988 500
982 500 989 1000
974 500 982 1000
974 0 986 500
960 500 974 1000
957 0 974 500
938 0 957 500
937 500 960 1000
912 0 938 500
908 500 937 1000
880 0 912 500
871 500 908 1000
841 0 880 500
829 500 871 1000
796 0 841 500
784 500 829 1000
750 0 796 500
735 500 784 1000
699 0 750 500
683 500 735 1000
642 0 699 500
626 500 683 1000
582 0 642 500
561 500 626 1000
507 0 582 500
472 500 561 1000
416 0 507 500
375 500 472 1000
310 0 416 500
269 500 375 1000
192 0 310 500
139 500 269 1000
0 500 139 1000
0 0 192 500
988 500 991 750
988 0 992 250
987 250 992 500
982 500 988 750
978 250 987 500
978 0 988 250
977 750 988 1000
968 500 982 750
963 0 978 250
950 750 977 1000
945 250 978 500
935 500 968 750
930 0 963 250
897 0 930 250
893 500 935 750
893 250 945 500
892 750 950 1000
838 0 897 250
825 500 893 750
818 750 892 1000
818 250 893 500
721 250 818 500
706 750 818 1000
693 500 825 750
674 0 838 250
556 250 721 500
524 500 693 750
523 750 706 1000
474 0 674 250
352 250 556 500
269 500 524 750
264 750 523 1000
0 750 264 1000
0 500 269 750
0 250 352 500
0 0 474 250
980 250 982 500
969 250 980 500
968 750 993 1000
968 500 996 750
965 0 994 250
935 250 969 500
932 500 968 750
930 750 968 1000
927 0 965 250
896 250 935 500
887 750 930 1000
887 500 932 750
882 0 927 250
846 250 896 500
830 500 887 750
829 750 887 1000
823 0 882 250
773 250 846 500
756 750 829 1000
754 500 830 750
717 0 823 250
647 250 773 500
628 750 756 1000
623 500 754 750
564 0 717 250
493 250 647 500
467 500 623 750
465 750 628 1000
397 0 564 250
323 250 493 500
272 500 467 750
251 750 465 1000
0 750 251 1000
0 500 272 750
0 250 323 500
0 0 397 250
987 500 999 750
978 0 993 250
971 500 987 750
966 250 989 500
964 750 988 1000
937 750 964 1000
935 250 966 500
933 500 971 750
929 0 978 250
878 0 929 250
877 500 933 750
876 750 937 1000
871 250 935 500
803 250 871 500
801 750 876 1000
800 500 877 750
798 0 878 250
721 250 803 500
717 500 800 750
710 750 801 1000
701 0 798 250
611 500 717 750
608 250 721 500
595 750 710 1000
575 0 701 250
475 500 611 750
467 250 608 500
447 750 595 1000
418 0 575 250
285 250 467 500
267 500 475 750
229 750 447 1000
0 750 229 1000
0 500 267 750
0 250 285 500
0 0 418 250
986 0 987 500
985 500 987 1000
981 0 986 500
978 500 985 1000
974 0 981 500
971 500 978 1000
967 0 974 500
963 500 971 1000
958 0 967 500
953 500 963 1000
942 500 953 1000
942 0 958 500
924 500 942 1000
923 0 942 500
894 500 924 1000
892 0 923 500
856 0 892 500
853 500 894 1000
810 500 853 1000
810 0 856 500
757 0 810 500
748 500 810 1000
691 0 757 500
677 500 748 1000
613 0 691 500
599 500 677 1000
517 500 599 1000
517 0 613 500
419 0 517 500
417 500 517 1000
306 500 417 1000
306 0 419 500
183 0 306 500
172 500 306 1000
0 500 172 1000
0 0 183 500
988 250 989 500
981 250 988 500
979 0 994 250
978 750 994 1000
978 500 997 750
956 500 978 750
955 750 978 1000
955 250 981 500
952 0 979 250
928 250 955 500
922 500 956 750
918 750 955 1000
901 0 952 250
876 250 928 500
862 500 922 750
858 750 918 1000
840 0 901 250
809 250 876 500
795 500 862 750
779 750 858 1000
760 0 840 250
712 250 809 500
689 500 795 750
672 750 779 1000
635 0 760 250
579 250 712 500
534 500 689 750
510 750 672 1000
439 0 635 250
379 250 579 500
330 500 534 750
255 750 510 1000
0 750 255 1000
0 500 330 750
0 250 379 500
0 0 439 250
990 500 991 1000
990 0 996 500
983 0 990 500
982 500 990 1000
971 0 983 500
969 500 982 1000
957 0 971 500
954 500 969 1000
939 0 957 500
936 500 954 1000
917 500 936 1000
917 0 939 500
893 0 917 500
892 500 917 1000
866 500 892 1000
863 0 893 500
833 500 866 1000
827 0 863 500
786 0 827 500
784 500 833 1000
727 500 784 1000
725 0 786 500
661 0 725 500
660 500 727 1000
586 0 661 500
582 500 660 1000
504 0 586 500
498 500 582 1000
407 500 498 1000
405 0 504 500
296 0 405 500
294 500 407 1000
179 0 296 500
151 500 294 1000
0 500 151 1000
0 0 179 500
990 0 991 500
988 500 992 1000
984 500 988 1000
984 0 990 500
978 500 984 1000
977 0 984 500
969 0 977 500
966 500 978 1000
956 0 969 500
953 500 966 1000
934 500 953 1000
934 0 956 500
912 500 934 1000
911 0 934 500
886 500 912 1000
885 0 911 500
851 0 885 500
849 500 886 1000
800 500 849 1000
798 0 851 500
743 0 798 500
741 500 800 1000
679 0 743 500
674 500 741 1000
605 0 679 500
599 500 674 1000
529 0 605 500
517 500 599 1000
428 0 529 500
414 500 517 1000
311 500 414 1000
310 0 428 500
190 0 310 500
167 500 311 1000
0 500 167 1000
0 0 190 500
989 250 991 500
980 750 989 1000
979 250 989 500
977 500 991 750
975 0 990 250
957 0 975 250
956 750 980 1000
952 500 977 750
952 250 979 500
926 0 957 250
925 750 956 1000
917 250 952 500
904 500 952 750
856 500 904 750
856 250 917 500
855 0 926 250
852 750 925 1000
782 0 855 250
779 750 852 1000
774 500 856 750
774 250 856 500
696 0 782 250
684 750 779 1000
662 500 774 750
659 250 774 500
578 0 696 250
521 250 659 500
509 500 662 750
506 750 684 1000
336 250 521 500
298 500 509 750
287 750 506 1000
0 750 287 1000
0 500 298 750
0 250 336 500
0 0 578 250
988 0 989 250
987 0 988 250
985 750 990 1000
971 750 985 1000
971 0 987 250
969 250 990 500
967 500 991 750
946 750 971 1000
946 0 971 250
934 500 967 750
932 250 969 500
908 750 946 1000
900 0 946 250
883 500 934 750
880 250 932 500
854 750 908 1000
842 0 900 250
811 250 880 500
805 500 883 750
770 750 854 1000
757 0 842 250
703 500 805 750
699 250 811 500
640 750 770 1000
624 0 757 250
562 500 703 750
553 250 699 500
489 750 640 1000
459 0 624 250
375 250 553 500
367 500 562 750
245 750 489 1000
0 750 245 1000
0 500 367 750
0 250 375 500
0 0 459 250
