928 0 940 500
924 500 938 1000
908 0 928 500
884 0 908 500
882 500 924 1000
821 0 884 500
816 500 882 1000
726 500 816 1000
721 0 821 500
617 500 726 1000
610 0 721 500
506 500 617 1000
328 500 506 1000
0 500 328 1000
0 0 610 500
930 0 952 250
925 500 951 750
914 250 960 500
865 250 914 500
853 0 930 250
749 500 925 750
734 750 934 1000
640 0 853 250
628 250 865 500
483 500 749 750
434 750 734 1000
0 750 434 1000
0 500 483 750
0 250 628 500
0 0 640 250
911 0 941 250
908 750 938 1000
876 0 911 250
871 500 955 750
846 250 967 500
745 500 871 750
720 750 908 1000
650 0 876 250
598 250 846 500
488 500 745 750
371 750 720 1000
0 750 371 1000
0 500 488 750
0 250 598 500
0 0 650 250
965 0 971 500
957 500 969 1000
947 0 965 500
906 500 957 1000
896 0 947 500
853 500 906 1000
841 0 896 500
794 500 853 1000
727 500 794 1000
720 0 841 500
601 500 727 1000
592 0 720 500
317 500 601 1000
0 500 317 1000
0 0 592 500
903 500 972 750
849 750 950 1000
848 250 973 500
801 0 954 250
694 750 849 1000
685 250 848 500
661 500 903 750
527 0 801 250
407 250 685 500
378 500 661 750
360 750 694 1000
0 750 360 1000
0 500 378 750
0 250 407 500
0 0 527 250
957 750 959 1000
953 750 957 1000
953 250 969 500
946 0 974 250
925 750 953 1000
849 750 925 1000
683 750 849 1000
783 250 953 500
612 250 783 500
0 750 282 1000
282 750 683 1000
561 500 995 750
0 500 561 750
0 250 612 500
0 0 946 250
963 0 966 500
957 500 986 1000
933 0 963 500
913 500 957 1000
867 500 913 1000
867 0 933 500
801 500 867 1000
786 0 867 500
711 500 801 1000
665 0 786 500
507 0 665 500
496 500 711 1000
262 500 496 1000
0 500 262 1000
0 0 507 500
923 800 941 1000
919 600 950 800
906 400 946 600
887 0 941 200
824 200 939 400
799 800 923 1000
746 400 906 600
730 600 919 800
480 600 730 800
404 800 799 1000
0 800 404 1000
0 600 480 800
0 400 746 600
0 200 824 400
0 0 887 200
962 500 968 1000
959 0 970 500
942 0 959 500
935 500 962 1000
901 0 942 500
865 500 935 1000
810 0 901 500
768 500 865 1000
708 0 810 500
653 500 768 1000
555 0 708 500
487 500 653 1000
286 500 487 1000
0 500 286 1000
0 0 555 500
926 800 951 1000
884 0 939 200
860 800 926 1000
805 0 884 200
802 400 948 600
796 600 986 800
763 200 979 400
545 400 802 600
455 600 796 800
435 800 860 1000
0 800 435 1000
0 600 455 800
0 400 545 600
0 200 763 400
0 0 805 200
912 800 940 1000
896 0 1000 200
862 600 975 800
831 400 973 600
798 200 988 400
717 800 912 1000
589 200 798 400
579 400 831 600
556 600 862 800
397 800 717 1000
0 800 397 1000
0 600 556 800
0 400 579 600
0 200 589 400
0 0 896 200
943 200 944 400
915 800 978 1000
879 200 943 400
872 0 960 200
808 800 915 1000
757 0 872 200
737 200 879 400
723 400 1000 600
462 800 808 1000
614 600 983 800
0 800 462 1000
0 600 614 800
0 400 723 600
0 200 737 400
0 0 757 200
966 500 980 1000
957 0 981 500
942 500 966 1000
931 0 957 500
902 500 942 1000
880 0 931 500
812 500 902 1000
778 0 880 500
709 500 812 1000
665 0 778 500
566 500 709 1000
402 500 566 1000
218 500 402 1000
0 500 218 1000
0 0 665 500
907 750 936 1000
903 250 960 500
861 0 923 250
843 750 907 1000
832 250 903 500
831 500 920 750
770 0 861 250
706 250 832 500
538 250 706 500
467 500 831 750
425 750 843 1000
0 750 425 1000
0 500 467 750
0 250 538 500
0 0 770 250
882 500 901 750
882 250 904 500
869 750 973 1000
763 750 869 1000
763 500 882 750
748 250 882 500
612 500 763 750
610 750 763 1000
575 250 748 500
426 500 612 750
405 750 610 1000
0 750 405 1000
0 500 426 750
0 250 575 500
0 0 955 250
914 500 921 750
817 750 924 1000
801 500 914 750
873 250 987 500
700 750 817 1000
750 250 873 500
560 750 700 1000
632 500 801 750
378 750 560 1000
425 500 632 750
487 250 750 500
0 750 378 1000
0 500 425 750
0 250 487 500
0 0 919 250
955 250 974 500
933 250 955 500
908 750 967 1000
906 0 973 250
860 500 956 750
829 250 933 500
794 750 908 1000
774 0 906 250
512 250 829 500
494 500 860 750
408 750 794 1000
0 750 408 1000
0 500 494 750
0 250 512 500
0 0 774 250
940 500 982 750
915 750 972 1000
859 500 940 750
809 0 968 250
776 250 982 500
677 750 915 1000
618 500 859 750
543 0 809 250
508 250 776 500
341 500 618 750
339 750 677 1000
0 750 339 1000
0 500 341 750
0 250 508 500
0 0 543 250
937 250 969 500
872 500 951 750
869 750 976 1000
826 250 937 500
745 500 872 750
730 750 869 1000
684 250 826 500
578 750 730 1000
570 500 745 750
391 500 570 750
324 750 578 1000
0 750 324 1000
0 500 391 750
0 250 684 500
0 0 990 250
962 0 966 500
961 500 975 1000
918 500 961 1000
918 0 962 500
872 500 918 1000
854 0 918 500
808 500 872 1000
781 0 854 500
727 500 808 1000
695 0 781 500
559 0 695 500
512 500 727 1000
268 500 512 1000
0 500 268 1000
0 0 559 500
922 600 963 800
892 0 952 200
864 200 962 400
848 800 966 1000
841 400 959 600
796 600 922 800
693 400 841 600
692 800 848 1000
619 600 796 800
373 800 692 1000
0 800 373 1000
0 600 619 800
0 400 693 600
0 200 864 400
0 0 892 200
948 500 952 1000
943 500 948 1000
940 0 952 500
926 0 940 500
923 500 943 1000
903 0 926 500
873 500 923 1000
853 0 903 500
764 500 873 1000
729 0 853 500
567 0 729 500
535 500 764 1000
276 500 535 1000
0 500 276 1000
0 0 567 500
941 500 975 750
940 750 983 1000
920 250 974 500
838 750 940 1000
789 250 920 500
783 500 941 750
673 750 838 1000
600 500 783 750
484 750 673 1000
373 500 600 750
247 750 484 1000
0 750 247 1000
0 500 373 750
0 250 789 500
0 0 980 250
907 500 930 750
896 0 941 250
857 250 917 500
846 500 907 750
823 750 944 1000
764 0 896 250
719 250 857 500
695 500 846 750
525 250 719 500
458 500 695 750
446 750 823 1000
0 750 446 1000
0 500 458 750
0 250 525 500
0 0 764 250
928 250 962 500
902 500 948 750
854 0 933 250
823 250 928 500
794 750 931 1000
758 500 902 750
693 0 854 250
593 750 794 1000
573 250 823 500
500 500 758 750
303 750 593 1000
0 750 303 1000
0 500 500 750
0 250 573 500
0 0 693 250
