934 875 936 1000
927 625 940 750
927 375 947 500
926 500 949 625
926 250 953 375
897 0 936 125
892 875 934 1000
884 250 926 375
882 500 926 625
876 375 927 500
875 625 927 750
873 750 940 875
863 125 935 250
803 500 882 625
803 250 884 375
793 375 876 500
790 750 873 875
782 625 875 750
779 875 892 1000
748 125 863 250
682 250 803 375
681 500 803 625
669 375 793 500
660 750 790 875
645 625 782 750
639 875 779 1000
597 125 748 250
434 125 597 250
426 250 682 375
409 375 669 500
404 500 681 625
364 625 645 750
359 750 660 875
333 875 639 1000
0 875 333 1000
0 750 359 875
0 625 364 750
0 500 404 625
0 375 409 500
0 250 426 375
0 125 434 250
0 0 897 125
942 625 946 750
941 375 957 500
940 125 961 250
937 250 967 375
906 250 937 375
906 125 940 250
896 375 941 500
893 625 942 750
891 500 948 625
889 875 947 1000
887 750 957 875
882 0 957 125
827 125 906 250
814 250 906 375
783 375 896 500
775 500 891 625
766 625 893 750
762 875 889 1000
759 750 887 875
734 0 882 125
670 125 827 250
633 250 814 375
602 375 783 500
592 500 775 625
548 875 762 1000
545 625 766 750
536 750 759 875
435 125 670 250
390 250 633 375
358 375 602 500
346 500 592 625
298 625 545 750
286 750 536 875
284 875 548 1000
0 875 284 1000
0 750 286 875
0 625 298 750
0 500 346 625
0 375 358 500
0 250 390 375
0 125 435 250
0 0 734 125
945 875 952 1000
941 500 951 625
939 125 951 250
929 875 945 1000
928 375 951 500
926 750 955 875
895 875 929 1000
891 750 926 875
889 125 939 250
885 500 941 625
880 625 953 750
874 0 957 125
862 250 946 375
843 375 928 500
789 0 874 125
785 625 880 750
783 500 885 625
782 125 889 250
781 875 895 1000
772 750 891 875
732 250 862 375
706 375 843 500
634 0 789 125
621 500 783 625
601 750 772 875
599 875 781 1000
599 125 782 250
597 625 785 750
539 250 732 375
482 375 706 500
367 500 621 625
343 625 597 750
330 750 601 875
316 875 599 1000
0 875 316 1000
0 750 330 875
0 625 343 750
0 500 367 625
0 375 482 500
0 250 539 375
0 125 599 250
0 0 634 125
606 966 646 1000
963 309 1000 356
684 934 737 1000
548 908 606 1000
903 670 1000 727
421 896 475 1000
737 757 761 1000
897 251 1000 309
367 879 421 1000
737 727 1000 757
875 524 1000 587
898 0 1000 79
881 171 1000 251
842 398 1000 459
832 459 1000 524
684 727 737 934
684 670 903 727
646 670 684 1000
475 826 548 1000
646 633 1000 670
606 633 646 966
606 587 1000 633
548 587 606 908
795 79 1000 171
548 524 875 587
198 756 285 1000
475 524 548 826
285 727 367 1000
475 459 832 524
421 459 475 896
421 398 842 459
367 398 421 879
0 868 198 1000
367 356 1000 398
367 309 963 356
285 309 367 727
285 251 897 309
198 251 285 756
198 171 881 251
198 79 795 171
198 0 898 79
0 0 198 868
946 125 953 250
944 250 951 375
941 500 951 625
934 625 950 750
934 375 953 500
919 125 946 250
905 375 934 500
887 125 919 250
886 625 934 750
879 500 941 625
877 250 944 375
873 875 951 1000
873 750 954 875
871 0 954 125
815 375 905 500
773 875 873 1000
770 125 887 250
764 625 886 750
749 750 873 875
746 0 871 125
736 250 877 375
731 500 879 625
666 375 815 500
621 125 770 250
581 500 731 625
580 250 736 375
572 625 764 750
557 750 749 875
545 875 773 1000
431 375 666 500
338 500 581 625
316 625 572 750
295 750 557 875
279 875 545 1000
0 875 279 1000
0 750 295 875
0 625 316 750
0 500 338 625
0 375 431 500
0 250 580 375
0 125 621 250
0 0 746 125
930 125 939 250
928 875 942 1000
925 375 949 500
907 0 941 125
887 750 930 875
884 875 928 1000
880 375 925 500
879 125 930 250
878 500 933 625
877 250 942 375
867 625 936 750
833 0 907 125
803 125 879 250
799 375 880 500
796 750 887 875
789 875 884 1000
782 500 878 625
781 250 877 375
763 625 867 750
720 0 833 125
682 125 803 250
639 250 781 375
635 875 789 1000
616 375 799 500
613 750 796 875
577 625 763 750
576 500 782 625
472 125 682 250
417 250 639 375
393 375 616 500
351 500 576 625
349 625 577 750
342 750 613 875
327 875 635 1000
0 875 327 1000
0 750 342 875
0 625 349 750
0 500 351 625
0 375 393 500
0 250 417 375
0 125 472 250
0 0 720 125
925 125 931 250
924 375 940 500
911 500 927 625
900 375 924 500
899 125 925 250
884 500 911 625
877 875 929 1000
877 625 935 750
868 750 936 875
862 250 932 375
825 375 900 500
821 125 899 250
798 500 884 625
790 625 877 750
789 875 877 1000
776 750 868 875
767 250 862 375
726 375 825 500
698 500 798 625
684 875 789 1000
684 625 790 750
659 750 776 875
628 250 767 375
586 375 726 500
552 500 698 625
534 875 684 1000
524 625 684 750
499 750 659 875
461 250 628 375
387 375 586 500
334 500 552 625
306 625 524 750
280 750 499 875
271 875 534 1000
0 875 271 1000
0 750 280 875
0 625 306 750
0 500 334 625
0 375 387 500
0 250 461 375
0 125 821 250
0 0 936 125
961 0 962 125
956 125 962 250
954 625 965 750
952 875 964 1000
949 0 961 125
944 750 961 875
943 500 973 625
943 375 980 500
937 250 976 375
903 125 956 250
900 625 954 750
898 875 952 1000
889 750 944 875
886 500 943 625
886 375 943 500
877 250 937 375
841 125 903 250
816 375 886 500
812 500 886 625
809 750 889 875
794 250 877 375
793 875 898 1000
792 625 900 750
703 500 812 625
698 375 816 500
674 875 793 1000
660 625 792 750
654 750 809 875
638 250 794 375
507 375 698 500
475 500 703 625
426 625 660 750
414 750 654 875
398 875 674 1000
0 875 398 1000
0 750 414 875
0 625 426 750
0 500 475 625
0 375 507 500
0 250 638 375
0 125 841 250
0 0 949 125
935 750 940 875
932 625 939 750
931 0 940 125
928 250 938 375
927 375 939 500
923 750 935 875
922 125 936 250
919 500 948 625
907 875 939 1000
898 0 931 125
897 625 932 750
885 125 922 250
854 625 897 750
826 875 907 1000
824 750 923 875
821 375 927 500
812 250 928 375
801 500 919 625
779 0 898 125
758 125 885 250
684 250 812 375
680 375 821 500
641 500 801 625
633 750 824 875
629 875 826 1000
628 625 854 750
552 0 779 125
526 125 758 250
448 250 684 375
428 375 680 500
384 500 641 625
359 625 628 750
357 750 633 875
327 875 629 1000
0 875 327 1000
0 750 357 875
0 625 359 750
0 500 384 625
0 375 428 500
0 250 448 375
0 125 526 250
0 0 552 125
958 375 962 500
958 125 967 250
955 500 965 625
954 625 967 750
950 250 971 375
949 0 972 125
934 875 963 1000
932 750 967 875
920 500 955 625
916 625 954 750
912 375 958 500
902 250 950 375
901 125 958 250
886 0 949 125
848 375 912 500
845 750 932 875
841 875 934 1000
823 500 920 625
814 625 916 750
793 250 902 375
791 125 901 250
776 0 886 125
716 375 848 500
666 500 823 625
655 625 814 750
649 750 845 875
631 875 841 1000
575 125 791 250
562 250 793 375
453 375 716 500
403 500 666 625
383 625 655 750
325 875 631 1000
325 750 649 875
0 875 325 1000
0 750 325 875
0 625 383 750
0 500 403 625
0 375 453 500
0 250 562 375
0 125 575 250
0 0 776 125
0 993 150 1000
982 386 1000 445
622 965 679 1000
961 327 1000 386
932 695 1000 733
679 921 720 1000
766 759 1000 774
567 936 622 1000
720 904 766 1000
766 733 1000 759
508 885 567 1000
720 733 766 904
720 695 932 733
862 445 1000 508
879 586 1000 659
679 695 720 921
361 859 432 1000
679 659 1000 695
851 508 1000 586
809 253 1000 327
204 787 278 1000
622 659 679 965
432 769 508 1000
278 776 361 1000
622 586 879 659
567 586 622 936
567 508 851 586
508 508 567 885
508 445 862 508
432 445 508 769
432 386 982 445
361 386 432 859
728 0 1000 124
361 327 961 386
278 327 361 776
278 253 809 327
204 253 278 787
150 253 204 1000
662 124 1000 253
150 124 662 253
150 0 728 124
0 0 150 993
