960 500 972 625
947 500 960 625
939 250 973 375
934 750 970 875
929 875 970 1000
925 625 970 750
920 375 971 500
914 125 970 250
834 125 914 250
833 375 920 500
831 875 929 1000
810 625 925 750
810 250 939 375
805 750 934 875
805 500 947 625
692 125 834 250
670 875 831 1000
642 750 805 875
635 500 805 625
632 250 810 375
625 625 810 750
625 375 833 500
471 125 692 250
401 250 632 375
392 375 625 500
377 500 635 625
365 625 625 750
351 750 642 875
339 875 670 1000
0 875 339 1000
0 750 351 875
0 625 365 750
0 500 377 625
0 375 392 500
0 250 401 375
0 125 471 250
0 0 972 125
968 625 972 750
962 625 968 750
953 625 962 750
952 125 970 250
917 125 952 250
913 625 953 750
913 375 982 500
912 500 984 625
901 875 980 1000
901 250 984 375
899 750 1000 875
872 0 974 125
802 625 913 750
796 500 912 625
783 875 901 1000
778 750 899 875
770 250 901 375
769 125 917 250
760 375 913 500
639 500 796 625
630 625 802 750
583 250 770 375
566 750 778 875
559 875 783 1000
536 375 760 500
408 500 639 625
394 625 630 750
322 750 566 875
295 875 559 1000
0 875 295 1000
0 750 322 875
0 625 394 750
0 500 408 625
0 375 536 500
0 250 583 375
0 125 769 250
0 0 872 125
953 625 966 750
947 500 962 625
945 0 967 125
931 625 953 750
927 875 953 1000
924 375 958 500
919 250 956 375
917 750 956 875
911 125 984 250
856 625 931 750
851 500 947 625
849 0 945 125
819 875 927 1000
805 750 917 875
803 250 919 375
791 125 911 250
766 375 924 500
687 625 856 750
680 500 851 625
673 0 849 125
613 875 819 1000
596 750 805 875
579 125 791 250
572 250 803 375
534 375 766 500
440 500 680 625
432 625 687 750
339 750 596 875
317 875 613 1000
0 875 317 1000
0 750 339 875
0 625 432 750
0 500 440 625
0 375 534 500
0 250 572 375
0 125 579 250
0 0 673 125
980 0 981 125
978 625 980 750
971 0 980 125
970 750 981 875
968 875 990 1000
963 125 985 250
956 250 984 375
927 875 968 1000
927 750 970 875
920 125 963 250
906 0 971 125
890 250 956 375
887 625 978 750
887 375 1000 500
872 500 987 625
730 500 872 625
729 250 890 375
701 375 887 500
686 625 887 750
684 0 906 125
681 125 920 250
676 750 927 875
663 875 927 1000
465 250 729 375
426 375 701 500
423 500 730 625
361 750 676 875
361 625 686 750
334 875 663 1000
0 875 334 1000
0 750 361 875
0 625 361 750
0 500 423 625
0 375 426 500
0 250 465 375
0 125 681 250
0 0 684 125
968 125 972 250
967 0 977 125
966 250 980 375
965 750 985 875
963 875 986 1000
940 250 966 375
940 0 967 125
928 500 970 625
926 125 968 250
925 625 987 750
906 375 968 500
859 500 928 625
858 250 940 375
838 625 925 750
834 750 965 875
831 875 963 1000
793 0 940 125
775 125 926 250
749 375 906 500
670 250 858 375
646 625 838 750
642 750 834 875
633 875 831 1000
629 500 859 625
501 375 749 500
378 500 629 625
376 625 646 750
368 750 642 875
334 875 633 1000
0 875 334 1000
0 750 368 875
0 625 376 750
0 500 378 625
0 375 501 500
0 250 670 375
0 125 775 250
0 0 793 125
974 250 983 375
972 625 981 750
971 875 999 1000
967 375 997 500
953 0 993 125
931 250 974 375
912 375 967 500
910 750 976 875
905 625 972 750
902 875 971 1000
892 125 983 250
866 500 977 625
841 0 953 125
817 250 931 375
789 625 905 750
758 125 892 250
749 875 902 1000
747 750 910 875
741 375 912 500
682 500 866 625
629 250 817 375
592 625 789 750
543 875 749 1000
541 750 747 875
528 375 741 500
466 500 682 625
376 625 592 750
302 750 541 875
289 875 543 1000
0 875 289 1000
0 750 302 875
0 625 376 750
0 500 466 625
0 375 528 500
0 250 629 375
0 125 758 250
0 0 841 125
950 0 953 125
948 500 959 625
945 375 964 500
945 250 967 375
935 875 971 1000
932 125 979 250
928 750 978 875
912 625 962 750
889 0 950 125
887 500 948 625
862 125 932 250
857 750 928 875
855 875 935 1000
855 375 945 500
853 250 945 375
814 625 912 750
790 0 889 125
727 375 855 500
720 125 862 250
712 500 887 625
675 250 853 375
633 625 814 750
632 750 857 875
604 875 855 1000
454 375 727 500
439 500 712 625
360 625 633 750
328 875 604 1000
328 750 632 875
0 875 328 1000
0 750 328 875
0 625 360 750
0 500 439 625
0 375 454 500
0 250 675 375
0 125 720 250
0 0 790 125
958 375 963 500
957 500 964 625
957 250 966 375
956 125 973 250
950 875 972 1000
931 375 958 500
925 500 957 625
922 625 958 750
921 250 957 375
920 750 959 875
906 875 950 1000
903 0 959 125
895 125 956 250
870 375 931 500
859 500 925 625
853 250 921 375
839 625 922 750
837 750 920 875
811 125 895 250
801 875 906 1000
790 0 903 125
655 0 790 125
647 125 811 250
624 250 853 375
618 375 870 500
558 500 859 625
537 625 839 750
507 750 837 875
439 875 801 1000
0 875 439 1000
0 750 507 875
0 625 537 750
0 500 558 625
0 375 618 500
0 250 624 375
0 125 647 250
0 0 655 125
969 500 979 625
966 875 978 1000
966 250 981 375
960 625 983 750
955 0 979 125
944 750 970 875
939 875 966 1000
936 250 966 375
923 0 955 125
919 625 960 750
919 500 969 625
918 375 973 500
907 125 976 250
831 125 907 250
823 500 919 625
822 375 918 500
821 250 936 375
799 625 919 750
795 0 923 125
749 750 944 875
724 875 939 1000
577 0 795 125
560 125 831 250
530 250 821 375
527 375 822 500
507 500 823 625
475 625 799 750
418 750 749 875
364 875 724 1000
0 875 364 1000
0 750 418 875
0 625 475 750
0 500 507 625
0 375 527 500
0 250 530 375
0 125 560 250
0 0 577 125
