741 500 770 750
740 0 782 250
738 250 788 500
686 500 741 750
682 250 738 500
678 0 740 250
676 750 759 1000
594 500 686 750
590 250 682 500
584 750 676 1000
565 0 678 250
463 750 584 1000
441 500 594 750
434 250 590 500
408 0 565 250
241 0 408 250
240 250 434 500
237 500 441 750
232 750 463 1000
0 750 232 1000
0 500 237 750
0 250 240 500
0 0 241 250
793 0 797 250
792 750 803 1000
791 500 824 750
755 0 793 250
750 500 791 750
748 750 792 1000
737 250 795 500
684 0 755 250
644 250 737 500
642 750 748 1000
639 500 750 750
567 0 684 250
521 500 639 750
516 250 644 500
504 750 642 1000
427 0 567 250
362 250 516 500
288 500 521 750
258 750 504 1000
0 750 258 1000
0 500 288 750
0 250 362 500
0 0 427 250
843 750 844 1000
829 750 843 1000
827 500 856 750
818 250 851 500
805 0 852 250
772 750 829 1000
748 250 818 500
731 0 805 250
730 500 827 750
651 750 772 1000
620 250 748 500
597 500 730 750
584 0 731 250
502 750 651 1000
470 250 620 500
444 500 597 750
314 250 470 500
282 500 444 750
272 750 502 1000
0 750 272 1000
0 500 282 750
0 250 314 500
0 0 584 250
690 500 708 750
690 250 714 500
689 750 713 1000
664 750 689 1000
664 500 690 750
664 0 692 250
656 250 690 500
627 0 664 250
610 250 656 500
609 750 664 1000
608 500 664 750
565 0 627 250
539 500 608 750
539 250 610 500
522 750 609 1000
462 0 565 250
361 250 539 500
352 500 539 750
297 750 522 1000
0 750 297 1000
0 500 352 750
0 250 361 500
0 0 462 250
767 250 776 500
766 750 780 1000
754 500 773 750
748 0 780 250
732 750 766 1000
732 250 767 500
715 500 754 750
704 0 748 250
686 750 732 1000
664 500 715 750
662 250 732 500
611 0 704 250
590 750 686 1000
565 250 662 500
563 500 664 750
473 750 590 1000
446 250 565 500
425 500 563 750
292 750 473 1000
0 750 292 1000
0 500 425 750
0 250 446 500
0 0 611 250
671 250 682 500
662 500 673 750
651 500 662 750
634 500 651 750
627 250 671 500
624 750 674 1000
621 0 673 250
581 500 634 750
558 0 621 250
555 750 624 1000
550 250 627 500
498 500 581 750
464 750 555 1000
460 0 558 250
441 250 550 500
318 0 460 250
294 250 441 500
291 500 498 750
243 750 464 1000
0 750 243 1000
0 500 291 750
0 250 294 500
0 0 318 250
678 0 689 250
661 750 678 1000
660 500 685 750
652 0 678 250
618 500 660 750
618 250 680 500
594 750 661 1000
576 0 652 250
535 250 618 500
529 500 618 750
505 750 594 1000
470 0 576 250
427 250 535 500
413 500 529 750
381 750 505 1000
294 0 470 250
251 250 427 500
226 500 413 750
194 750 381 1000
0 750 194 1000
0 500 226 750
0 250 251 500
0 0 294 250
770 750 777 1000
765 250 782 500
749 750 770 1000
747 500 771 750
736 250 765 500
703 250 736 500
697 750 749 1000
695 500 747 750
650 250 703 500
635 500 695 750
632 750 697 1000
554 500 635 750
523 750 632 1000
516 250 650 500
398 500 554 750
360 750 523 1000
351 250 516 500
232 500 398 750
185 750 360 1000
0 750 185 1000
0 500 232 750
0 250 351 500
0 0 796 250
798 250 801 500
777 250 798 500
769 750 800 1000
766 500 800 750
734 750 769 1000
725 250 777 500
711 500 766 750
663 250 725 500
642 500 711 750
641 750 734 1000
566 250 663 500
543 500 642 750
542 750 641 1000
443 500 543 750
426 750 542 1000
423 250 566 500
275 250 423 500
257 500 443 750
224 750 426 1000
0 750 224 1000
0 500 257 750
0 250 275 500
0 0 822 250
835 0 839 250
832 250 847 500
822 750 839 1000
802 750 822 1000
792 500 838 750
788 0 835 250
784 250 832 500
732 250 784 500
729 0 788 250
724 500 792 750
710 750 802 1000
624 0 729 250
605 250 732 500
580 500 724 750
560 750 710 1000
455 0 624 250
424 250 605 500
361 500 580 750
337 750 560 1000
0 750 337 1000
0 500 361 750
0 250 424 500
0 0 455 250
698 0 708 250
692 750 706 1000
690 250 706 500
675 0 698 250
647 0 675 250
642 250 690 500
638 750 692 1000
634 500 705 750
549 750 638 1000
546 250 642 500
526 500 634 750
526 0 647 250
414 250 546 500
405 750 549 1000
381 500 526 750
379 0 526 250
258 250 414 500
215 500 381 750
211 750 405 1000
0 750 211 1000
0 500 215 750
0 250 258 500
0 0 379 250
649 0 651 250
642 750 650 1000
625 750 642 1000
622 250 651 500
620 500 649 750
615 0 649 250
586 750 625 1000
579 500 620 750
578 250 622 500
570 0 615 250
517 0 570 250
516 250 578 500
508 750 586 1000
479 500 579 750
399 0 517 250
380 750 508 1000
347 500 479 750
347 250 516 500
195 750 380 1000
0 750 195 1000
0 500 347 750
0 250 347 500
0 0 399 250
670 0 678 250
665 500 680 750
654 750 673 1000
651 250 677 500
625 750 654 1000
618 250 651 500
617 500 665 750
611 0 670 250
558 250 618 500
556 500 617 750
555 750 625 1000
539 0 611 250
483 250 558 500
476 750 555 1000
468 500 556 750
400 0 539 250
335 250 483 500
307 500 468 750
286 750 476 1000
0 750 286 1000
0 500 307 750
0 250 335 500
0 0 400 250
715 500 719 750
712 0 721 250
709 750 719 1000
702 500 715 750
694 0 712 250
677 500 702 750
666 0 694 250
631 0 666 250
625 500 677 750
620 750 709 1000
615 250 725 500
499 0 631 250
486 500 625 750
471 750 620 1000
462 250 615 500
344 0 499 250
299 250 462 500
294 500 486 750
258 750 471 1000
0 750 258 1000
0 500 294 750
0 250 299 500
0 0 344 250
861 250 873 500
836 250 861 500
833 500 869 750
832 750 871 1000
826 0 881 250
771 750 832 1000
761 0 826 250
760 250 836 500
756 500 833 750
661 0 761 250
653 750 771 1000
640 250 760 500
633 500 756 750
497 250 640 500
457 500 633 750
451 750 653 1000
292 250 497 500
247 500 457 750
240 750 451 1000
0 750 240 1000
0 500 247 750
0 250 292 500
0 0 661 250
673 500 676 750
673 250 677 500
668 250 673 500
658 750 682 1000
655 0 682 250
633 500 673 750
613 750 658 1000
603 0 655 250
599 250 668 500
562 500 633 750
533 750 613 1000
491 250 599 500
490 0 603 250
446 500 562 750
416 750 533 1000
351 0 490 250
342 250 491 500
264 500 446 750
233 750 416 1000
0 750 233 1000
0 500 264 750
0 250 342 500
0 0 351 250
664 250 673 500
663 500 696 750
663 0 696 250
632 750 666 1000
627 0 663 250
626 250 664 500
619 500 663 750
573 500 619 750
569 750 632 1000
555 0 627 250
553 250 626 500
496 500 573 750
482 750 569 1000
467 0 555 250
427 250 553 500
364 500 496 750
344 750 482 1000
214 500 364 750
190 750 344 1000
0 750 190 1000
0 500 214 750
0 250 427 500
0 0 467 250
680 500 685 750
672 0 682 250
666 500 680 750
663 750 687 1000
663 250 692 500
641 0 672 250
629 250 663 500
627 750 663 1000
621 500 666 750
594 0 641 250
552 750 627 1000
537 500 621 750
531 250 629 500
468 0 594 250
392 500 537 750
391 750 552 1000
361 250 531 500
212 500 392 750
203 750 391 1000
0 750 203 1000
0 500 212 750
0 250 361 500
0 0 468 250
635 0 640 250
634 750 651 1000
633 250 658 500
610 0 635 250
607 250 633 500
604 750 634 1000
596 500 646 750
543 500 596 750
531 750 604 1000
530 250 607 500
529 0 610 250
422 250 530 500
413 750 531 1000
397 0 529 250
390 500 543 750
241 0 397 250
230 500 390 750
230 250 422 500
219 750 413 1000
0 750 219 1000
0 500 230 750
0 250 230 500
0 0 241 250
769 250 773 500
765 250 769 500
756 500 772 750
736 500 756 750
731 250 765 500
727 0 773 250
725 750 781 1000
663 0 727 250
659 750 725 1000
648 250 731 500
638 500 736 750
547 0 663 250
517 250 648 500
502 500 638 750
491 750 659 1000
352 0 547 250
290 250 517 500
274 500 502 750
252 750 491 1000
0 750 252 1000
0 500 274 750
0 250 290 500
0 0 352 250
845 750 850 1000
843 250 861 500
840 0 859 250
839 500 869 750
797 500 839 750
782 750 845 1000
773 250 843 500
767 0 840 250
677 0 767 250
672 250 773 500
648 750 782 1000
643 500 797 750
521 0 677 250
516 250 672 500
486 500 643 750
473 750 648 1000
338 250 516 500
277 500 486 750
258 750 473 1000
0 750 258 1000
0 500 277 750
0 250 338 500
0 0 521 250
806 250 807 500
800 250 806 500
799 0 810 250
798 750 810 1000
789 500 814 750
757 500 789 750
756 0 799 250
750 750 798 1000
743 250 800 500
693 750 750 1000
683 250 743 500
677 0 756 250
676 500 757 750
589 750 693 1000
564 0 677 250
553 250 683 500
537 500 676 750
440 750 589 1000
258 750 440 1000
0 750 258 1000
0 500 537 750
0 250 553 500
0 0 564 250
802 500 807 750
797 500 802 750
791 250 816 500
779 750 812 1000
764 0 804 250
738 750 779 1000
736 500 797 750
730 250 791 500
662 250 730 500
653 750 738 1000
639 500 736 750
632 0 764 250
528 250 662 500
494 750 653 1000
472 0 632 250
468 500 639 750
340 250 528 500
267 500 468 750
251 750 494 1000
0 750 251 1000
0 500 267 750
0 250 340 500
0 0 472 250
767 750 768 1000
765 500 768 750
763 750 767 1000
747 0 771 250
742 250 774 500
724 750 763 1000
722 500 765 750
693 0 747 250
687 250 742 500
642 500 722 750
625 750 724 1000
584 0 693 250
575 250 687 500
528 500 642 750
507 750 625 1000
434 0 584 250
423 250 575 500
343 500 528 750
303 750 507 1000
0 750 303 1000
0 500 343 750
0 250 423 500
0 0 434 250
861 0 864 250
846 750 864 1000
845 250 878 500
831 500 866 750
821 0 861 250
785 500 831 750
780 750 846 1000
769 250 845 500
743 0 821 250
696 750 780 1000
688 500 785 750
653 250 769 500
622 0 743 250
575 750 696 1000
557 500 688 750
520 250 653 500
380 250 520 500
378 500 557 750
300 750 575 1000
0 750 300 1000
0 500 378 750
0 250 380 500
0 0 622 250
774 250 781 500
753 750 793 1000
750 500 793 750
747 0 798 250
721 250 774 500
695 500 750 750
687 750 753 1000
660 0 747 250
626 250 721 500
594 500 695 750
562 750 687 1000
531 0 660 250
494 250 626 500
456 500 594 750
422 750 562 1000
373 0 531 250
332 250 494 500
269 500 456 750
228 750 422 1000
0 750 228 1000
0 500 269 750
0 250 332 500
0 0 373 250
827 0 828 250
820 0 827 250
818 750 828 1000
807 0 820 250
804 750 818 1000
801 500 833 750
769 250 839 500
728 750 804 1000
713 0 807 250
706 500 801 750
668 250 769 500
619 750 728 1000
596 500 706 750
592 0 713 250
546 250 668 500
422 0 592 250
349 250 546 500
339 500 596 750
317 750 619 1000
0 750 317 1000
0 500 339 750
0 250 349 500
0 0 422 250
666 750 668 1000
655 750 666 1000
648 250 673 500
644 0 671 250
620 750 655 1000
613 250 648 500
609 500 671 750
571 0 644 250
537 250 613 500
523 500 609 750
521 750 620 1000
471 0 571 250
416 250 537 500
402 500 523 750
390 750 521 1000
338 0 471 250
260 250 416 500
235 500 402 750
213 750 390 1000
0 750 213 1000
0 500 235 750
0 250 260 500
0 0 338 250
827 250 828 500
818 250 827 500
816 500 830 750
802 500 816 750
800 250 818 500
799 0 831 250
793 750 834 1000
742 0 799 250
739 250 800 500
734 500 802 750
720 750 793 1000
658 250 739 500
644 0 742 250
611 750 720 1000
594 500 734 750
502 0 644 250
467 250 658 500
375 500 594 750
306 750 611 1000
0 750 306 1000
0 500 375 750
0 250 467 500
0 0 502 250
793 0 796 250
791 750 811 1000
790 250 812 500
768 750 791 1000
765 0 793 250
757 250 790 500
756 500 800 750
702 500 756 750
701 250 757 500
701 0 765 250
686 750 768 1000
606 250 701 500
596 0 701 250
577 500 702 750
558 750 686 1000
452 0 596 250
440 250 606 500
340 500 577 750
289 750 558 1000
0 750 289 1000
0 500 340 750
0 250 440 500
0 0 452 250
728 0 731 250
726 500 733 750
718 250 731 500
716 750 731 1000
713 0 728 250
708 500 726 750
694 750 716 1000
686 0 713 250
658 750 694 1000
653 500 708 750
647 250 718 500
609 0 686 250
574 750 658 1000
546 250 647 500
540 500 653 750
489 0 609 250
422 250 546 500
389 500 540 750
330 750 574 1000
0 750 330 1000
0 500 389 750
0 250 422 500
0 0 489 250
785 250 789 500
781 250 785 500
775 250 781 500
767 250 775 500
760 750 795 1000
758 0 798 250
754 500 800 750
718 250 767 500
709 750 760 1000
700 500 754 750
700 0 758 250
621 250 718 500
591 500 700 750
578 750 709 1000
568 0 700 250
445 750 578 1000
440 250 621 500
408 500 591 750
232 750 445 1000
0 750 232 1000
0 500 408 750
0 250 440 500
0 0 568 250
681 250 710 500
659 750 701 1000
652 500 700 750
622 0 688 250
604 250 681 500
574 750 659 1000
567 500 652 750
526 0 622 250
507 250 604 500
461 750 574 1000
453 500 567 750
409 0 526 250
388 250 507 500
329 500 453 750
328 750 461 1000
272 0 409 250
233 250 388 500
167 750 328 1000
167 500 329 750
0 750 167 1000
0 500 167 750
0 250 233 500
0 0 272 250
809 0 822 250
798 750 821 1000
787 500 810 750
779 0 809 250
777 250 809 500
764 750 798 1000
753 500 787 750
743 250 777 500
707 250 743 500
689 0 779 250
665 750 764 1000
652 500 753 750
569 250 707 500
537 0 689 250
507 750 665 1000
489 500 652 750
374 250 569 500
287 500 489 750
259 750 507 1000
0 750 259 1000
0 500 287 750
0 250 374 500
0 0 537 250
641 500 643 750
638 750 645 1000
636 0 648 250
629 250 642 500
609 0 636 250
608 750 638 1000
604 500 641 750
565 500 604 750
565 0 609 250
564 250 629 500
536 750 608 1000
488 0 565 250
474 250 564 500
443 750 536 1000
437 500 565 750
356 0 488 250
295 250 474 500
247 500 437 750
230 750 443 1000
0 750 230 1000
0 500 247 750
0 250 295 500
0 0 356 250
721 500 726 750
720 250 737 500
696 750 721 1000
690 0 728 250
679 500 721 750
674 250 720 500
648 750 696 1000
640 0 690 250
596 750 648 1000
590 500 679 750
582 250 674 500
540 0 640 250
479 250 582 500
471 750 596 1000
458 500 590 750
397 0 540 250
324 250 479 500
267 500 458 750
248 750 471 1000
0 750 248 1000
0 500 267 750
0 250 324 500
0 0 397 250
829 250 837 500
820 500 831 750
819 0 834 250
811 750 837 1000
802 250 829 500
785 500 820 750
769 0 819 250
759 750 811 1000
734 250 802 500
717 500 785 750
700 0 769 250
685 750 759 1000
657 250 734 500
633 500 717 750
600 0 700 250
559 750 685 1000
507 250 657 500
415 500 633 750
316 750 559 1000
0 750 316 1000
0 500 415 750
0 250 507 500
0 0 600 250
818 0 823 250
813 0 818 250
809 250 826 500
801 500 821 750
799 750 832 1000
773 0 813 250
759 250 809 500
736 750 799 1000
735 500 801 750
683 250 759 500
674 0 773 250
558 0 674 250
547 250 683 500
541 750 736 1000
530 500 735 750
353 0 558 250
313 250 547 500
284 500 530 750
272 750 541 1000
0 750 272 1000
0 500 284 750
0 250 313 500
0 0 353 250
735 250 736 500
735 0 744 250
733 750 743 1000
731 500 746 750
713 250 735 500
691 500 731 750
690 750 733 1000
676 0 735 250
649 250 713 500
626 750 690 1000
607 0 676 250
600 500 691 750
506 0 607 250
495 500 600 750
488 750 626 1000
479 250 649 500
303 250 479 500
281 500 495 750
258 750 488 1000
0 750 258 1000
0 500 281 750
0 250 303 500
0 0 506 250
715 500 718 750
712 500 715 750
699 500 712 750
697 750 716 1000
696 250 716 500
673 250 696 500
670 0 721 250
644 500 699 750
639 750 697 1000
610 250 673 500
587 0 670 250
549 750 639 1000
546 500 644 750
505 250 610 500
407 500 546 750
389 750 549 1000
343 250 505 500
241 500 407 750
202 750 389 1000
0 750 202 1000
0 500 241 750
0 250 343 500
0 0 587 250
676 0 682 250
674 500 684 750
674 250 684 500
667 750 680 1000
659 250 674 500
657 0 676 250
645 750 667 1000
634 500 674 750
611 250 659 500
584 500 634 750
566 750 645 1000
561 0 657 250
510 250 611 500
477 500 584 750
425 750 566 1000
412 0 561 250
354 250 510 500
299 500 477 750
232 750 425 1000
0 750 232 1000
0 500 299 750
0 250 354 500
0 0 412 250
813 750 815 1000
813 250 820 500
803 0 825 250
788 250 813 500
786 500 822 750
766 750 813 1000
754 0 803 250
737 250 788 500
730 500 786 750
664 500 730 750
663 250 737 500
661 0 754 250
651 750 766 1000
538 250 663 500
523 500 664 750
504 750 651 1000
363 250 538 500
345 500 523 750
311 750 504 1000
0 750 311 1000
0 500 345 750
0 250 363 500
0 0 661 250
872 0 873 250
868 500 877 750
864 750 876 1000
859 250 872 500
857 0 872 250
852 500 868 750
823 500 852 750
817 250 859 500
814 750 864 1000
802 0 857 250
762 500 823 750
728 750 814 1000
727 250 817 500
661 500 762 750
608 250 727 500
582 750 728 1000
496 500 661 750
317 500 496 750
298 750 582 1000
0 750 298 1000
0 500 317 750
0 250 608 500
0 0 802 250
717 0 731 250
715 750 730 1000
698 750 715 1000
697 250 718 500
695 0 717 250
692 500 719 750
663 250 697 500
656 500 692 750
655 0 695 250
654 750 698 1000
615 250 663 500
604 0 655 250
603 500 656 750
598 750 654 1000
554 250 615 500
535 500 603 750
460 750 598 1000
370 500 535 750
281 750 460 1000
0 750 281 1000
0 500 370 750
0 250 554 500
0 0 604 250
694 0 696 250
691 750 698 1000
683 750 691 1000
683 0 694 250
682 500 700 750
672 250 695 500
657 500 682 750
654 0 683 250
651 750 683 1000
613 0 654 250
578 750 651 1000
565 250 672 500
542 500 657 750
447 250 565 500
413 500 542 750
410 750 578 1000
270 250 447 500
234 500 413 750
212 750 410 1000
0 750 212 1000
0 500 234 750
0 250 270 500
0 0 613 250
829 0 845 250
820 250 837 500
816 500 833 750
815 750 838 1000
794 250 820 500
780 750 815 1000
778 0 829 250
760 500 816 750
716 250 794 500
669 500 760 750
665 0 778 250
641 750 780 1000
557 250 716 500
503 500 669 750
498 0 665 250
448 750 641 1000
359 250 557 500
291 500 503 750
233 750 448 1000
0 750 233 1000
0 500 291 750
0 250 359 500
0 0 498 250
833 0 838 250
832 750 843 1000
826 250 841 500
809 750 832 1000
806 0 833 250
798 250 826 500
796 500 835 750
735 250 798 500
725 500 796 750
710 0 806 250
709 750 809 1000
607 750 709 1000
606 0 710 250
605 250 735 500
580 500 725 750
448 0 606 250
402 250 605 500
354 500 580 750
319 750 607 1000
0 750 319 1000
0 500 354 750
0 250 402 500
0 0 448 250
787 0 789 250
785 250 787 500
781 750 791 1000
774 0 787 250
762 750 781 1000
755 0 774 250
739 750 762 1000
736 250 785 500
735 500 790 750
697 0 755 250
663 500 735 750
663 250 736 500
656 750 739 1000
563 750 656 1000
555 500 663 750
494 0 697 250
454 250 663 500
328 500 555 750
305 750 563 1000
0 750 305 1000
0 500 328 750
0 250 454 500
0 0 494 250
821 500 827 750
814 750 823 1000
810 500 821 750
810 250 831 500
809 0 832 250
773 750 814 1000
769 500 810 750
768 0 809 250
767 250 810 500
721 0 768 250
718 250 767 500
713 500 769 750
664 0 721 250
630 500 713 750
624 250 718 500
623 750 773 1000
387 250 624 500
381 500 630 750
344 750 623 1000
0 750 344 1000
0 500 381 750
0 250 387 500
0 0 664 250
