877 125 887 250
869 625 886 750
866 875 886 1000
857 750 884 875
852 0 879 125
849 125 877 250
827 500 886 625
822 250 882 375
804 375 887 500
776 875 866 1000
776 625 869 750
763 750 857 875
737 125 849 250
714 500 827 625
708 250 822 375
686 375 804 500
653 625 776 750
641 875 776 1000
625 750 763 875
546 125 737 250
515 250 708 375
484 375 686 500
471 500 714 625
409 625 653 750
339 750 625 875
336 875 641 1000
0 875 336 1000
0 750 339 875
0 625 409 750
0 500 471 625
0 375 484 500
0 250 515 375
0 125 546 250
0 0 852 125
935 375 943 500
931 0 942 125
930 625 943 750
929 875 962 1000
905 500 944 625
901 250 941 375
887 625 930 750
883 375 935 500
873 875 929 1000
873 0 931 125
867 750 953 875
862 125 952 250
798 250 901 375
778 375 883 500
777 500 905 625
724 750 867 875
718 625 887 750
702 0 873 125
682 125 862 250
675 875 873 1000
587 250 798 375
540 375 778 500
538 500 777 625
457 625 718 750
451 750 724 875
379 875 675 1000
0 875 379 1000
0 750 451 875
0 625 457 750
0 500 538 625
0 375 540 500
0 250 587 375
0 125 682 250
0 0 702 125
919 250 921 375
917 250 919 375
915 250 917 375
914 750 934 875
889 500 933 625
887 625 931 750
880 375 925 500
866 250 915 375
854 750 914 875
844 0 930 125
843 875 946 1000
838 125 942 250
757 250 866 375
755 375 880 500
741 625 887 750
730 500 889 625
693 750 854 875
671 0 844 125
650 125 838 250
635 875 843 1000
545 250 757 375
541 375 755 500
493 500 730 625
454 625 741 750
401 750 693 875
341 875 635 1000
0 875 341 1000
0 750 401 875
0 625 454 750
0 500 493 625
0 375 541 500
0 250 545 375
0 125 650 250
0 0 671 125
916 0 918 125
915 250 918 375
914 750 918 875
914 625 920 750
911 875 918 1000
902 875 911 1000
902 625 914 750
902 250 915 375
899 375 917 500
883 250 902 375
874 125 924 250
843 375 899 500
830 500 917 625
794 250 883 375
787 625 902 750
758 125 874 250
749 750 914 875
747 0 916 125
733 875 902 1000
580 125 758 250
567 250 794 375
542 375 843 500
525 500 830 625
472 625 787 750
398 750 749 875
374 875 733 1000
0 875 374 1000
0 750 398 875
0 625 472 750
0 500 525 625
0 375 542 500
0 250 567 375
0 125 580 250
0 0 747 125
946 125 948 250
942 625 950 750
940 875 956 1000
937 0 956 125
936 250 957 375
911 250 936 375
904 0 937 125
902 750 948 875
895 375 954 500
894 500 957 625
879 125 946 250
870 625 942 750
816 0 904 125
782 500 894 625
771 375 895 500
768 250 911 375
716 625 870 750
711 125 879 250
708 750 902 875
701 875 940 1000
508 250 768 375
496 375 771 500
486 500 782 625
407 625 716 750
391 750 708 875
368 875 701 1000
0 875 368 1000
0 750 391 875
0 625 407 750
0 500 486 625
0 375 496 500
0 250 508 375
0 125 711 250
0 0 816 125
