779 625 780 750
776 125 783 250
772 875 784 1000
761 375 786 500
751 750 793 875
734 625 779 750
678 375 761 500
663 750 751 875
639 625 734 750
639 125 776 250
634 875 772 1000
611 500 798 625
592 250 787 375
483 375 678 500
377 500 611 625
362 625 639 750
354 750 663 875
324 875 634 1000
0 875 324 1000
0 750 354 875
0 625 362 750
0 500 377 625
0 375 483 500
0 250 592 375
0 125 639 250
0 0 848 125
872 625 882 750
857 250 878 375
851 625 872 750
798 500 876 625
797 750 880 875
789 875 897 1000
786 375 900 500
772 0 924 125
729 125 894 250
677 250 857 375
657 625 851 750
585 375 786 500
576 750 797 875
576 500 798 625
542 875 789 1000
406 625 657 750
310 750 576 875
271 875 542 1000
0 875 271 1000
0 750 310 875
0 625 406 750
0 500 576 625
0 375 585 500
0 250 677 375
0 125 729 250
0 0 772 125
743 250 749 375
741 125 752 250
728 125 741 250
721 625 746 750
717 875 748 1000
706 375 757 500
693 500 746 625
654 0 756 125
605 875 717 1000
597 625 721 750
585 750 773 875
537 125 728 250
536 250 743 375
451 375 706 500
436 500 693 625
337 625 597 750
312 750 585 875
303 875 605 1000
0 875 303 1000
0 750 312 875
0 625 337 750
0 500 436 625
0 375 451 500
0 250 536 375
0 125 537 250
0 0 654 125
878 600 884 800
870 600 878 800
868 800 878 1000
854 200 879 400
853 400 886 600
851 0 889 200
805 200 854 400
802 400 853 600
797 800 868 1000
784 600 870 800
706 200 805 400
697 800 797 1000
695 400 802 600
676 600 784 800
564 400 695 600
535 600 676 800
513 800 697 1000
510 200 706 400
362 400 564 600
308 600 535 800
279 800 513 1000
0 800 279 1000
0 600 308 800
0 400 362 600
0 200 510 400
0 0 851 200
746 400 747 600
742 0 752 200
735 600 747 800
734 800 750 1000
727 400 746 600
727 200 756 400
707 0 742 200
675 400 727 600
671 800 734 1000
661 200 727 400
654 600 735 800
616 0 707 200
538 200 661 400
513 400 675 600
507 800 671 1000
484 600 654 800
438 0 616 200
351 200 538 400
322 400 513 600
261 600 484 800
256 800 507 1000
0 800 256 1000
0 600 261 800
0 400 322 600
0 200 351 400
0 0 438 200
831 800 841 1000
831 200 842 400
825 400 838 600
819 0 834 200
809 200 831 400
805 600 835 800
800 800 831 1000
790 400 825 600
761 600 805 800
756 800 800 1000
751 200 809 400
695 400 790 600
665 600 761 800
651 200 751 400
650 800 756 1000
584 400 695 600
551 600 665 800
519 800 650 1000
445 400 584 600
322 600 551 800
276 800 519 1000
0 800 276 1000
0 600 322 800
0 400 445 600
0 200 651 400
0 0 819 200
825 800 832 1000
824 400 840 600
783 800 825 1000
781 600 829 800
774 0 828 200
768 400 824 600
767 200 826 400
721 800 783 1000
708 600 781 800
684 200 767 400
677 400 768 600
648 0 774 200
593 800 721 1000
577 600 708 800
551 200 684 400
542 400 677 600
456 800 593 1000
412 200 551 400
401 400 542 600
398 600 577 800
273 800 456 1000
0 800 273 1000
0 600 398 800
0 400 401 600
0 200 412 400
0 0 648 200
796 0 797 200
794 0 796 200
793 200 803 400
756 0 794 200
753 200 793 400
752 600 807 800
752 400 815 600
740 800 805 1000
673 800 740 1000
673 200 753 400
669 600 752 800
656 400 752 600
572 200 673 400
567 600 669 800
562 800 673 1000
538 400 656 600
414 800 562 1000
410 600 567 800
358 400 538 600
223 600 410 800
219 800 414 1000
0 800 219 1000
0 600 223 800
0 400 358 600
0 200 572 400
0 0 756 200
824 250 857 375
823 125 864 250
815 750 872 875
806 625 866 750
759 250 824 375
725 875 828 1000
724 375 853 500
721 500 874 625
703 0 857 125
667 125 823 250
652 750 815 875
642 625 806 750
578 250 759 375
536 375 724 500
522 500 721 625
424 625 642 750
413 750 652 875
398 875 725 1000
0 875 398 1000
0 750 413 875
0 625 424 750
0 500 522 625
0 375 536 500
0 250 578 375
0 125 667 250
0 0 703 125
707 375 709 500
705 750 724 875
688 875 708 1000
685 500 707 625
683 375 707 500
679 625 717 750
672 250 728 375
615 250 672 375
602 375 683 500
598 500 685 625
593 875 688 1000
583 625 679 750
579 750 705 875
467 375 602 500
376 500 598 625
335 625 583 750
305 750 579 875
297 875 593 1000
0 875 297 1000
0 750 305 875
0 625 335 750
0 500 376 625
0 375 467 500
0 250 615 375
0 125 725 250
0 0 847 125
849 500 861 625
848 250 870 375
846 625 869 750
846 375 872 500
843 875 880 1000
836 125 874 250
803 750 849 875
794 875 843 1000
788 625 846 750
775 375 846 500
774 500 849 625
766 250 848 375
658 250 766 375
617 375 775 500
613 500 774 625
498 625 788 750
468 750 803 875
407 875 794 1000
0 875 407 1000
0 750 468 875
0 625 498 750
0 500 613 625
0 375 617 500
0 250 658 375
0 125 836 250
0 0 952 125
887 125 896 250
881 875 905 1000
864 375 893 500
859 500 890 625
852 125 887 250
847 625 898 750
794 500 859 625
775 375 864 500
758 125 852 250
755 875 881 1000
719 625 847 750
717 750 887 875
704 250 893 375
584 375 775 500
576 500 794 625
496 625 719 750
464 750 717 875
454 875 755 1000
0 875 454 1000
0 750 464 875
0 625 496 750
0 500 576 625
0 375 584 500
0 250 704 375
0 125 758 250
0 0 926 125
707 875 712 1000
707 125 726 250
688 125 707 250
682 250 708 375
681 750 726 875
667 625 718 750
666 500 717 625
665 375 722 500
592 500 666 625
591 625 667 750
573 875 707 1000
544 250 682 375
540 750 681 875
522 375 665 500
427 500 592 625
372 625 591 750
321 750 540 875
301 875 573 1000
0 875 301 1000
0 750 321 875
0 625 372 750
0 500 427 625
0 375 522 500
0 250 544 375
0 125 688 250
0 0 769 125
838 250 848 375
833 750 847 875
824 0 848 125
795 125 839 250
787 250 838 375
767 750 833 875
758 375 876 500
752 625 897 750
732 875 883 1000
716 500 875 625
646 0 824 125
612 125 795 250
586 250 787 375
509 375 758 500
464 500 716 625
452 625 752 750
448 750 767 875
371 875 732 1000
0 875 371 1000
0 750 448 875
0 625 452 750
0 500 464 625
0 375 509 500
0 250 586 375
0 125 612 250
0 0 646 125
713 500 724 625
709 375 752 500
704 0 765 125
658 125 746 250
652 875 745 1000
629 250 726 375
621 750 719 875
620 625 725 750
600 500 713 625
584 0 704 125
563 375 709 500
499 125 658 250
469 250 629 375
400 375 563 500
376 500 600 625
347 625 620 750
345 750 621 875
330 875 652 1000
0 875 330 1000
0 750 345 875
0 625 347 750
0 500 376 625
0 375 400 500
0 250 469 375
0 125 499 250
0 0 584 125
