891 0 906 500
889 500 908 1000
861 500 889 1000
857 0 891 500
825 500 861 1000
809 0 857 500
763 500 825 1000
746 0 809 500
672 0 746 500
669 500 763 1000
536 0 672 500
526 500 669 1000
385 0 536 500
366 500 526 1000
208 0 385 500
183 500 366 1000
0 500 183 1000
0 0 208 500
903 0 914 500
898 500 914 1000
886 0 903 500
881 500 898 1000
859 500 881 1000
853 0 886 500
792 500 859 1000
773 0 853 500
711 500 792 1000
687 0 773 500
604 500 711 1000
578 0 687 500
450 0 578 500
449 500 604 1000
259 0 450 500
240 500 449 1000
0 500 240 1000
0 0 259 500
887 500 889 1000
881 500 887 1000
880 0 899 500
861 500 881 1000
858 0 880 500
838 500 861 1000
833 0 858 500
803 500 838 1000
787 0 833 500
750 500 803 1000
683 500 750 1000
656 0 787 500
521 500 683 1000
477 0 656 500
296 0 477 500
269 500 521 1000
0 500 269 1000
0 0 296 500
901 500 917 1000
900 0 918 500
881 0 900 500
879 500 901 1000
854 0 881 500
840 500 879 1000
812 0 854 500
797 500 840 1000
757 0 812 500
733 500 797 1000
663 500 733 1000
643 0 757 500
512 0 643 500
501 500 663 1000
338 0 512 500
292 500 501 1000
0 500 292 1000
0 0 338 500
895 0 901 500
883 0 895 500
872 500 896 1000
852 0 883 500
831 500 872 1000
810 0 852 500
789 500 831 1000
764 0 810 500
729 500 789 1000
697 0 764 500
606 0 697 500
596 500 729 1000
447 0 606 500
414 500 596 1000
252 0 447 500
218 500 414 1000
0 500 218 1000
0 0 252 500
923 500 929 1000
916 500 923 1000
916 0 926 500
899 0 916 500
880 0 899 500
879 500 916 1000
830 0 880 500
826 500 879 1000
758 500 826 1000
756 0 830 500
678 0 756 500
627 500 758 1000
528 0 678 500
468 500 627 1000
361 0 528 500
253 500 468 1000
0 500 253 1000
0 0 361 500
957 500 958 1000
955 500 957 1000
953 500 955 1000
939 500 953 1000
936 0 958 500
891 0 936 500
888 500 939 1000
827 500 888 1000
814 0 891 500
740 500 827 1000
727 0 814 500
630 0 727 500
619 500 740 1000
493 0 630 500
349 0 493 500
313 500 619 1000
0 500 313 1000
0 0 349 500
878 500 880 1000
876 500 878 1000
870 0 885 500
855 0 870 500
838 0 855 500
833 500 876 1000
783 0 838 500
776 500 833 1000
702 500 776 1000
701 0 783 500
609 0 701 500
593 500 702 1000
474 500 593 1000
457 0 609 500
281 0 457 500
278 500 474 1000
0 500 278 1000
0 0 281 500
952 0 956 500
948 0 952 500
944 500 959 1000
928 0 948 500
903 500 944 1000
885 0 928 500
838 0 885 500
837 500 903 1000
755 500 837 1000
747 0 838 500
652 500 755 1000
630 0 747 500
488 500 652 1000
461 0 630 500
269 0 461 500
246 500 488 1000
0 500 246 1000
0 0 269 500
878 500 889 1000
875 0 888 500
864 500 878 1000
854 0 875 500
830 500 864 1000
787 500 830 1000
786 0 854 500
700 500 787 1000
696 0 786 500
587 500 700 1000
581 0 696 500
467 500 587 1000
461 0 581 500
345 500 467 1000
319 0 461 500
176 500 345 1000
0 500 176 1000
0 0 319 500
904 500 909 1000
898 500 904 1000
898 0 920 500
874 0 898 500
873 500 898 1000
841 0 874 500
829 500 873 1000
785 0 841 500
726 0 785 500
724 500 829 1000
616 0 726 500
582 500 724 1000
456 0 616 500
411 500 582 1000
284 0 456 500
226 500 411 1000
0 500 226 1000
0 0 284 500
951 0 957 500
933 500 952 1000
927 0 951 500
909 500 933 1000
896 0 927 500
862 0 896 500
853 500 909 1000
806 0 862 500
770 500 853 1000
721 0 806 500
676 500 770 1000
609 0 721 500
561 500 676 1000
475 0 609 500
302 0 475 500
297 500 561 1000
0 500 297 1000
0 0 302 500
924 500 930 1000
910 0 929 500
904 500 924 1000
883 500 904 1000
857 500 883 1000
856 0 910 500
800 0 856 500
790 500 857 1000
733 0 800 500
709 500 790 1000
646 0 733 500
603 500 709 1000
527 0 646 500
454 500 603 1000
366 0 527 500
291 500 454 1000
0 500 291 1000
0 0 366 500
885 500 900 1000
876 0 902 500
846 500 885 1000
835 0 876 500
802 500 846 1000
789 0 835 500
741 0 789 500
738 500 802 1000
668 500 738 1000
664 0 741 500
583 0 664 500
564 500 668 1000
474 0 583 500
446 500 564 1000
330 0 474 500
257 500 446 1000
0 500 257 1000
0 0 330 500
910 0 912 500
907 500 913 1000
904 0 910 500
883 500 907 1000
878 0 904 500
848 0 878 500
846 500 883 1000
808 0 848 500
803 500 846 1000
753 0 808 500
745 500 803 1000
677 500 745 1000
664 0 753 500
567 0 664 500
513 500 677 1000
268 500 513 1000
0 500 268 1000
0 0 567 500
922 0 924 500
916 500 924 1000
912 0 922 500
902 500 916 1000
885 500 902 1000
883 0 912 500
852 500 885 1000
799 500 852 1000
798 0 883 500
699 0 798 500
695 500 799 1000
589 500 695 1000
584 0 699 500
436 0 584 500
415 500 589 1000
214 500 415 1000
0 500 214 1000
0 0 436 500
928 500 936 1000
921 0 931 500
911 500 928 1000
902 0 921 500
868 0 902 500
861 500 911 1000
801 500 861 1000
788 0 868 500
707 0 788 500
701 500 801 1000
598 0 707 500
584 500 701 1000
474 0 598 500
435 500 584 1000
311 0 474 500
235 500 435 1000
0 500 235 1000
0 0 311 500
901 500 912 1000
890 500 901 1000
877 0 906 500
857 500 890 1000
839 0 877 500
807 500 857 1000
783 0 839 500
742 500 807 1000
711 0 783 500
663 500 742 1000
612 0 711 500
553 500 663 1000
498 0 612 500
434 500 553 1000
311 500 434 1000
179 500 311 1000
0 500 179 1000
0 0 498 500
904 500 906 1000
899 0 907 500
892 500 904 1000
875 500 892 1000
873 0 899 500
849 500 875 1000
835 0 873 500
808 500 849 1000
771 0 835 500
741 500 808 1000
689 0 771 500
637 500 741 1000
513 500 637 1000
503 0 689 500
313 0 503 500
267 500 513 1000
0 500 267 1000
0 0 313 500
922 500 923 1000
916 500 922 1000
894 500 916 1000
891 0 923 500
857 500 894 1000
842 0 891 500
786 500 857 1000
763 0 842 500
707 500 786 1000
683 0 763 500
601 0 683 500
585 500 707 1000
475 0 601 500
454 500 585 1000
315 0 475 500
260 500 454 1000
0 500 260 1000
0 0 315 500
911 500 915 1000
906 500 911 1000
900 0 914 500
882 500 906 1000
858 500 882 1000
848 0 900 500
804 500 858 1000
794 0 848 500
748 500 804 1000
717 0 794 500
665 500 748 1000
633 0 717 500
537 0 633 500
497 500 665 1000
349 0 537 500
249 500 497 1000
0 500 249 1000
0 0 349 500
948 500 956 1000
940 0 956 500
923 500 948 1000
905 0 940 500
861 500 923 1000
839 0 905 500
775 500 861 1000
746 0 839 500
680 500 775 1000
650 0 746 500
580 500 680 1000
539 0 650 500
458 500 580 1000
409 0 539 500
266 0 409 500
262 500 458 1000
0 500 262 1000
0 0 266 500
935 0 949 500
931 500 948 1000
913 500 931 1000
902 0 935 500
878 500 913 1000
867 0 902 500
840 500 878 1000
807 0 867 500
778 500 840 1000
738 0 807 500
707 500 778 1000
618 500 707 1000
601 0 738 500
473 500 618 1000
449 0 601 500
296 500 473 1000
0 500 296 1000
0 0 449 500
908 0 913 500
903 500 911 1000
886 0 908 500
874 500 903 1000
834 500 874 1000
834 0 886 500
770 500 834 1000
764 0 834 500
679 0 764 500
677 500 770 1000
570 0 679 500
566 500 677 1000
452 0 570 500
440 500 566 1000
270 0 452 500
248 500 440 1000
0 500 248 1000
0 0 270 500
927 0 929 500
923 0 927 500
921 500 927 1000
913 500 921 1000
906 0 923 500
892 500 913 1000
869 500 892 1000
868 0 906 500
821 0 868 500
818 500 869 1000
764 500 818 1000
750 0 821 500
661 500 764 1000
580 0 750 500
377 0 580 500
361 500 661 1000
0 500 361 1000
0 0 377 500
896 500 903 1000
884 0 904 500
868 500 896 1000
833 500 868 1000
831 0 884 500
778 500 833 1000
766 0 831 500
709 500 778 1000
684 0 766 500
622 500 709 1000
597 0 684 500
526 500 622 1000
498 0 597 500
402 500 526 1000
326 0 498 500
219 500 402 1000
0 500 219 1000
0 0 326 500
