815 0 828 500
757 0 815 500
740 500 827 1000
649 500 740 1000
554 500 649 1000
455 500 554 1000
349 500 455 1000
188 500 349 1000
0 500 188 1000
0 0 757 500
738 500 753 1000
706 500 738 1000
668 0 754 500
598 500 706 1000
527 0 668 500
456 500 598 1000
336 0 527 500
260 500 456 1000
0 500 260 1000
0 0 336 500
836 0 838 500
809 0 836 500
804 500 884 1000
702 0 809 500
687 500 804 1000
577 0 702 500
560 500 687 1000
352 500 560 1000
0 500 352 1000
0 0 577 500
732 500 776 1000
681 500 732 1000
676 0 734 500
614 500 681 1000
604 0 676 500
519 0 604 500
464 500 614 1000
246 500 464 1000
0 500 246 1000
0 0 519 500
825 0 852 500
816 500 880 1000
719 0 825 500
703 500 816 1000
581 0 719 500
525 500 703 1000
387 0 581 500
301 500 525 1000
0 500 301 1000
0 0 387 500
731 0 744 500
702 0 731 500
700 500 740 1000
659 0 702 500
606 0 659 500
515 500 700 1000
393 0 606 500
263 500 515 1000
0 500 263 1000
0 0 393 500
