574 966 745 1000
745 822 882 1000
574 822 745 966
876 0 1000 822
574 0 876 822
0 531 574 1000
0 0 574 531
810 735 1000 787
880 424 1000 735
471 735 810 1000
471 424 880 735
0 610 471 1000
471 0 1000 424
0 0 471 610
0 994 559 1000
709 940 875 1000
709 749 875 940
559 749 709 1000
559 519 1000 749
559 0 1000 519
0 0 559 994
0 885 337 1000
601 781 862 1000
601 542 1000 781
807 0 1000 542
337 542 601 1000
337 0 807 542
0 0 337 885
918 708 1000 728
544 945 918 1000
544 708 918 945
544 490 1000 708
0 753 544 1000
544 0 1000 490
0 0 544 753
898 235 1000 503
510 746 794 1000
510 503 1000 746
248 503 510 1000
248 235 898 503
248 0 1000 235
0 0 248 1000
0 985 271 1000
829 584 1000 755
569 584 829 1000
271 584 569 1000
683 0 1000 584
271 0 683 584
0 0 271 985
0 933 282 1000
690 683 1000 860
690 487 1000 683
735 0 1000 487
282 487 690 1000
282 0 735 487
0 0 282 933
983 0 1000 420
804 639 1000 811
804 420 1000 639
0 852 341 1000
341 420 804 1000
341 0 983 420
0 0 341 852
530 939 660 1000
822 699 1000 773
660 699 822 1000
660 551 1000 699
530 551 660 939
530 0 1000 551
0 0 530 1000
842 676 1000 840
839 0 1000 421
491 676 842 1000
491 421 1000 676
252 421 491 1000
252 0 839 421
0 0 252 1000
737 439 1000 754
447 754 787 1000
447 439 737 754
783 0 1000 439
0 743 447 1000
447 0 783 439
0 0 447 743
819 716 1000 764
0 970 386 1000
819 518 1000 716
386 767 819 1000
386 518 819 767
386 0 1000 518
0 0 386 970
816 681 1000 687
943 425 1000 681
939 0 1000 425
526 681 816 1000
526 425 943 681
526 0 939 425
0 0 526 1000
347 985 705 1000
974 0 1000 362
876 362 1000 894
705 362 876 894
347 362 705 985
347 0 974 362
0 0 347 1000
879 0 1000 234
520 670 867 1000
520 416 1000 670
308 416 520 1000
308 234 1000 416
308 0 879 234
0 0 308 1000
254 982 626 1000
626 717 813 1000
626 460 1000 717
725 0 1000 460
254 460 626 982
254 0 725 460
0 0 254 1000
730 600 1000 800
585 600 730 1000
585 441 1000 600
585 280 1000 441
585 0 1000 280
0 734 585 1000
0 0 585 734
990 0 1000 365
0 930 422 1000
679 658 1000 898
422 658 679 1000
422 365 1000 658
422 0 990 365
0 0 422 930
0 904 446 1000
818 398 1000 741
786 0 1000 398
446 741 898 1000
446 398 818 741
446 0 786 398
0 0 446 904
846 736 1000 786
959 0 1000 376
838 376 1000 736
442 736 846 1000
442 376 838 736
442 0 959 376
0 0 442 1000
466 954 687 1000
687 740 809 1000
687 508 1000 740
466 508 687 954
0 609 466 1000
466 0 1000 508
0 0 466 609
827 825 1000 861
728 825 827 1000
728 691 1000 825
896 0 1000 445
728 445 1000 691
728 0 896 445
0 0 728 1000
996 0 1000 521
0 969 461 1000
683 711 845 1000
683 521 1000 711
461 521 683 1000
461 0 996 521
0 0 461 969
955 0 1000 344
0 734 347 1000
347 773 782 1000
711 344 1000 773
347 344 711 773
347 0 955 344
0 0 347 734
987 425 1000 706
0 918 334 1000
722 706 1000 876
722 425 987 706
334 425 722 1000
334 0 1000 425
0 0 334 918
961 368 1000 841
924 0 1000 368
292 834 633 1000
633 368 961 841
292 368 633 834
292 0 924 368
0 0 292 1000
957 286 1000 577
761 577 1000 814
412 577 761 1000
0 638 412 1000
412 286 957 577
412 0 1000 286
0 0 412 638
