926 250 930 500
925 0 932 250
920 500 927 750
915 250 926 500
909 500 920 750
909 0 925 250
905 750 928 1000
883 0 909 250
882 500 909 750
882 250 915 500
870 750 905 1000
844 500 882 750
837 0 883 250
836 250 882 500
813 750 870 1000
747 750 813 1000
740 250 836 500
738 500 844 750
728 0 837 250
547 0 728 250
542 250 740 500
529 500 738 750
527 750 747 1000
307 0 547 250
301 250 542 500
277 500 529 750
271 750 527 1000
0 750 271 1000
0 500 277 750
0 250 301 500
0 0 307 250
959 0 968 250
942 750 964 1000
942 250 964 500
937 0 959 250
935 500 964 750
911 750 942 1000
911 250 942 500
901 0 937 250
898 500 935 750
872 750 911 1000
869 250 911 500
852 0 901 250
846 500 898 750
817 250 869 500
815 750 872 1000
794 0 852 250
771 500 846 750
711 750 815 1000
709 250 817 500
686 0 794 250
652 500 771 750
591 750 711 1000
585 250 709 500
489 0 686 250
378 250 585 500
376 500 652 750
304 750 591 1000
0 750 304 1000
0 500 376 750
0 250 378 500
0 0 489 250
943 500 945 750
937 0 945 250
932 500 943 750
925 0 937 250
903 0 925 250
901 500 932 750
901 250 950 500
898 750 949 1000
837 500 901 750
837 250 901 500
833 750 898 1000
825 0 903 250
753 500 837 750
748 750 833 1000
746 250 837 500
727 0 825 250
632 250 746 500
616 500 753 750
611 750 748 1000
579 0 727 250
462 500 616 750
461 250 632 500
439 750 611 1000
390 0 579 250
271 250 461 500
252 500 462 750
226 750 439 1000
0 750 226 1000
0 500 252 750
0 250 271 500
0 0 390 250
922 500 923 750
922 0 923 250
917 250 924 500
916 750 924 1000
913 0 922 250
907 500 922 750
895 250 917 500
890 0 913 250
870 250 895 500
869 750 916 1000
857 500 907 750
834 0 890 250
813 250 870 500
793 500 857 750
788 750 869 1000
719 250 813 500
713 0 834 250
667 750 788 1000
666 500 793 750
592 250 719 500
583 0 713 250
537 750 667 1000
520 500 666 750
428 0 583 250
402 250 592 500
310 500 520 750
296 750 537 1000
0 750 296 1000
0 500 310 750
0 250 402 500
0 0 428 250
934 0 936 250
933 250 942 500
929 500 940 750
919 250 933 500
919 0 934 250
918 750 934 1000
911 500 929 750
900 250 919 500
899 0 919 250
896 750 918 1000
888 500 911 750
871 750 896 1000
860 500 888 750
858 0 899 250
843 250 900 500
812 750 871 1000
781 500 860 750
779 0 858 250
756 250 843 500
714 750 812 1000
660 500 781 750
655 0 779 250
619 250 756 500
490 0 655 250
446 250 619 500
383 500 660 750
363 750 714 1000
0 750 363 1000
0 500 383 750
0 250 446 500
0 0 490 250
961 250 962 500
961 0 964 250
958 750 969 1000
946 750 958 1000
946 0 961 250
944 250 961 500
942 500 963 750
918 750 946 1000
901 500 942 750
900 0 946 250
894 250 944 500
849 0 900 250
846 500 901 750
843 750 918 1000
808 250 894 500
755 500 846 750
740 750 843 1000
738 0 849 250
690 250 808 500
630 500 755 750
608 0 738 250
602 750 740 1000
529 250 690 500
468 500 630 750
431 750 602 1000
288 500 468 750
220 750 431 1000
0 750 220 1000
0 500 288 750
0 250 529 500
0 0 608 250
916 250 920 500
914 0 918 250
912 750 918 1000
904 750 912 1000
901 250 916 500
896 0 914 250
890 500 920 750
873 750 904 1000
862 250 901 500
854 0 896 250
845 500 890 750
826 750 873 1000
815 250 862 500
798 500 845 750
798 0 854 250
757 750 826 1000
719 500 798 750
713 0 798 250
711 250 815 500
649 750 757 1000
609 500 719 750
600 250 711 500
590 0 713 250
453 0 590 250
399 250 600 500
391 500 609 750
352 750 649 1000
0 750 352 1000
0 500 391 750
0 250 399 500
0 0 453 250
933 750 937 1000
932 0 944 250
919 750 933 1000
918 500 936 750
913 250 936 500
908 0 932 250
892 500 918 750
874 0 908 250
873 750 919 1000
864 250 913 500
840 500 892 750
820 0 874 250
809 750 873 1000
796 250 864 500
768 500 840 750
730 750 809 1000
730 0 820 250
696 250 796 500
668 500 768 750
607 750 730 1000
595 0 730 250
551 250 696 500
522 500 668 750
436 0 595 250
379 250 551 500
349 500 522 750
318 750 607 1000
0 750 318 1000
0 500 349 750
0 250 379 500
0 0 436 250
968 0 974 250
958 750 974 1000
951 0 968 250
950 500 970 750
948 250 971 500
934 750 958 1000
927 0 951 250
922 500 950 750
914 250 948 500
892 0 927 250
888 750 934 1000
876 500 922 750
864 250 914 500
815 500 876 750
814 750 888 1000
809 0 892 250
763 250 864 500
709 750 814 1000
706 500 815 750
654 250 763 500
596 500 706 750
582 750 709 1000
512 250 654 500
447 500 596 750
427 750 582 1000
287 500 447 750
237 750 427 1000
0 750 237 1000
0 500 287 750
0 250 512 500
0 0 809 250
951 750 954 1000
949 0 952 250
946 750 951 1000
945 250 957 500
944 500 958 750
935 0 949 250
921 0 935 250
917 750 946 1000
912 500 944 750
872 500 912 750
869 0 921 250
862 750 917 1000
861 250 945 500
782 500 872 750
775 0 869 250
755 250 861 500
753 750 862 1000
664 500 782 750
646 0 775 250
610 750 753 1000
603 250 755 500
499 500 664 750
472 0 646 250
424 750 610 1000
416 250 603 500
311 500 499 750
230 750 424 1000
0 750 230 1000
0 500 311 750
0 250 416 500
0 0 472 250
944 500 949 750
941 0 947 250
940 750 952 1000
927 0 941 250
924 750 940 1000
913 500 944 750
907 250 947 500
855 250 907 500
854 500 913 750
853 750 924 1000
852 0 927 250
773 250 855 500
767 0 852 250
765 750 853 1000
762 500 854 750
659 250 773 500
641 500 762 750
639 0 767 250
636 750 765 1000
527 250 659 500
492 500 641 750
488 0 639 250
485 750 636 1000
328 0 488 250
324 250 527 500
276 500 492 750
263 750 485 1000
0 750 263 1000
0 500 276 750
0 250 324 500
0 0 328 250
951 500 966 750
945 750 963 1000
945 250 964 500
939 0 959 250
927 500 951 750
920 250 945 500
919 750 945 1000
888 750 919 1000
886 250 920 500
885 500 927 750
885 0 939 250
832 750 888 1000
828 250 886 500
826 500 885 750
825 0 885 250
762 0 825 250
752 750 832 1000
745 250 828 500
738 500 826 750
665 0 762 250
628 750 752 1000
607 250 745 500
593 500 738 750
438 0 665 250
370 250 607 500
348 500 593 750
335 750 628 1000
0 750 335 1000
0 500 348 750
0 250 370 500
0 0 438 250
923 500 931 750
921 750 930 1000
921 250 930 500
910 250 921 500
906 750 921 1000
906 0 926 250
902 500 923 750
886 250 910 500
856 250 886 500
855 500 902 750
855 0 906 250
847 750 906 1000
795 250 856 500
793 0 855 250
785 500 855 750
721 750 847 1000
664 0 793 250
661 250 795 500
650 500 785 750
582 750 721 1000
521 250 661 500
520 0 664 250
495 500 650 750
363 0 520 250
348 250 521 500
304 500 495 750
300 750 582 1000
0 750 300 1000
0 500 304 750
0 250 348 500
0 0 363 250
939 500 941 750
936 500 939 750
931 500 936 750
926 500 931 750
926 250 946 500
925 0 946 250
916 750 959 1000
880 0 925 250
876 500 926 750
875 250 926 500
858 750 916 1000
811 0 880 250
782 250 875 500
781 500 876 750
763 750 858 1000
715 0 811 250
667 750 763 1000
662 500 781 750
662 250 782 500
580 0 715 250
519 250 662 500
513 500 662 750
493 750 667 1000
370 0 580 250
293 250 519 500
283 500 513 750
252 750 493 1000
0 750 252 1000
0 500 283 750
0 250 293 500
0 0 370 250
951 750 955 1000
947 250 962 500
928 250 947 500
926 750 951 1000
923 500 957 750
923 0 959 250
886 0 923 250
883 750 926 1000
883 250 928 500
876 500 923 750
834 750 883 1000
828 0 886 250
823 250 883 500
813 500 876 750
768 750 834 1000
748 0 828 250
730 500 813 750
723 250 823 500
663 750 768 1000
636 0 748 250
583 500 730 750
574 250 723 500
482 750 663 1000
449 0 636 250
372 250 574 500
367 500 583 750
249 750 482 1000
0 750 249 1000
0 500 367 750
0 250 372 500
0 0 449 250
916 250 917 500
915 750 918 1000
912 250 916 500
901 750 915 1000
897 250 912 500
897 0 924 250
892 500 923 750
867 750 901 1000
860 250 897 500
859 0 897 250
851 500 892 750
824 750 867 1000
817 250 860 500
792 0 859 250
774 500 851 750
732 250 817 500
723 750 824 1000
688 0 792 250
653 500 774 750
589 250 732 500
579 750 723 1000
533 0 688 250
496 500 653 750
415 750 579 1000
415 250 589 500
320 500 496 750
239 750 415 1000
0 750 239 1000
0 500 320 750
0 250 415 500
0 0 533 250
963 750 966 1000
956 750 963 1000
955 250 968 500
954 0 976 250
945 500 969 750
932 750 956 1000
920 500 945 750
918 250 955 500
909 0 954 250
885 750 932 1000
870 500 920 750
819 500 870 750
818 750 885 1000
818 0 909 250
810 250 918 500
693 0 818 250
691 500 819 750
688 750 818 1000
679 250 810 500
557 750 688 1000
538 0 693 250
518 250 679 500
508 500 691 750
354 0 538 250
319 250 518 500
290 500 508 750
284 750 557 1000
0 750 284 1000
0 500 290 750
0 250 319 500
0 0 354 250
933 250 934 500
927 250 933 500
927 0 934 250
914 750 936 1000
910 500 934 750
880 500 910 750
873 750 914 1000
873 250 927 500
871 0 927 250
817 500 880 750
805 0 871 250
803 750 873 1000
803 250 873 500
718 500 817 750
695 250 803 500
694 0 805 250
692 750 803 1000
589 500 718 750
557 750 692 1000
551 250 695 500
550 0 694 250
443 500 589 750
405 750 557 1000
390 0 550 250
387 250 551 500
256 500 443 750
218 750 405 1000
0 750 218 1000
0 500 256 750
0 250 387 500
0 0 390 250
