767 500 777 1000
754 0 770 500
751 500 767 1000
732 500 751 1000
729 0 754 500
702 0 729 500
700 500 732 1000
661 0 702 500
655 500 700 1000
614 0 661 500
606 500 655 1000
551 500 606 1000
541 0 614 500
472 500 551 1000
458 0 541 500
387 500 472 1000
362 0 458 500
245 0 362 500
231 500 387 1000
0 500 231 1000
0 0 245 500
844 500 853 1000
833 0 846 500
827 500 844 1000
800 500 827 1000
800 0 833 500
761 500 800 1000
759 0 800 500
718 0 759 500
717 500 761 1000
670 500 717 1000
669 0 718 500
610 0 669 500
583 500 670 1000
522 0 610 500
472 500 583 1000
410 0 522 500
348 500 472 1000
268 0 410 500
202 500 348 1000
0 500 202 1000
0 0 268 500
741 500 746 1000
739 0 745 500
735 500 741 1000
715 500 735 1000
714 0 739 500
678 500 715 1000
674 0 714 500
634 500 678 1000
618 0 674 500
569 500 634 1000
553 0 618 500
501 500 569 1000
483 0 553 500
411 0 483 500
407 500 501 1000
313 500 407 1000
313 0 411 500
203 0 313 500
195 500 313 1000
0 500 195 1000
0 0 203 500
822 0 829 500
812 500 825 1000
809 0 822 500
795 0 809 500
793 500 812 1000
773 0 795 500
769 500 793 1000
742 500 769 1000
738 0 773 500
700 0 738 500
676 500 742 1000
599 500 676 1000
598 0 700 500
490 0 598 500
489 500 599 1000
373 0 490 500
347 500 489 1000
220 0 373 500
189 500 347 1000
0 500 189 1000
0 0 220 500
770 500 771 1000
766 0 771 500
759 500 770 1000
754 0 766 500
742 500 759 1000
736 0 754 500
721 500 742 1000
709 0 736 500
681 500 721 1000
666 0 709 500
633 500 681 1000
610 0 666 500
572 500 633 1000
526 0 610 500
480 500 572 1000
430 0 526 500
354 500 480 1000
300 0 430 500
212 500 354 1000
0 500 212 1000
0 0 300 500
689 500 691 1000
689 0 692 500
683 500 689 1000
665 500 683 1000
664 0 689 500
626 0 664 500
625 500 665 1000
583 0 626 500
579 500 625 1000
535 0 583 500
530 500 579 1000
477 0 535 500
450 500 530 1000
394 0 477 500
355 500 450 1000
297 0 394 500
257 500 355 1000
189 0 297 500
144 500 257 1000
0 500 144 1000
0 0 189 500
719 0 723 500
718 500 729 1000
706 0 719 500
705 500 718 1000
692 0 706 500
691 500 705 1000
675 0 692 500
670 500 691 1000
648 0 675 500
637 500 670 1000
613 0 648 500
593 500 637 1000
568 0 613 500
542 500 593 1000
513 0 568 500
454 0 513 500
449 500 542 1000
348 0 454 500
239 500 449 1000
0 500 239 1000
0 0 348 500
734 500 735 1000
730 0 736 500
726 500 734 1000
717 500 726 1000
717 0 730 500
697 0 717 500
696 500 717 1000
674 500 696 1000
673 0 697 500
638 0 673 500
629 500 674 1000
583 500 629 1000
570 0 638 500
509 500 583 1000
491 0 570 500
414 500 509 1000
389 0 491 500
247 0 389 500
223 500 414 1000
0 500 223 1000
0 0 247 500
887 500 890 1000
875 0 888 500
869 500 887 1000
854 0 875 500
825 0 854 500
823 500 869 1000
778 0 825 500
773 500 823 1000
724 0 778 500
719 500 773 1000
648 500 719 1000
648 0 724 500
560 0 648 500
558 500 648 1000
454 500 558 1000
452 0 560 500
338 500 454 1000
317 0 452 500
170 500 338 1000
0 500 170 1000
0 0 317 500
862 0 864 500
860 0 862 500
857 500 879 1000
824 500 857 1000
823 0 860 500
785 0 823 500
781 500 824 1000
738 0 785 500
730 500 781 1000
684 0 738 500
664 500 730 1000
596 500 664 1000
593 0 684 500
484 0 593 500
479 500 596 1000
353 500 479 1000
344 0 484 500
201 0 344 500
182 500 353 1000
0 500 182 1000
0 0 201 500
680 500 684 1000
677 0 683 500
671 500 680 1000
660 0 677 500
653 500 671 1000
639 0 660 500
630 500 653 1000
601 500 630 1000
601 0 639 500
551 500 601 1000
535 0 601 500
477 500 551 1000
460 0 535 500
402 500 477 1000
372 0 460 500
312 500 402 1000
280 0 372 500
214 500 312 1000
110 500 214 1000
0 500 110 1000
0 0 280 500
745 500 747 1000
736 0 746 500
730 500 745 1000
719 0 736 500
712 500 730 1000
700 0 719 500
687 500 712 1000
673 0 700 500
660 500 687 1000
638 0 673 500
621 500 660 1000
581 500 621 1000
579 0 638 500
506 0 579 500
486 500 581 1000
410 0 506 500
374 500 486 1000
281 0 410 500
204 500 374 1000
0 500 204 1000
0 0 281 500
829 500 835 1000
826 0 839 500
813 500 829 1000
810 0 826 500
792 500 813 1000
780 0 810 500
760 500 792 1000
745 0 780 500
710 500 760 1000
694 0 745 500
655 500 710 1000
630 0 694 500
580 500 655 1000
552 0 630 500
487 500 580 1000
437 0 552 500
362 500 487 1000
294 0 437 500
215 500 362 1000
0 500 215 1000
0 0 294 500
755 500 757 1000
753 0 756 500
751 500 755 1000
746 500 751 1000
745 0 753 500
726 0 745 500
705 0 726 500
704 500 746 1000
662 500 704 1000
659 0 705 500
610 0 659 500
605 500 662 1000
552 0 610 500
531 500 605 1000
464 0 552 500
439 500 531 1000
366 0 464 500
321 500 439 1000
161 500 321 1000
0 500 161 1000
0 0 366 500
787 0 802 500
772 0 787 500
768 500 789 1000
744 0 772 500
739 500 768 1000
715 0 744 500
707 500 739 1000
677 0 715 500
666 500 707 1000
636 0 677 500
604 500 666 1000
571 0 636 500
537 500 604 1000
467 500 537 1000
463 0 571 500
343 0 463 500
328 500 467 1000
192 0 343 500
167 500 328 1000
0 500 167 1000
0 0 192 500
719 0 720 500
715 500 727 1000
701 500 715 1000
701 0 719 500
674 0 701 500
669 500 701 1000
641 0 674 500
634 500 669 1000
590 500 634 1000
588 0 641 500
535 500 590 1000
531 0 588 500
469 500 535 1000
463 0 531 500
376 0 463 500
372 500 469 1000
267 0 376 500
259 500 372 1000
145 500 259 1000
0 500 145 1000
0 0 267 500
705 0 706 500
704 0 705 500
699 500 705 1000
697 0 704 500
692 500 699 1000
689 0 697 500
681 0 689 500
672 500 692 1000
649 0 681 500
639 500 672 1000
609 0 649 500
599 500 639 1000
563 0 609 500
513 0 563 500
472 500 599 1000
373 0 513 500
331 500 472 1000
211 0 373 500
169 500 331 1000
0 500 169 1000
0 0 211 500
726 0 728 500
723 0 726 500
722 500 731 1000
703 0 723 500
701 500 722 1000
679 500 701 1000
679 0 703 500
639 0 679 500
638 500 679 1000
586 0 639 500
581 500 638 1000
516 500 581 1000
514 0 586 500
444 500 516 1000
438 0 514 500
353 0 438 500
323 500 444 1000
220 0 353 500
164 500 323 1000
0 500 164 1000
0 0 220 500
740 500 746 1000
732 0 748 500
721 500 740 1000
712 0 732 500
697 500 721 1000
684 0 712 500
667 500 697 1000
648 0 684 500
629 500 667 1000
597 0 648 500
570 500 629 1000
528 0 597 500
489 500 570 1000
444 0 528 500
395 500 489 1000
341 0 444 500
279 500 395 1000
206 0 341 500
143 500 279 1000
0 500 143 1000
0 0 206 500
775 0 789 500
757 0 775 500
755 500 775 1000
733 500 755 1000
733 0 757 500
704 500 733 1000
698 0 733 500
663 500 704 1000
654 0 698 500
608 0 654 500
607 500 663 1000
534 0 608 500
531 500 607 1000
452 500 531 1000
428 0 534 500
337 500 452 1000
310 0 428 500
185 0 310 500
177 500 337 1000
0 500 177 1000
0 0 185 500
857 500 866 1000
848 0 868 500
833 500 857 1000
820 0 848 500
805 500 833 1000
789 0 820 500
773 500 805 1000
756 0 789 500
739 500 773 1000
711 0 756 500
680 500 739 1000
630 0 711 500
597 500 680 1000
537 0 630 500
490 500 597 1000
421 0 537 500
370 500 490 1000
271 0 421 500
204 500 370 1000
0 500 204 1000
0 0 271 500
814 500 815 1000
813 500 814 1000
812 0 816 500
804 0 812 500
802 500 813 1000
785 0 804 500
778 500 802 1000
757 0 785 500
750 500 778 1000
719 500 750 1000
716 0 757 500
672 0 716 500
668 500 719 1000
615 500 668 1000
608 0 672 500
538 500 615 1000
509 0 608 500
431 500 538 1000
300 500 431 1000
0 500 300 1000
0 0 509 500
799 0 805 500
798 500 804 1000
790 0 799 500
787 500 798 1000
767 500 787 1000
767 0 790 500
742 500 767 1000
738 0 767 500
707 500 742 1000
700 0 738 500
661 500 707 1000
652 0 700 500
597 500 661 1000
580 0 652 500
502 500 597 1000
405 500 502 1000
400 0 580 500
218 0 400 500
217 500 405 1000
0 500 217 1000
0 0 218 500
863 500 864 1000
863 0 873 500
852 500 863 1000
833 500 852 1000
832 0 863 500
790 500 833 1000
788 0 832 500
742 500 790 1000
733 0 788 500
681 500 742 1000
668 0 733 500
590 0 668 500
580 500 681 1000
488 0 590 500
471 500 580 1000
372 0 488 500
348 500 471 1000
249 0 372 500
224 500 348 1000
0 500 224 1000
0 0 249 500
848 0 849 500
843 500 848 1000
837 500 843 1000
830 0 848 500
816 500 837 1000
805 0 830 500
785 500 816 1000
774 0 805 500
753 500 785 1000
717 0 774 500
690 500 753 1000
638 0 717 500
598 500 690 1000
546 0 638 500
498 500 598 1000
442 0 546 500
372 500 498 1000
270 0 442 500
195 500 372 1000
0 500 195 1000
0 0 270 500
811 0 816 500
805 500 811 1000
797 500 805 1000
788 500 797 1000
788 0 811 500
765 500 788 1000
762 0 788 500
739 500 765 1000
729 0 762 500
694 0 729 500
693 500 739 1000
646 500 693 1000
640 0 694 500
583 0 640 500
573 500 646 1000
492 500 573 1000
437 0 583 500
280 0 437 500
257 500 492 1000
0 500 257 1000
0 0 280 500
846 0 848 500
835 0 846 500
834 500 850 1000
811 500 834 1000
809 0 835 500
782 0 809 500
781 500 811 1000
747 500 781 1000
743 0 782 500
702 500 747 1000
685 0 743 500
633 500 702 1000
594 0 685 500
527 500 633 1000
484 0 594 500
412 500 527 1000
368 0 484 500
229 0 368 500
223 500 412 1000
0 500 223 1000
0 0 229 500
695 500 697 1000
692 500 695 1000
685 500 692 1000
678 500 685 1000
667 500 678 1000
667 0 696 500
637 500 667 1000
635 0 667 500
602 0 635 500
600 500 637 1000
561 500 600 1000
557 0 602 500
513 500 561 1000
480 0 557 500
426 500 513 1000
366 0 480 500
312 500 426 1000
250 0 366 500
166 500 312 1000
0 500 166 1000
0 0 250 500
813 0 814 500
811 0 813 500
807 0 811 500
805 500 813 1000
794 0 807 500
784 500 805 1000
765 0 794 500
750 500 784 1000
719 0 765 500
697 500 750 1000
664 0 719 500
640 500 697 1000
605 0 664 500
562 500 640 1000
518 0 605 500
468 500 562 1000
417 0 518 500
286 0 417 500
279 500 468 1000
0 500 279 1000
0 0 286 500
841 0 842 500
838 0 841 500
835 0 838 500
830 500 843 1000
816 500 830 1000
807 0 835 500
775 0 807 500
773 500 816 1000
732 0 775 500
720 500 773 1000
678 0 732 500
661 500 720 1000
600 500 661 1000
598 0 678 500
512 0 598 500
507 500 600 1000
372 0 512 500
357 500 507 1000
204 500 357 1000
0 500 204 1000
0 0 372 500
714 500 716 1000
712 0 715 500
704 500 714 1000
702 0 712 500
690 0 702 500
686 500 704 1000
670 0 690 500
665 500 686 1000
646 0 670 500
640 500 665 1000
612 500 640 1000
593 0 646 500
555 500 612 1000
530 0 593 500
491 500 555 1000
465 0 530 500
397 0 465 500
342 500 491 1000
188 500 342 1000
0 500 188 1000
0 0 397 500
717 0 719 500
715 0 717 500
712 0 715 500
704 0 712 500
703 500 728 1000
676 500 703 1000
676 0 704 500
648 500 676 1000
641 0 676 500
596 0 641 500
592 500 648 1000
522 500 592 1000
521 0 596 500
441 0 521 500
439 500 522 1000
320 0 441 500
316 500 439 1000
194 0 320 500
183 500 316 1000
0 500 183 1000
0 0 194 500
784 500 798 1000
771 0 786 500
768 500 784 1000
747 500 768 1000
745 0 771 500
714 0 745 500
712 500 747 1000
675 0 714 500
671 500 712 1000
624 500 671 1000
623 0 675 500
571 0 623 500
567 500 624 1000
479 500 567 1000
475 0 571 500
378 0 475 500
377 500 479 1000
235 0 378 500
230 500 377 1000
0 500 230 1000
0 0 235 500
663 500 664 1000
663 0 673 500
653 500 663 1000
649 0 663 500
636 500 653 1000
630 0 649 500
615 500 636 1000
608 0 630 500
584 0 608 500
580 500 615 1000
548 0 584 500
538 500 580 1000
495 500 538 1000
492 0 548 500
431 0 492 500
425 500 495 1000
349 0 431 500
308 500 425 1000
176 500 308 1000
0 500 176 1000
0 0 349 500
702 500 704 1000
698 500 702 1000
696 0 706 500
686 500 698 1000
679 0 696 500
661 0 679 500
659 500 686 1000
622 0 661 500
611 500 659 1000
573 0 622 500
562 500 611 1000
520 0 573 500
503 500 562 1000
460 0 520 500
439 500 503 1000
381 0 460 500
342 500 439 1000
256 0 381 500
173 500 342 1000
0 500 173 1000
0 0 256 500
719 500 722 1000
714 500 719 1000
713 0 723 500
701 500 714 1000
697 0 713 500
675 500 701 1000
668 0 697 500
644 500 675 1000
636 0 668 500
611 500 644 1000
579 0 636 500
549 500 611 1000
506 0 579 500
472 500 549 1000
423 0 506 500
384 500 472 1000
325 0 423 500
283 500 384 1000
147 500 283 1000
0 500 147 1000
0 0 325 500
780 0 783 500
777 500 780 1000
773 500 777 1000
761 500 773 1000
757 0 780 500
736 500 761 1000
732 0 757 500
703 0 732 500
701 500 736 1000
664 500 701 1000
654 0 703 500
601 500 664 1000
570 0 654 500
513 500 601 1000
482 0 570 500
414 500 513 1000
380 0 482 500
277 0 380 500
229 500 414 1000
0 500 229 1000
0 0 277 500
732 0 733 500
731 500 734 1000
722 500 731 1000
722 0 732 500
708 500 722 1000
703 0 722 500
682 500 708 1000
676 0 703 500
651 500 682 1000
643 0 676 500
617 500 651 1000
598 0 643 500
570 500 617 1000
540 0 598 500
508 500 570 1000
476 0 540 500
374 500 508 1000
325 0 476 500
219 500 374 1000
0 500 219 1000
0 0 325 500
672 500 675 1000
663 500 672 1000
663 0 680 500
646 0 663 500
640 500 663 1000
620 0 646 500
612 500 640 1000
584 0 620 500
575 500 612 1000
536 500 575 1000
533 0 584 500
477 0 533 500
472 500 536 1000
379 0 477 500
371 500 472 1000
273 0 379 500
264 500 371 1000
165 0 273 500
155 500 264 1000
0 500 155 1000
0 0 165 500
