949 0 959 200
939 400 950 600
938 0 949 200
937 800 949 1000
937 600 959 800
934 200 959 400
912 0 938 200
910 800 937 1000
908 400 939 600
902 600 937 800
896 200 934 400
868 400 908 600
865 800 910 1000
865 0 912 200
817 0 865 200
814 800 865 1000
814 400 868 600
814 200 896 400
810 600 902 800
715 600 810 800
715 400 814 600
711 0 817 200
705 800 814 1000
697 200 814 400
595 400 715 600
587 600 715 800
581 0 711 200
567 200 697 400
556 800 705 1000
431 0 581 200
396 200 567 400
384 400 595 600
334 600 587 800
293 800 556 1000
0 800 293 1000
0 600 334 800
0 400 384 600
0 200 396 400
0 0 431 200
953 600 954 800
953 200 954 400
950 600 953 800
950 200 953 400
948 800 953 1000
945 600 950 800
943 200 950 400
942 0 959 200
940 400 963 600
923 800 948 1000
918 600 945 800
913 0 942 200
909 200 943 400
904 400 940 600
865 200 909 400
864 0 913 200
850 400 904 600
847 600 918 800
846 800 923 1000
771 400 850 600
768 600 847 800
763 800 846 1000
756 200 865 400
755 0 864 200
660 400 771 600
651 600 768 800
637 200 756 400
632 800 763 1000
501 200 637 400
486 800 632 1000
485 600 651 800
454 400 660 600
271 600 485 800
258 800 486 1000
0 800 258 1000
0 600 271 800
0 400 454 600
0 200 501 400
0 0 755 200
947 400 957 600
927 800 949 1000
927 200 950 400
924 600 948 800
922 0 950 200
917 400 947 600
891 600 924 800
890 800 927 1000
890 200 927 400
881 0 922 200
845 200 890 400
844 600 891 800
842 800 890 1000
838 400 917 600
798 0 881 200
760 600 844 800
756 200 845 400
751 800 842 1000
746 400 838 600
704 0 798 200
647 400 746 600
647 200 756 400
645 600 760 800
634 800 751 1000
577 0 704 200
514 200 647 400
512 400 647 600
494 600 645 800
481 800 634 1000
424 0 577 200
349 200 514 400
339 400 512 600
268 600 494 800
249 800 481 1000
0 800 249 1000
0 600 268 800
0 400 339 600
0 200 349 400
0 0 424 200
953 600 959 800
949 800 957 1000
949 400 958 600
935 400 949 600
934 800 949 1000
933 0 956 200
932 200 957 400
927 600 953 800
902 200 932 400
898 400 935 600
888 600 927 800
888 0 933 200
886 800 934 1000
838 800 886 1000
834 600 888 800
832 0 888 200
825 400 898 600
825 200 902 400
752 0 832 200
751 800 838 1000
733 400 825 600
724 200 825 400
722 600 834 800
634 0 752 200
625 800 751 1000
599 400 733 600
584 600 722 800
574 200 724 400
482 0 634 200
469 800 625 1000
417 200 574 400
405 400 599 600
383 600 584 800
262 800 469 1000
0 800 262 1000
0 600 383 800
0 400 405 600
0 200 417 400
0 0 482 200
928 0 929 200
927 600 929 800
925 0 928 200
923 200 928 400
915 400 929 600
913 800 929 1000
909 600 927 800
906 0 925 200
904 200 923 400
894 400 915 600
890 800 913 1000
884 600 909 800
878 200 904 400
874 0 906 200
836 0 874 200
833 600 884 800
819 200 878 400
816 400 894 600
810 800 890 1000
751 0 836 200
719 800 810 1000
717 400 816 600
715 200 819 400
704 600 833 800
620 0 751 200
586 800 719 1000
568 600 704 800
568 200 715 400
558 400 717 600
451 0 620 200
395 200 568 400
342 400 558 600
319 600 568 800
317 800 586 1000
0 800 317 1000
0 600 319 800
0 400 342 600
0 200 395 400
0 0 451 200
929 800 934 1000
929 600 938 800
926 0 941 200
923 400 939 600
909 800 929 1000
902 400 923 600
902 0 926 200
900 600 929 800
900 200 938 400
862 0 902 200
860 400 902 600
856 600 900 800
844 200 900 400
843 800 909 1000
789 0 862 200
768 200 844 400
766 800 843 1000
765 400 860 600
756 600 856 800
683 0 789 200
654 400 765 600
649 200 768 400
635 600 756 800
633 800 766 1000
543 0 683 200
512 400 654 600
490 600 635 800
483 200 649 400
465 800 633 1000
360 0 543 200
299 200 483 400
290 400 512 600
266 600 490 800
233 800 465 1000
0 800 233 1000
0 600 266 800
0 400 290 600
0 200 299 400
0 0 360 200
927 800 928 1000
927 400 934 600
925 200 933 400
919 0 929 200
917 800 927 1000
914 200 925 400
904 800 917 1000
890 800 904 1000
886 200 914 400
885 0 919 200
883 400 927 600
882 600 931 800
831 600 882 800
831 0 885 200
830 800 890 1000
823 200 886 400
818 400 883 600
756 200 823 400
753 600 831 800
751 800 830 1000
751 0 831 200
727 400 818 600
659 0 751 200
655 600 753 800
653 800 751 1000
643 200 756 400
612 400 727 600
543 0 659 200
522 200 643 400
511 800 653 1000
506 600 655 800
404 400 612 600
271 600 506 800
258 800 511 1000
0 800 258 1000
0 600 271 800
0 400 404 600
0 200 522 400
0 0 543 200
918 200 923 400
913 200 918 400
913 0 921 200
911 600 922 800
910 800 921 1000
908 400 920 600
892 800 910 1000
890 200 913 400
886 0 913 200
877 400 908 600
875 600 911 800
836 600 875 800
831 400 877 600
831 0 886 200
830 200 890 400
824 800 892 1000
758 0 831 200
753 400 831 600
747 600 836 800
741 200 830 400
730 800 824 1000
664 0 758 200
656 400 753 600
649 600 747 800
628 800 730 1000
627 200 741 400
538 0 664 200
521 400 656 600
514 600 649 800
491 200 627 400
482 800 628 1000
353 400 521 600
344 600 514 800
256 800 482 1000
0 800 256 1000
0 600 344 800
0 400 353 600
0 200 491 400
0 0 538 200
930 0 931 200
928 0 930 200
926 800 931 1000
925 400 933 600
924 600 940 800
909 200 930 400
907 0 928 200
903 400 925 600
902 600 924 800
901 800 926 1000
872 400 903 600
869 800 901 1000
866 600 902 800
866 0 907 200
864 200 909 400
818 600 866 800
807 200 864 400
807 0 866 200
795 800 869 1000
784 400 872 600
695 400 784 600
692 200 807 400
690 600 818 800
676 0 807 200
661 800 795 1000
551 600 690 800
542 400 695 600
536 200 692 400
497 800 661 1000
487 0 676 200
320 200 536 400
319 400 542 600
314 600 551 800
259 800 497 1000
0 800 259 1000
0 600 314 800
0 400 319 600
0 200 320 400
0 0 487 200
950 0 954 200
948 800 954 1000
945 400 954 600
944 200 956 400
926 200 944 400
924 400 945 600
922 600 951 800
920 0 950 200
918 800 948 1000
893 400 924 600
892 200 926 400
884 800 918 1000
874 0 920 200
873 600 922 800
819 600 873 800
819 0 874 200
818 800 884 1000
817 400 893 600
814 200 892 400
740 800 818 1000
736 200 814 400
725 0 819 200
723 600 819 800
719 400 817 600
632 800 740 1000
611 0 725 200
609 600 723 800
598 200 736 400
574 400 719 600
462 0 611 200
439 200 598 400
402 400 574 600
378 600 609 800
319 800 632 1000
0 800 319 1000
0 600 378 800
0 400 402 600
0 200 439 400
0 0 462 200
918 400 922 600
914 400 918 600
908 400 914 600
900 400 908 600
884 400 900 600
883 600 924 800
883 0 928 200
882 200 928 400
881 800 927 1000
834 800 881 1000
833 600 883 800
833 0 883 200
832 200 882 400
831 400 884 600
775 800 834 1000
769 400 831 600
767 600 833 800
765 200 832 400
764 0 833 200
700 400 769 600
694 600 767 800
692 800 775 1000
672 200 765 400
668 0 764 200
601 400 700 600
579 600 694 800
576 800 692 1000
550 200 672 400
455 400 601 600
430 600 579 800
420 800 576 1000
292 400 455 600
247 600 430 800
231 800 420 1000
0 800 231 1000
0 600 247 800
0 400 292 600
0 200 550 400
0 0 668 200
942 800 944 1000
941 400 944 600
940 600 947 800
936 0 944 200
930 800 942 1000
928 600 940 800
928 200 947 400
921 400 941 600
909 0 936 200
881 0 909 200
879 800 930 1000
875 200 928 400
872 600 928 800
864 400 921 600
800 400 864 600
800 200 875 400
798 800 879 1000
798 0 881 200
785 600 872 800
703 0 798 200
685 600 785 800
681 800 798 1000
675 400 800 600
667 200 800 400
566 0 703 200
535 800 681 1000
521 600 685 800
491 200 667 400
483 400 675 600
373 0 566 200
293 200 491 400
281 400 483 600
280 600 521 800
273 800 535 1000
0 800 273 1000
0 600 280 800
0 400 281 600
0 200 293 400
0 0 373 200
963 400 968 600
962 0 969 200
961 200 973 400
950 600 966 800
946 800 964 1000
930 600 950 800
930 400 963 600
929 0 962 200
928 200 961 400
910 800 946 1000
891 200 928 400
891 0 929 200
890 400 930 600
884 600 930 800
856 800 910 1000
819 0 891 200
818 200 891 400
809 600 884 800
808 400 890 600
773 800 856 1000
718 600 809 800
712 400 808 600
703 0 819 200
699 200 818 400
649 800 773 1000
577 400 712 600
572 600 718 800
556 0 703 200
548 200 699 400
380 0 556 200
366 200 548 400
356 400 577 600
350 600 572 800
341 800 649 1000
0 800 341 1000
0 600 350 800
0 400 356 600
0 200 366 400
0 0 380 200
950 0 951 200
948 200 951 400
947 400 955 600
945 800 954 1000
945 600 957 800
937 0 950 200
929 800 945 1000
929 400 947 600
928 200 948 400
921 600 945 800
891 400 929 600
879 800 929 1000
877 200 928 400
868 600 921 800
867 0 937 200
795 0 867 200
791 600 868 800
790 200 877 400
788 800 879 1000
788 400 891 600
677 0 795 200
668 200 790 400
661 400 788 600
651 600 791 800
644 800 788 1000
521 0 677 200
506 200 668 400
499 400 661 600
478 600 651 800
466 800 644 1000
302 200 506 400
294 400 499 600
260 800 466 1000
260 600 478 800
0 800 260 1000
0 600 260 800
0 400 294 600
0 200 302 400
0 0 521 200
926 0 928 200
922 0 926 200
920 600 926 800
919 800 929 1000
918 400 934 600
918 200 938 400
899 800 919 1000
898 0 922 200
893 400 918 600
889 600 920 800
879 200 918 400
843 400 893 600
837 600 889 800
835 800 899 1000
831 0 898 200
811 200 879 400
768 600 837 800
758 0 831 200
756 800 835 1000
755 400 843 600
721 200 811 400
658 800 756 1000
657 400 755 600
652 0 758 200
650 600 768 800
603 200 721 400
522 800 658 1000
519 400 657 600
513 0 652 200
509 600 650 800
432 200 603 400
344 400 519 600
295 600 509 800
280 800 522 1000
0 800 280 1000
0 600 295 800
0 400 344 600
0 200 432 400
0 0 513 200
910 0 919 200
909 600 923 800
909 200 928 400
908 400 930 600
885 400 908 600
884 200 909 400
883 600 909 800
880 0 910 200
879 800 913 1000
842 800 879 1000
839 600 883 800
839 400 885 600
836 200 884 400
824 0 880 200
765 0 824 200
758 800 842 1000
754 600 839 800
751 400 839 600
748 200 836 400
674 0 765 200
654 200 748 400
648 800 758 1000
638 400 751 600
637 600 754 800
555 0 674 200
532 200 654 400
508 400 638 600
503 600 637 800
492 800 648 1000
365 0 555 200
321 200 532 400
286 400 508 600
262 600 503 800
249 800 492 1000
0 800 249 1000
0 600 262 800
0 400 286 600
0 200 321 400
0 0 365 200
952 0 955 200
945 0 952 200
942 400 953 600
940 800 952 1000
937 200 958 400
935 600 957 800
919 400 942 600
914 800 940 1000
906 600 935 800
906 0 945 200
898 200 937 400
873 800 914 1000
873 400 919 600
855 600 906 800
851 0 906 200
832 200 898 400
800 800 873 1000
797 400 873 600
779 600 855 800
767 0 851 200
720 200 832 400
684 800 800 1000
681 400 797 600
661 600 779 800
649 0 767 200
590 200 720 400
510 600 661 800
507 400 681 600
500 800 684 1000
446 0 649 200
385 200 590 400
262 400 507 600
260 600 510 800
250 800 500 1000
0 800 250 1000
0 600 260 800
0 400 262 600
0 200 385 400
0 0 446 200
953 400 954 600
952 800 954 1000
950 200 959 400
948 0 962 200
942 600 961 800
926 200 950 400
920 800 952 1000
919 400 953 600
907 600 942 800
905 0 948 200
880 200 926 400
860 600 907 800
857 800 920 1000
856 400 919 600
835 0 905 200
803 200 880 400
778 600 860 800
773 400 856 600
771 800 857 1000
746 0 835 200
696 200 803 400
667 600 778 800
652 800 771 1000
651 400 773 600
601 0 746 200
550 200 696 400
482 400 651 600
469 800 652 1000
469 600 667 800
397 0 601 200
335 200 550 400
260 400 482 600
242 600 469 800
241 800 469 1000
0 800 241 1000
0 600 242 800
0 400 260 600
0 200 335 400
0 0 397 200
946 400 952 600
945 800 953 1000
945 200 954 400
940 600 951 800
933 200 945 400
929 800 945 1000
929 400 946 600
928 0 956 200
910 600 940 800
895 200 933 400
891 800 929 1000
884 400 929 600
875 0 928 200
853 600 910 800
830 800 891 1000
828 200 895 400
811 400 884 600
800 0 875 200
772 600 853 800
744 800 830 1000
741 200 828 400
712 0 800 200
709 400 811 600
670 600 772 800
634 800 744 1000
606 200 741 400
566 400 709 600
543 0 712 200
498 600 670 800
455 800 634 1000
423 200 606 400
368 400 566 600
280 600 498 800
234 800 455 1000
0 800 234 1000
0 600 280 800
0 400 368 600
0 200 423 400
0 0 543 200
943 800 949 1000
943 400 957 600
942 0 958 200
941 600 960 800
940 200 960 400
918 0 942 200
917 800 943 1000
917 400 943 600
915 600 941 800
911 200 940 400
866 400 917 600
861 0 918 200
859 800 917 1000
855 600 915 800
849 200 911 400
802 400 866 600
795 800 859 1000
784 200 849 400
783 600 855 800
776 0 861 200
686 200 784 400
681 600 783 800
679 800 795 1000
661 400 802 600
634 0 776 200
538 200 686 400
509 400 661 600
504 800 679 1000
485 600 681 800
437 0 634 200
322 200 538 400
293 400 509 600
264 600 485 800
262 800 504 1000
0 800 262 1000
0 600 264 800
0 400 293 600
0 200 322 400
0 0 437 200
937 200 950 400
927 400 942 600
925 600 942 800
924 800 941 1000
920 200 937 400
919 0 938 200
905 800 924 1000
902 600 925 800
901 400 927 600
890 0 919 200
871 400 901 600
871 200 920 400
845 800 905 1000
836 600 902 800
818 0 890 200
797 400 871 600
796 200 871 400
769 800 845 1000
754 600 836 800
729 0 818 200
705 400 797 600
692 200 796 400
663 800 769 1000
645 600 754 800
619 0 729 200
574 200 692 400
564 400 705 600
510 800 663 1000
483 600 645 800
453 0 619 200
388 200 574 400
376 400 564 600
292 600 483 800
288 800 510 1000
0 800 288 1000
0 600 292 800
0 400 376 600
0 200 388 400
0 0 453 200
969 800 973 1000
968 600 976 800
965 400 978 600
957 0 974 200
955 200 973 400
950 600 968 800
948 800 969 1000
940 400 965 600
920 600 950 800
920 0 957 200
913 200 955 400
904 800 948 1000
890 400 940 600
869 0 920 200
866 600 920 800
848 800 904 1000
848 200 913 400
801 400 890 600
773 600 866 800
773 0 869 200
751 200 848 400
750 800 848 1000
700 400 801 600
648 800 750 1000
646 200 751 400
645 600 773 800
638 0 773 200
555 400 700 600
495 600 645 800
495 200 646 400
488 800 648 1000
346 400 555 600
279 600 495 800
260 800 488 1000
0 800 260 1000
0 600 279 800
0 400 346 600
0 200 495 400
0 0 638 200
925 0 926 200
924 400 928 600
921 0 925 200
920 200 925 400
910 200 920 400
910 0 921 200
888 200 910 400
885 0 910 200
884 400 924 600
883 800 926 1000
882 600 934 800
826 800 883 1000
824 200 888 400
821 0 885 200
817 600 882 800
817 400 884 600
746 400 817 600
746 0 821 200
742 800 826 1000
739 200 824 400
729 600 817 800
641 600 729 800
637 200 739 400
636 800 742 1000
635 400 746 600
627 0 746 200
507 200 637 400
481 400 635 600
475 600 641 800
470 800 636 1000
308 200 507 400
267 400 481 600
245 600 475 800
240 800 470 1000
0 800 240 1000
0 600 245 800
0 400 267 600
0 200 308 400
0 0 627 200
