976 684 1000 704
965 551 1000 621
956 479 1000 551
713 704 1000 716
469 923 540 1000
694 704 713 1000
694 684 976 704
540 891 620 1000
856 621 1000 684
930 0 1000 130
620 864 694 1000
694 621 856 684
377 822 469 1000
620 621 694 864
827 374 1000 479
176 811 298 1000
620 551 965 621
540 551 620 891
540 479 956 551
469 479 540 923
377 479 469 822
694 221 1000 374
377 374 827 479
298 374 377 1000
0 703 176 1000
298 221 694 374
176 221 298 811
176 130 1000 221
176 0 930 130
0 0 176 703
597 994 649 1000
290 983 352 1000
960 575 1000 628
222 947 290 1000
948 0 1000 120
894 409 1000 473
519 911 597 1000
866 628 1000 684
675 684 701 1000
649 684 675 1000
649 628 866 684
352 844 434 1000
434 809 519 1000
597 628 649 994
597 575 960 628
0 908 222 1000
797 473 1000 575
519 575 597 911
519 473 797 575
434 473 519 809
434 409 894 473
679 298 1000 409
352 409 434 844
352 298 679 409
290 298 352 983
222 298 290 947
222 211 1000 298
222 120 1000 211
222 0 948 120
0 0 222 908
875 875 893 1000
860 625 881 750
844 250 885 375
839 750 898 875
835 125 897 250
815 500 877 625
810 375 876 500
806 875 875 1000
786 625 860 750
769 250 844 375
761 750 839 875
734 500 815 625
719 375 810 500
667 750 761 875
652 875 806 1000
620 625 786 750
603 250 769 375
552 375 719 500
537 500 734 625
404 625 620 750
359 750 667 875
340 875 652 1000
0 875 340 1000
0 750 359 875
0 625 404 750
0 500 537 625
0 375 552 500
0 250 603 375
0 125 835 250
0 0 939 125
894 250 896 375
891 125 896 250
884 250 894 375
880 125 891 250
879 875 896 1000
875 375 930 500
874 500 929 625
866 750 930 875
866 625 931 750
779 125 880 250
776 875 879 1000
757 750 866 875
742 250 884 375
732 375 875 500
710 625 866 750
686 500 874 625
541 250 742 375
507 375 732 500
452 500 686 625
446 625 710 750
401 750 757 875
392 875 776 1000
0 875 392 1000
0 750 401 875
0 625 446 750
0 500 452 625
0 375 507 500
0 250 541 375
0 125 779 250
0 0 991 125
916 0 919 200
909 0 916 200
907 800 930 1000
893 200 917 400
890 600 919 800
888 400 922 600
873 0 909 200
871 800 907 1000
829 800 871 1000
829 0 873 200
827 200 893 400
814 600 890 800
804 400 888 600
739 0 829 200
710 400 804 600
707 200 827 400
699 800 829 1000
679 600 814 800
569 400 710 600
534 600 679 800
515 200 707 400
499 800 699 1000
355 400 569 600
313 600 534 800
260 800 499 1000
0 800 260 1000
0 600 313 800
0 400 355 600
0 200 515 400
0 0 739 200
951 0 958 200
944 800 956 1000
938 400 952 600
935 600 958 800
933 200 959 400
905 200 933 400
899 400 938 600
897 800 944 1000
890 0 951 200
870 600 935 800
826 800 897 1000
826 400 899 600
826 200 905 400
789 600 870 800
786 0 890 200
679 0 786 200
678 200 826 400
664 400 826 600
660 800 826 1000
618 600 789 800
483 0 679 200
454 200 678 400
391 400 664 600
340 600 618 800
330 800 660 1000
0 800 330 1000
0 600 340 800
0 400 391 600
0 200 454 400
0 0 483 200
872 400 875 600
871 800 878 1000
868 600 879 800
864 0 880 200
860 200 878 400
835 600 868 800
827 200 860 400
827 0 864 200
823 800 871 1000
823 400 872 600
783 600 835 800
767 800 823 1000
764 400 823 600
763 0 827 200
756 200 827 400
689 600 783 800
668 0 763 200
652 200 756 400
639 400 764 600
617 800 767 1000
530 600 689 800
448 800 617 1000
435 400 639 600
321 600 530 800
232 800 448 1000
0 800 232 1000
0 600 321 800
0 400 435 600
0 200 652 400
0 0 668 200
862 125 866 250
859 875 863 1000
858 375 874 500
851 625 891 750
832 500 905 625
827 750 901 875
779 375 858 500
777 125 862 250
770 0 897 125
761 250 888 375
723 875 859 1000
690 750 827 875
677 500 832 625
675 625 851 750
586 0 770 125
561 125 777 250
539 250 761 375
533 375 779 500
404 500 677 625
402 625 675 750
385 750 690 875
375 875 723 1000
0 875 375 1000
0 750 385 875
0 625 402 750
0 500 404 625
0 375 533 500
0 250 539 375
0 125 561 250
0 0 586 125
913 875 916 1000
912 125 921 250
903 125 912 250
900 875 913 1000
900 250 932 375
896 625 933 750
886 750 933 875
881 500 939 625
861 375 928 500
816 625 896 750
792 250 900 375
705 625 816 750
701 375 861 500
699 500 881 625
693 750 886 875
685 875 900 1000
568 250 792 375
453 375 701 500
415 500 699 625
366 625 705 750
353 750 693 875
345 875 685 1000
0 875 345 1000
0 750 353 875
0 625 366 750
0 500 415 625
0 375 453 500
0 250 568 375
0 125 903 250
0 0 934 125
901 125 910 250
897 875 915 1000
896 500 915 625
882 625 929 750
875 250 925 375
871 750 926 875
871 375 943 500
823 875 897 1000
812 500 896 625
785 625 882 750
773 750 871 875
772 375 871 500
720 875 823 1000
700 500 812 625
657 625 785 750
604 375 772 500
593 750 773 875
533 875 720 1000
505 500 700 625
442 625 657 750
353 750 593 875
282 875 533 1000
0 875 282 1000
0 750 353 875
0 625 442 750
0 500 505 625
0 375 604 500
0 250 875 375
0 125 901 250
0 0 962 125
375 997 445 1000
689 689 691 1000
445 991 522 1000
962 665 1000 689
972 111 1000 190
0 985 240 1000
592 919 642 1000
673 689 689 1000
875 617 1000 665
673 665 962 689
896 531 1000 617
642 665 673 1000
902 0 1000 111
642 617 875 665
876 293 1000 401
592 617 642 919
776 190 1000 293
592 531 896 617
522 531 592 1000
745 401 1000 531
445 531 522 991
445 401 745 531
240 697 375 1000
375 401 445 997
375 293 876 401
240 293 375 697
240 190 776 293
240 111 972 190
240 0 902 111
0 0 240 985
911 400 914 600
909 600 913 800
908 800 915 1000
888 400 911 600
883 200 922 400
868 800 908 1000
868 0 916 200
859 600 909 800
834 400 888 600
828 200 883 400
806 0 868 200
803 800 868 1000
788 600 859 800
752 200 828 400
731 400 834 600
627 400 731 600
627 200 752 400
622 0 806 200
600 600 788 800
595 800 803 1000
398 0 622 200
396 200 627 400
385 400 627 600
329 600 600 800
300 800 595 1000
0 800 300 1000
0 600 329 800
0 400 385 600
0 200 396 400
0 0 398 200
926 400 930 600
924 600 930 800
924 0 933 200
915 600 924 800
912 0 924 200
907 800 931 1000
898 400 926 600
896 200 927 400
879 600 915 800
864 0 912 200
857 800 907 1000
801 800 857 1000
796 0 864 200
788 400 898 600
784 200 896 400
764 600 879 800
657 200 784 400
649 400 788 600
645 0 796 200
592 600 764 800
584 800 801 1000
395 200 657 400
380 400 649 600
308 600 592 800
292 800 584 1000
0 800 292 1000
0 600 308 800
0 400 380 600
0 200 395 400
0 0 645 200
869 400 889 600
865 800 887 1000
864 0 888 200
854 600 888 800
846 200 883 400
808 200 846 400
807 600 854 800
806 400 869 600
795 800 865 1000
794 0 864 200
722 0 794 200
718 800 795 1000
708 200 808 400
702 600 807 800
689 400 806 600
590 0 722 200
575 200 708 400
555 400 689 600
554 600 702 800
546 800 718 1000
410 0 590 200
362 200 575 400
306 400 555 600
295 600 554 800
276 800 546 1000
0 800 276 1000
0 600 295 800
0 400 306 600
0 200 362 400
0 0 410 200
903 0 907 200
897 0 903 200
896 600 908 800
895 200 909 400
882 0 897 200
877 600 896 800
875 800 906 1000
870 400 905 600
855 200 895 400
800 400 870 600
798 800 875 1000
798 0 882 200
792 600 877 800
763 200 855 400
703 800 798 1000
696 400 800 600
677 600 792 800
632 200 763 400
555 400 696 600
528 600 677 800
522 800 703 1000
436 200 632 400
354 400 555 600
290 800 522 1000
290 600 528 800
0 800 290 1000
0 600 290 800
0 400 354 600
0 200 436 400
0 0 798 200
884 600 899 800
884 200 904 400
882 0 902 200
880 400 906 600
874 800 904 1000
853 200 884 400
848 0 882 200
840 600 884 800
830 400 880 600
821 800 874 1000
778 200 853 400
769 0 848 200
743 400 830 600
695 800 821 1000
689 600 840 800
613 0 769 200
600 200 778 400
564 400 743 600
511 800 695 1000
493 600 689 800
403 0 613 200
387 200 600 400
345 400 564 600
271 600 493 800
264 800 511 1000
0 800 264 1000
0 600 271 800
0 400 345 600
0 200 387 400
0 0 403 200
941 800 945 1000
937 0 950 200
919 600 950 800
911 200 946 400
904 800 941 1000
900 0 937 200
895 400 952 600
861 600 919 800
845 800 904 1000
818 400 895 600
809 0 900 200
807 200 911 400
754 600 861 800
725 800 845 1000
698 400 818 600
686 200 807 400
685 0 809 200
567 400 698 600
565 800 725 1000
559 600 754 800
489 0 685 200
461 200 686 400
337 400 567 600
328 600 559 800
306 800 565 1000
0 800 306 1000
0 600 328 800
0 400 337 600
0 200 461 400
0 0 489 200
892 400 894 600
885 600 892 800
879 400 892 600
879 200 893 400
877 800 896 1000
872 0 897 200
839 0 872 200
823 400 879 600
818 200 879 400
813 800 877 1000
798 600 885 800
746 0 839 200
729 400 823 600
723 200 818 400
717 800 813 1000
694 600 798 800
634 0 746 200
598 200 723 400
586 400 729 600
545 600 694 800
540 800 717 1000
390 200 598 400
369 400 586 600
308 600 545 800
291 800 540 1000
0 800 291 1000
0 600 308 800
0 400 369 600
0 200 390 400
0 0 634 200
845 200 848 400
840 800 845 1000
840 600 845 800
840 200 845 400
831 800 840 1000
816 800 831 1000
815 600 840 800
815 400 845 600
809 200 840 400
765 200 809 400
761 800 816 1000
756 400 815 600
752 600 815 800
697 200 765 400
688 400 756 600
670 600 752 800
667 800 761 1000
573 200 697 400
542 800 667 1000
541 600 670 800
519 400 688 600
367 200 573 400
306 400 519 600
295 600 541 800
275 800 542 1000
0 800 275 1000
0 600 295 800
0 400 306 600
0 200 367 400
0 0 985 200
915 500 924 625
914 125 935 250
912 875 936 1000
886 500 915 625
882 0 918 125
876 125 914 250
869 750 928 875
807 125 876 250
797 0 882 125
793 500 886 625
793 375 922 500
790 250 935 375
723 750 869 875
721 625 926 750
703 875 912 1000
594 125 807 250
562 250 790 375
525 375 793 500
479 500 793 625
403 625 721 750
384 750 723 875
356 875 703 1000
0 875 356 1000
0 750 384 875
0 625 403 750
0 500 479 625
0 375 525 500
0 250 562 375
0 125 594 250
0 0 797 125
875 125 879 250
870 875 888 1000
861 0 882 125
856 250 877 375
829 875 870 1000
826 125 875 250
825 500 892 625
823 375 890 500
818 625 890 750
810 750 890 875
770 250 856 375
727 500 825 625
711 375 823 500
698 625 818 750
650 750 810 875
647 875 829 1000
558 250 770 375
499 375 711 500
481 500 727 625
421 625 698 750
373 750 650 875
361 875 647 1000
0 875 361 1000
0 750 373 875
0 625 421 750
0 500 481 625
0 375 499 500
0 250 558 375
0 125 826 250
0 0 861 125
861 375 888 500
860 750 915 875
859 250 915 375
857 500 923 625
850 625 922 750
848 875 924 1000
836 125 920 250
831 0 922 125
759 625 850 750
756 250 859 375
745 750 860 875
745 375 861 500
738 500 857 625
710 0 831 125
703 875 848 1000
668 125 836 250
582 250 756 375
565 375 745 500
503 500 738 625
483 625 759 750
444 750 745 875
378 875 703 1000
0 875 378 1000
0 750 444 875
0 625 483 750
0 500 503 625
0 375 565 500
0 250 582 375
0 125 668 250
0 0 710 125
874 0 877 125
869 625 876 750
868 250 881 375
867 500 883 625
852 0 874 125
844 500 867 625
841 625 869 750
839 250 868 375
836 125 879 250
813 375 900 500
745 500 844 625
716 625 841 750
708 875 877 1000
670 0 852 125
669 750 910 875
594 125 836 250
592 250 839 375
561 375 813 500
492 500 745 625
460 625 716 750
413 750 669 875
407 875 708 1000
0 875 407 1000
0 750 413 875
0 625 460 750
0 500 492 625
0 375 561 500
0 250 592 375
0 125 594 250
0 0 670 125
893 750 901 875
891 875 900 1000
887 625 908 750
867 875 891 1000
840 875 867 1000
817 625 887 750
816 750 893 875
815 250 912 375
814 125 949 250
797 0 946 125
783 500 936 625
766 375 938 500
658 875 840 1000
630 125 814 250
625 625 817 750
618 750 816 875
606 250 815 375
533 375 766 500
528 500 783 625
345 625 625 750
334 750 618 875
330 875 658 1000
0 875 330 1000
0 750 334 875
0 625 345 750
0 500 528 625
0 375 533 500
0 250 606 375
0 125 630 250
0 0 797 125
