961 0 977 500
934 0 961 500
918 500 967 1000
877 0 934 500
861 500 918 1000
819 0 877 500
803 500 861 1000
750 0 819 500
727 500 803 1000
665 0 750 500
621 500 727 1000
558 0 665 500
491 500 621 1000
413 0 558 500
346 500 491 1000
253 0 413 500
180 500 346 1000
0 500 180 1000
0 0 253 500
976 0 986 500
970 500 983 1000
962 0 976 500
954 500 970 1000
937 500 954 1000
903 500 937 1000
901 0 962 500
837 0 901 500
830 500 903 1000
733 500 830 1000
724 0 837 500
614 500 733 1000
599 0 724 500
465 0 599 500
457 500 614 1000
294 0 465 500
283 500 457 1000
0 500 283 1000
0 0 294 500
977 0 991 500
970 500 984 1000
956 500 970 1000
937 500 956 1000
935 0 977 500
892 0 935 500
891 500 937 1000
841 0 892 500
822 500 891 1000
767 0 841 500
747 500 822 1000
674 0 767 500
653 500 747 1000
544 0 674 500
503 500 653 1000
361 0 544 500
262 500 503 1000
0 500 262 1000
0 0 361 500
982 0 985 500
976 500 982 1000
976 0 982 500
966 0 976 500
950 500 976 1000
938 0 966 500
920 500 950 1000
866 500 920 1000
855 0 938 500
748 0 855 500
744 500 866 1000
625 0 748 500
612 500 744 1000
472 0 625 500
453 500 612 1000
302 0 472 500
260 500 453 1000
0 500 260 1000
0 0 302 500
974 500 976 1000
971 500 974 1000
968 0 976 500
957 0 968 500
954 500 971 1000
940 0 957 500
918 0 940 500
917 500 954 1000
860 500 917 1000
850 0 918 500
758 500 860 1000
737 0 850 500
643 500 758 1000
608 0 737 500
460 0 608 500
459 500 643 1000
235 500 459 1000
0 500 235 1000
0 0 460 500
965 0 979 500
949 500 968 1000
941 0 965 500
914 0 941 500
905 500 949 1000
868 0 914 500
858 500 905 1000
797 0 868 500
761 500 858 1000
697 0 797 500
652 500 761 1000
570 0 697 500
518 500 652 1000
435 0 570 500
378 500 518 1000
272 0 435 500
198 500 378 1000
0 500 198 1000
0 0 272 500
960 500 964 1000
958 0 964 500
953 500 960 1000
941 500 953 1000
937 0 958 500
914 500 941 1000
892 0 937 500
855 500 914 1000
831 0 892 500
769 0 831 500
756 500 855 1000
660 0 769 500
644 500 756 1000
547 0 660 500
511 500 644 1000
382 0 547 500
288 500 511 1000
0 500 288 1000
0 0 382 500
966 500 969 1000
960 0 975 500
939 0 960 500
931 500 966 1000
885 500 931 1000
885 0 939 500
827 500 885 1000
825 0 885 500
765 0 825 500
762 500 827 1000
678 0 765 500
657 500 762 1000
571 0 678 500
540 500 657 1000
416 500 540 1000
405 0 571 500
234 500 416 1000
0 500 234 1000
0 0 405 500
960 0 961 500
958 500 969 1000
945 0 960 500
942 500 958 1000
926 500 942 1000
904 0 945 500
884 500 926 1000
855 0 904 500
833 500 884 1000
797 0 855 500
764 500 833 1000
724 0 797 500
690 500 764 1000
610 0 724 500
548 500 690 1000
401 0 610 500
299 500 548 1000
0 500 299 1000
0 0 401 500
963 500 969 1000
948 500 963 1000
946 0 965 500
926 500 948 1000
917 0 946 500
893 500 926 1000
881 0 917 500
857 500 893 1000
843 0 881 500
810 500 857 1000
784 0 843 500
733 500 810 1000
654 500 733 1000
654 0 784 500
518 500 654 1000
496 0 654 500
284 500 518 1000
0 500 284 1000
0 0 496 500
954 0 966 500
952 500 965 1000
937 500 952 1000
934 0 954 500
883 0 934 500
872 500 937 1000
798 0 883 500
783 500 872 1000
703 0 798 500
672 500 783 1000
579 0 703 500
547 500 672 1000
452 0 579 500
416 500 547 1000
318 0 452 500
281 500 416 1000
142 500 281 1000
0 500 142 1000
0 0 318 500
965 500 969 1000
963 0 976 500
949 500 965 1000
945 0 963 500
921 0 945 500
920 500 949 1000
868 0 921 500
865 500 920 1000
809 500 865 1000
807 0 868 500
742 0 807 500
715 500 809 1000
614 500 715 1000
614 0 742 500
446 0 614 500
444 500 614 1000
249 500 444 1000
0 500 249 1000
0 0 446 500
962 500 966 1000
952 500 962 1000
951 0 965 500
927 0 951 500
909 500 952 1000
881 0 927 500
859 500 909 1000
809 500 859 1000
799 0 881 500
711 500 809 1000
700 0 799 500
575 500 711 1000
560 0 700 500
426 500 575 1000
398 0 560 500
229 0 398 500
227 500 426 1000
0 500 227 1000
0 0 229 500
985 500 987 1000
978 0 987 500
968 0 978 500
933 0 968 500
920 500 985 1000
860 0 933 500
847 500 920 1000
773 500 847 1000
769 0 860 500
663 0 769 500
651 500 773 1000
531 0 663 500
507 500 651 1000
386 0 531 500
353 500 507 1000
225 0 386 500
178 500 353 1000
0 500 178 1000
0 0 225 500
955 500 967 1000
954 0 967 500
930 500 955 1000
926 0 954 500
898 500 930 1000
886 0 926 500
828 0 886 500
819 500 898 1000
743 0 828 500
731 500 819 1000
642 500 731 1000
642 0 743 500
500 500 642 1000
499 0 642 500
355 500 500 1000
337 0 499 500
178 500 355 1000
0 500 178 1000
0 0 337 500
978 500 998 1000
962 0 984 500
945 500 978 1000
910 0 962 500
891 500 945 1000
856 0 910 500
835 500 891 1000
776 0 856 500
746 500 835 1000
683 0 776 500
649 500 746 1000
586 0 683 500
542 500 649 1000
465 0 586 500
412 500 542 1000
293 0 465 500
219 500 412 1000
0 500 219 1000
0 0 293 500
984 500 985 1000
975 500 984 1000
974 0 989 500
958 500 975 1000
954 0 974 500
923 0 954 500
920 500 958 1000
882 500 920 1000
880 0 923 500
827 0 880 500
810 500 882 1000
755 0 827 500
733 500 810 1000
657 0 755 500
599 500 733 1000
493 0 657 500
398 500 599 1000
0 500 398 1000
0 0 493 500
959 0 965 500
956 500 980 1000
915 0 959 500
903 500 956 1000
861 0 915 500
837 500 903 1000
795 0 861 500
771 500 837 1000
704 500 771 1000
704 0 795 500
590 0 704 500
586 500 704 1000
464 0 590 500
457 500 586 1000
324 500 457 1000
318 0 464 500
177 500 324 1000
0 500 177 1000
0 0 318 500
975 500 981 1000
956 500 975 1000
956 0 982 500
928 500 956 1000
921 0 956 500
878 0 921 500
873 500 928 1000
811 500 873 1000
811 0 878 500
704 0 811 500
703 500 811 1000
590 0 704 500
588 500 703 1000
468 0 590 500
459 500 588 1000
331 0 468 500
299 500 459 1000
0 500 299 1000
0 0 331 500
963 0 974 500
949 0 963 500
945 500 963 1000
928 0 949 500
920 500 945 1000
890 500 920 1000
886 0 928 500
846 500 890 1000
838 0 886 500
783 0 838 500
775 500 846 1000
677 0 783 500
661 500 775 1000
546 0 677 500
509 500 661 1000
393 0 546 500
355 500 509 1000
0 500 355 1000
0 0 393 500
967 0 978 500
960 500 972 1000
950 0 967 500
925 0 950 500
919 500 960 1000
872 500 919 1000
862 0 925 500
791 0 862 500
781 500 872 1000
686 0 791 500
673 500 781 1000
554 0 686 500
532 500 673 1000
410 0 554 500
364 500 532 1000
242 0 410 500
191 500 364 1000
0 500 191 1000
0 0 242 500
970 0 975 500
963 0 970 500
961 500 979 1000
937 0 963 500
933 500 961 1000
908 0 937 500
900 500 933 1000
854 0 908 500
839 500 900 1000
787 0 854 500
772 500 839 1000
692 0 787 500
661 500 772 1000
562 0 692 500
483 500 661 1000
366 0 562 500
277 500 483 1000
0 500 277 1000
0 0 366 500
963 500 965 1000
950 500 963 1000
950 0 967 500
927 0 950 500
926 500 950 1000
890 500 926 1000
886 0 927 500
825 0 886 500
817 500 890 1000
749 0 825 500
738 500 817 1000
634 500 738 1000
631 0 749 500
481 0 631 500
469 500 634 1000
313 0 481 500
278 500 469 1000
0 500 278 1000
0 0 313 500
983 0 987 500
979 500 988 1000
973 0 983 500
954 500 979 1000
926 500 954 1000
925 0 973 500
875 500 926 1000
873 0 925 500
823 500 875 1000
818 0 873 500
761 0 818 500
759 500 823 1000
695 0 761 500
640 500 759 1000
567 0 695 500
363 0 567 500
325 500 640 1000
0 500 325 1000
0 0 363 500
955 500 969 1000
943 0 959 500
927 500 955 1000
911 0 943 500
885 500 927 1000
849 0 911 500
817 500 885 1000
763 0 849 500
731 500 817 1000
672 0 763 500
619 500 731 1000
550 0 672 500
491 500 619 1000
420 0 550 500
360 500 491 1000
287 0 420 500
208 500 360 1000
0 500 208 1000
0 0 287 500
976 500 981 1000
962 500 976 1000
962 0 981 500
920 500 962 1000
919 0 962 500
876 500 920 1000
868 0 919 500
794 0 868 500
793 500 876 1000
683 500 793 1000
683 0 794 500
568 500 683 1000
566 0 683 500
438 0 566 500
435 500 568 1000
291 0 438 500
264 500 435 1000
0 500 264 1000
0 0 291 500
972 0 987 500
964 500 984 1000
943 0 972 500
929 500 964 1000
903 0 943 500
885 500 929 1000
855 0 903 500
833 500 885 1000
798 0 855 500
776 500 833 1000
697 500 776 1000
697 0 798 500
549 500 697 1000
547 0 697 500
382 500 549 1000
380 0 547 500
207 500 382 1000
0 500 207 1000
0 0 380 500
961 500 964 1000
947 500 961 1000
945 0 967 500
924 500 947 1000
922 0 945 500
896 500 924 1000
882 0 922 500
827 0 882 500
806 500 896 1000
720 0 827 500
698 500 806 1000
609 0 720 500
582 500 698 1000
453 0 609 500
412 500 582 1000
269 0 453 500
220 500 412 1000
0 500 220 1000
0 0 269 500
964 0 980 500
932 500 964 1000
927 0 964 500
889 0 927 500
882 500 932 1000
836 0 889 500
828 500 882 1000
772 0 836 500
751 500 828 1000
673 500 751 1000
671 0 772 500
556 500 673 1000
554 0 671 500
430 500 556 1000
408 0 554 500
250 0 408 500
227 500 430 1000
0 500 227 1000
0 0 250 500
979 0 982 500
973 0 979 500
972 500 980 1000
959 500 972 1000
945 0 973 500
925 500 959 1000
898 0 945 500
869 500 925 1000
838 0 898 500
801 500 869 1000
761 0 838 500
723 500 801 1000
681 0 761 500
634 500 723 1000
543 500 634 1000
451 500 543 1000
288 500 451 1000
0 500 288 1000
0 0 681 500
974 0 979 500
966 500 985 1000
944 500 966 1000
943 0 974 500
911 500 944 1000
910 0 943 500
871 500 911 1000
866 0 910 500
815 0 866 500
812 500 871 1000
753 500 812 1000
746 0 815 500
658 0 746 500
628 500 753 1000
481 0 658 500
450 500 628 1000
251 500 450 1000
0 500 251 1000
0 0 481 500
977 500 993 1000
962 0 980 500
954 500 977 1000
929 500 954 1000
928 0 962 500
886 0 928 500
876 500 929 1000
822 500 876 1000
822 0 886 500
758 0 822 500
734 500 822 1000
670 0 758 500
610 500 734 1000
543 0 670 500
446 500 610 1000
367 0 543 500
232 500 446 1000
0 500 232 1000
0 0 367 500
971 0 973 500
965 0 971 500
955 0 965 500
949 500 973 1000
923 500 949 1000
920 0 955 500
880 500 923 1000
868 0 920 500
811 0 868 500
810 500 880 1000
732 500 810 1000
724 0 811 500
599 500 732 1000
584 0 724 500
453 500 599 1000
407 0 584 500
257 500 453 1000
0 500 257 1000
0 0 407 500
987 0 988 500
972 0 987 500
957 0 972 500
937 0 957 500
936 500 987 1000
876 500 936 1000
874 0 937 500
806 500 876 1000
800 0 874 500
715 0 800 500
707 500 806 1000
603 0 715 500
592 500 707 1000
453 500 592 1000
451 0 603 500
278 0 451 500
234 500 453 1000
0 500 234 1000
0 0 278 500
983 500 984 1000
983 0 990 500
976 500 983 1000
967 500 976 1000
953 0 983 500
936 500 967 1000
915 0 953 500
885 500 936 1000
855 0 915 500
822 500 885 1000
772 0 855 500
736 500 822 1000
680 0 772 500
568 500 736 1000
509 0 680 500
331 0 509 500
285 500 568 1000
0 500 285 1000
0 0 331 500
977 0 980 500
975 500 980 1000
969 500 975 1000
961 500 969 1000
956 0 977 500
933 0 956 500
921 500 961 1000
890 0 933 500
878 500 921 1000
842 0 890 500
823 500 878 1000
764 500 823 1000
761 0 842 500
645 500 764 1000
635 0 761 500
517 500 645 1000
342 500 517 1000
0 500 342 1000
0 0 635 500
981 0 982 500
969 0 981 500
966 500 984 1000
940 500 966 1000
929 0 969 500
878 0 929 500
873 500 940 1000
796 500 873 1000
784 0 878 500
684 0 784 500
672 500 796 1000
553 0 684 500
520 500 672 1000
399 0 553 500
362 500 520 1000
224 0 399 500
186 500 362 1000
0 500 186 1000
0 0 224 500
963 500 968 1000
958 0 964 500
951 500 963 1000
917 500 951 1000
916 0 958 500
865 0 916 500
838 500 917 1000
764 0 865 500
727 500 838 1000
653 0 764 500
611 500 727 1000
530 0 653 500
473 500 611 1000
389 0 530 500
331 500 473 1000
234 0 389 500
174 500 331 1000
0 500 174 1000
0 0 234 500
967 0 978 500
937 500 970 1000
934 0 967 500
891 0 934 500
887 500 937 1000
841 0 891 500
831 500 887 1000
779 0 841 500
768 500 831 1000
682 500 768 1000
680 0 779 500
574 0 680 500
566 500 682 1000
440 0 574 500
405 500 566 1000
277 0 440 500
232 500 405 1000
0 500 232 1000
0 0 277 500
962 500 963 1000
960 500 962 1000
957 500 960 1000
951 500 957 1000
951 0 965 500
924 500 951 1000
921 0 951 500
887 500 924 1000
856 0 921 500
793 500 887 1000
760 0 856 500
694 500 793 1000
622 0 760 500
534 500 694 1000
454 0 622 500
283 0 454 500
279 500 534 1000
0 500 279 1000
0 0 283 500
957 0 965 500
949 500 960 1000
943 0 957 500
925 0 943 500
924 500 949 1000
898 0 925 500
896 500 924 1000
864 500 896 1000
863 0 898 500
823 0 863 500
814 500 864 1000
754 500 814 1000
752 0 823 500
615 0 752 500
613 500 754 1000
463 0 615 500
343 500 613 1000
0 500 343 1000
0 0 463 500
965 0 967 500
960 500 972 1000
951 0 965 500
943 500 960 1000
932 0 951 500
884 500 943 1000
870 0 932 500
803 0 870 500
802 500 884 1000
720 0 803 500
708 500 802 1000
611 500 708 1000
610 0 720 500
463 0 610 500
459 500 611 1000
255 0 463 500
249 500 459 1000
0 500 249 1000
0 0 255 500
987 0 989 500
980 0 987 500
979 500 988 1000
958 500 979 1000
956 0 980 500
934 500 958 1000
923 0 956 500
900 500 934 1000
866 500 900 1000
854 0 923 500
771 0 854 500
754 500 866 1000
646 0 771 500
624 500 754 1000
514 0 646 500
348 0 514 500
345 500 624 1000
0 500 345 1000
0 0 348 500
979 500 981 1000
978 0 982 500
970 500 979 1000
969 0 978 500
957 500 970 1000
956 0 969 500
917 500 957 1000
904 0 956 500
851 0 904 500
848 500 917 1000
747 500 848 1000
728 0 851 500
622 500 747 1000
572 0 728 500
452 500 622 1000
387 0 572 500
252 500 452 1000
0 500 252 1000
0 0 387 500
