952 500 958 750
944 500 952 750
940 750 961 1000
938 250 960 500
937 0 959 250
912 250 938 500
911 750 940 1000
911 500 944 750
894 0 937 250
868 250 912 500
853 750 911 1000
851 500 911 750
833 0 894 250
804 250 868 500
780 500 851 750
778 750 853 1000
753 0 833 250
724 250 804 500
698 500 780 750
689 750 778 1000
664 0 753 250
619 250 724 500
593 500 698 750
567 750 689 1000
527 0 664 250
461 250 619 500
423 500 593 750
391 750 567 1000
349 0 527 250
279 250 461 500
239 500 423 750
197 750 391 1000
0 750 197 1000
0 500 239 750
0 250 279 500
0 0 349 250
964 250 967 500
962 750 969 1000
960 500 970 750
959 0 970 250
951 250 964 500
946 750 962 1000
941 0 959 250
939 500 960 750
919 750 946 1000
918 250 951 500
902 500 939 750
897 0 941 250
856 500 902 750
850 0 897 250
846 250 918 500
844 750 919 1000
780 500 856 750
773 0 850 250
763 750 844 1000
752 250 846 500
662 0 773 250
631 250 752 500
630 750 763 1000
620 500 780 750
495 0 662 250
462 750 630 1000
449 500 620 750
449 250 631 500
301 0 495 250
253 250 449 500
250 500 449 750
236 750 462 1000
0 750 236 1000
0 500 250 750
0 250 253 500
0 0 301 250
977 500 986 750
967 500 977 750
964 750 979 1000
964 0 988 250
963 250 988 500
938 750 964 1000
935 250 963 500
929 0 964 250
927 500 967 750
891 250 935 500
884 750 938 1000
872 0 929 250
868 500 927 750
831 250 891 500
820 750 884 1000
807 0 872 250
801 500 868 750
753 250 831 500
741 750 820 1000
727 0 807 250
719 500 801 750
670 250 753 500
642 0 727 250
631 500 719 750
626 750 741 1000
547 250 670 500
512 0 642 250
492 500 631 750
486 750 626 1000
404 250 547 500
346 500 492 750
282 750 486 1000
0 750 282 1000
0 500 346 750
0 250 404 500
0 0 512 250
951 750 957 1000
941 750 951 1000
941 500 959 750
940 250 960 500
938 0 958 250
917 0 938 250
913 750 941 1000
909 250 940 500
907 500 941 750
874 250 909 500
869 500 907 750
868 0 917 250
862 750 913 1000
811 0 868 250
803 750 862 1000
803 500 869 750
802 250 874 500
732 0 811 250
716 250 802 500
709 750 803 1000
701 500 803 750
626 0 732 250
599 250 716 500
584 750 709 1000
571 500 701 750
489 0 626 250
415 500 571 750
414 750 584 1000
408 250 599 500
216 250 408 500
213 500 415 750
210 750 414 1000
0 750 210 1000
0 500 213 750
0 250 216 500
0 0 489 250
958 250 971 500
945 250 958 500
944 500 959 750
941 0 959 250
937 750 958 1000
912 750 937 1000
908 0 941 250
907 500 944 750
907 250 945 500
864 0 908 250
859 500 907 750
857 750 912 1000
847 250 907 500
797 750 857 1000
795 500 859 750
783 250 847 500
778 0 864 250
710 750 797 1000
707 500 795 750
690 250 783 500
679 0 778 250
608 500 707 750
601 750 710 1000
577 250 690 500
557 0 679 250
450 250 577 500
438 750 601 1000
432 500 608 750
377 0 557 250
270 250 450 500
243 500 432 750
230 750 438 1000
0 750 230 1000
0 500 243 750
0 250 270 500
0 0 377 250
981 0 983 250
980 250 984 500
979 750 984 1000
975 500 989 750
958 0 981 250
955 750 979 1000
955 250 980 500
948 500 975 750
914 500 948 750
913 750 955 1000
910 0 958 250
906 250 955 500
860 0 910 250
855 250 906 500
853 500 914 750
849 750 913 1000
790 250 855 500
788 0 860 250
764 750 849 1000
757 500 853 750
665 250 790 500
659 0 788 250
624 500 757 750
621 750 764 1000
505 0 659 250
502 250 665 500
456 750 621 1000
455 500 624 750
329 0 505 250
319 250 502 500
264 500 455 750
252 750 456 1000
0 750 252 1000
0 500 264 750
0 250 319 500
0 0 329 250
973 250 974 500
970 250 973 500
964 250 970 500
963 750 980 1000
961 0 983 250
960 500 984 750
936 0 961 250
935 500 960 750
929 250 964 500
927 750 963 1000
898 0 936 250
889 250 929 500
888 500 935 750
876 750 927 1000
846 0 898 250
835 250 889 500
832 500 888 750
820 750 876 1000
789 0 846 250
756 750 820 1000
752 500 832 750
748 250 835 500
663 750 756 1000
658 500 752 750
658 0 789 250
603 250 748 500
509 0 658 250
496 500 658 750
490 750 663 1000
416 250 603 500
261 500 496 750
251 750 490 1000
0 750 251 1000
0 500 261 750
0 250 416 500
0 0 509 250
951 250 952 500
949 250 951 500
946 750 959 1000
946 500 959 750
945 0 959 250
932 250 949 500
928 500 946 750
924 750 946 1000
906 500 928 750
906 250 932 500
898 750 924 1000
872 750 898 1000
868 500 906 750
860 250 906 500
826 750 872 1000
821 500 868 750
813 250 860 500
745 750 826 1000
739 500 821 750
731 250 813 500
656 750 745 1000
648 500 739 750
636 250 731 500
541 250 636 500
540 750 656 1000
530 500 648 750
417 750 540 1000
413 250 541 500
394 500 530 750
268 250 413 500
225 500 394 750
209 750 417 1000
0 750 209 1000
0 500 225 750
0 250 268 500
0 0 945 250
970 750 979 1000
970 0 980 250
969 500 982 750
965 250 979 500
952 750 970 1000
951 500 969 750
927 500 951 750
922 750 952 1000
922 0 970 250
917 250 965 500
871 0 922 250
869 750 922 1000
869 500 927 750
850 250 917 500
802 0 871 250
799 500 869 750
786 750 869 1000
755 250 850 500
704 0 802 250
699 500 799 750
685 750 786 1000
641 250 755 500
583 500 699 750
581 0 704 250
561 750 685 1000
513 250 641 500
455 500 583 750
427 750 561 1000
424 0 581 250
355 250 513 500
229 750 427 1000
229 500 455 750
0 750 229 1000
0 500 229 750
0 250 355 500
0 0 424 250
963 750 965 1000
956 0 966 250
954 250 965 500
953 500 968 750
943 750 963 1000
931 250 954 500
931 0 956 250
927 500 953 750
901 500 927 750
901 250 931 500
898 0 931 250
897 750 943 1000
851 500 901 750
845 250 901 500
841 750 897 1000
840 0 898 250
774 0 840 250
772 500 851 750
762 250 845 500
756 750 841 1000
667 250 762 500
657 750 756 1000
657 500 772 750
655 0 774 250
540 250 667 500
524 500 657 750
518 0 655 250
508 750 657 1000
356 0 518 250
345 250 540 500
328 500 524 750
255 750 508 1000
0 750 255 1000
0 500 328 750
0 250 345 500
0 0 356 250
971 750 977 1000
968 500 975 750
964 750 971 1000
964 250 974 500
964 0 976 250
956 500 968 750
950 750 964 1000
949 250 964 500
946 0 964 250
930 250 949 500
927 0 946 250
922 750 950 1000
921 500 956 750
884 500 921 750
883 750 922 1000
883 250 930 500
875 0 927 250
821 0 875 250
817 750 883 1000
816 500 884 750
810 250 883 500
746 0 821 250
730 500 816 750
727 750 817 1000
705 250 810 500
586 250 705 500
574 500 730 750
562 750 727 1000
543 0 746 250
372 250 586 500
323 500 574 750
284 750 562 1000
0 750 284 1000
0 500 323 750
0 250 372 500
0 0 543 250
965 750 973 1000
963 0 971 250
961 500 974 750
949 750 965 1000
947 250 966 500
941 500 961 750
940 0 963 250
920 750 949 1000
917 250 947 500
909 0 940 250
905 500 941 750
883 750 920 1000
880 250 917 500
868 0 909 250
863 500 905 750
834 750 883 1000
826 250 880 500
810 0 868 250
804 500 863 750
741 0 810 250
738 250 826 500
737 750 834 1000
693 500 804 750
624 750 737 1000
616 0 741 250
611 250 738 500
566 500 693 750
486 750 624 1000
439 0 616 250
426 250 611 500
379 500 566 750
275 750 486 1000
0 750 275 1000
0 500 379 750
0 250 426 500
0 0 439 250
971 250 975 500
970 750 976 1000
964 250 971 500
964 0 974 250
963 500 974 750
958 750 970 1000
952 250 964 500
951 0 964 250
947 500 963 750
922 500 947 750
922 250 952 500
915 0 951 250
913 750 958 1000
867 0 915 250
865 750 913 1000
865 500 922 750
864 250 922 500
803 250 864 500
800 750 865 1000
796 0 867 250
784 500 865 750
709 0 796 250
694 500 784 750
693 750 800 1000
685 250 803 500
586 0 709 250
558 250 685 500
550 500 694 750
541 750 693 1000
389 250 558 500
377 500 550 750
346 750 541 1000
0 750 346 1000
0 500 377 750
0 250 389 500
0 0 586 250
980 750 982 1000
975 0 985 250
970 250 981 500
968 750 980 1000
966 500 982 750
959 0 975 250
952 750 968 1000
951 250 970 500
946 500 966 750
939 0 959 250
930 750 952 1000
928 250 951 500
923 500 946 750
912 0 939 250
901 750 930 1000
888 250 928 500
871 500 923 750
845 0 912 250
818 250 888 500
815 750 901 1000
785 500 871 750
758 0 845 250
728 250 818 500
717 750 815 1000
684 500 785 750
650 0 758 250
564 500 684 750
562 250 728 500
544 750 717 1000
350 250 562 500
312 500 564 750
274 750 544 1000
0 750 274 1000
0 500 312 750
0 250 350 500
0 0 650 250
957 250 958 500
956 250 957 500
955 0 959 250
953 750 963 1000
941 750 953 1000
940 0 955 250
938 250 956 500
937 500 960 750
917 0 940 250
914 250 938 500
910 500 937 750
909 750 941 1000
885 0 917 250
877 500 910 750
876 750 909 1000
875 250 914 500
831 0 885 250
821 250 875 500
816 500 877 750
808 750 876 1000
763 0 831 250
745 250 821 500
730 500 816 750
707 750 808 1000
639 250 745 500
629 0 763 250
594 500 730 750
551 750 707 1000
379 0 629 250
373 250 639 500
321 500 594 750
278 750 551 1000
0 750 278 1000
0 500 321 750
0 250 373 500
0 0 379 250
958 500 959 750
957 750 962 1000
951 750 957 1000
951 0 959 250
939 0 951 250
934 750 951 1000
931 500 958 750
931 250 962 500
905 0 939 250
898 750 934 1000
895 500 931 750
895 250 931 500
859 250 895 500
858 750 898 1000
857 0 905 250
844 500 895 750
777 0 857 250
775 750 858 1000
768 250 859 500
751 500 844 750
683 0 777 250
673 250 768 500
671 750 775 1000
640 500 751 750
567 0 683 250
521 500 640 750
521 250 673 500
505 750 671 1000
387 0 567 250
336 250 521 500
335 500 521 750
254 750 505 1000
0 750 254 1000
0 500 335 750
0 250 336 500
0 0 387 250
974 0 975 250
970 750 980 1000
970 250 983 500
969 500 983 750
952 500 969 750
951 250 970 500
950 750 970 1000
948 0 974 250
921 0 948 250
911 250 951 500
908 500 952 750
905 750 950 1000
871 0 921 250
857 500 908 750
857 250 911 500
850 750 905 1000
813 0 871 250
782 750 850 1000
781 500 857 750
768 250 857 500
722 0 813 250
679 500 781 750
674 750 782 1000
660 250 768 500
603 0 722 250
548 500 679 750
542 750 674 1000
528 250 660 500
416 0 603 250
310 250 528 500
298 500 548 750
291 750 542 1000
0 750 291 1000
0 500 298 750
0 250 310 500
0 0 416 250
969 250 975 500
964 0 976 250
963 500 978 750
958 750 975 1000
938 750 958 1000
938 500 963 750
937 0 964 250
936 250 969 500
898 750 938 1000
893 250 936 500
893 0 937 250
891 500 938 750
843 500 891 750
841 0 893 250
840 250 893 500
839 750 898 1000
767 0 841 250
764 750 839 1000
761 500 843 750
745 250 840 500
662 0 767 250
635 250 745 500
630 500 761 750
627 750 764 1000
525 0 662 250
494 250 635 500
461 500 630 750
448 750 627 1000
343 0 525 250
309 250 494 500
253 500 461 750
225 750 448 1000
0 750 225 1000
0 500 253 750
0 250 309 500
0 0 343 250
956 0 959 250
951 0 956 250
948 500 959 750
948 250 963 500
946 750 968 1000
925 500 948 750
923 750 946 1000
923 250 948 500
923 0 951 250
893 750 923 1000
885 0 923 250
874 250 923 500
873 500 925 750
815 250 874 500
812 500 873 750
811 0 885 250
805 750 893 1000
719 250 815 500
709 750 805 1000
705 500 812 750
702 0 811 250
586 250 719 500
576 750 709 1000
567 500 705 750
554 0 702 250
418 500 567 750
418 250 586 500
407 750 576 1000
384 0 554 250
231 250 418 500
223 500 418 750
204 750 407 1000
0 750 204 1000
0 500 223 750
0 250 231 500
0 0 384 250
950 500 957 750
949 750 958 1000
948 0 959 250
938 500 950 750
920 500 938 750
918 0 948 250
913 750 949 1000
912 250 954 500
875 0 918 250
867 750 913 1000
864 250 912 500
863 500 920 750
818 0 875 250
804 500 863 750
802 750 867 1000
798 250 864 500
750 0 818 250
736 500 804 750
724 250 798 500
722 750 802 1000
648 0 750 250
622 250 724 500
619 750 722 1000
618 500 736 750
528 0 648 250
481 750 619 1000
475 250 622 500
470 500 618 750
348 0 528 250
292 250 475 500
280 500 470 750
278 750 481 1000
0 750 278 1000
0 500 280 750
0 250 292 500
0 0 348 250
971 750 974 1000
966 0 979 250
963 250 978 500
956 750 971 1000
955 500 974 750
937 750 956 1000
936 500 955 750
936 250 963 500
936 0 966 250
892 0 936 250
888 500 936 750
887 750 937 1000
886 250 936 500
835 250 886 500
833 750 887 1000
833 500 888 750
833 0 892 250
769 500 833 750
766 250 835 500
761 750 833 1000
749 0 833 250
676 750 761 1000
674 500 769 750
666 250 766 500
642 0 749 250
518 0 642 250
508 750 676 1000
496 250 666 500
486 500 674 750
307 250 496 500
281 500 486 750
269 750 508 1000
0 750 269 1000
0 500 281 750
0 250 307 500
0 0 518 250
973 500 983 750
969 250 980 500
962 500 973 750
961 750 974 1000
956 0 974 250
941 250 969 500
929 750 961 1000
928 500 962 750
921 0 956 250
904 250 941 500
891 750 929 1000
887 500 928 750
875 0 921 250
856 250 904 500
834 500 887 750
832 750 891 1000
791 250 856 500
787 0 875 250
744 500 834 750
742 750 832 1000
690 0 787 250
685 250 791 500
629 500 744 750
617 750 742 1000
562 0 690 250
524 250 685 500
466 500 629 750
452 750 617 1000
395 0 562 250
355 250 524 500
285 500 466 750
262 750 452 1000
0 750 262 1000
0 500 285 750
0 250 355 500
0 0 395 250
971 0 975 250
969 250 973 500
966 750 979 1000
955 500 971 750
949 250 969 500
946 0 971 250
937 750 966 1000
920 500 955 750
885 500 920 750
884 750 937 1000
884 0 946 250
882 250 949 500
816 0 884 250
815 750 884 1000
812 500 885 750
808 250 882 500
732 250 808 500
730 500 812 750
729 0 816 250
720 750 815 1000
626 0 729 250
618 500 730 750
607 250 732 500
581 750 720 1000
467 250 607 500
466 0 626 250
450 500 618 750
409 750 581 1000
290 0 466 250
273 250 467 500
253 500 450 750
209 750 409 1000
0 750 209 1000
0 500 253 750
0 250 273 500
0 0 290 250
965 250 967 500
960 750 966 1000
950 250 965 500
932 250 950 500
931 750 960 1000
930 500 966 750
930 0 966 250
895 250 932 500
894 750 931 1000
893 500 930 750
890 0 930 250
844 500 893 750
841 750 894 1000
840 250 895 500
834 0 890 250
784 500 844 750
779 750 841 1000
771 0 834 250
768 250 840 500
706 500 784 750
693 750 779 1000
683 0 771 250
678 250 768 500
616 500 706 750
598 750 693 1000
576 0 683 250
564 250 678 500
459 0 576 250
443 250 564 500
433 750 598 1000
430 500 616 750
246 750 433 1000
0 750 246 1000
0 500 430 750
0 250 443 500
0 0 459 250
967 0 982 250
965 750 982 1000
947 750 965 1000
946 500 967 750
942 0 967 250
941 250 967 500
910 0 942 250
909 750 947 1000
908 500 946 750
898 250 941 500
848 250 898 500
842 500 908 750
838 0 910 250
836 750 909 1000
760 750 836 1000
756 0 838 250
754 500 842 750
750 250 848 500
658 0 756 250
655 500 754 750
653 750 760 1000
634 250 750 500
537 750 653 1000
527 500 655 750
524 0 658 250
499 250 634 500
385 500 527 750
382 0 524 250
380 750 537 1000
340 250 499 500
221 500 385 750
194 750 380 1000
0 750 194 1000
0 500 221 750
0 250 340 500
0 0 382 250
973 250 974 500
972 750 980 1000
964 750 972 1000
964 500 974 750
963 0 975 250
944 0 963 250
943 500 964 750
942 750 964 1000
942 250 973 500
908 750 942 1000
907 250 942 500
902 500 943 750
900 0 944 250
860 750 908 1000
851 0 900 250
848 500 902 750
846 250 907 500
779 250 846 500
778 500 848 750
774 0 851 250
770 750 860 1000
686 250 779 500
681 500 778 750
672 750 770 1000
665 0 774 250
575 250 686 500
554 750 672 1000
543 500 681 750
521 0 665 250
424 250 575 500
391 500 543 750
312 750 554 1000
0 750 312 1000
0 500 391 750
0 250 424 500
0 0 521 250
964 250 966 500
964 0 980 250
948 0 964 250
944 250 964 500
942 750 966 1000
940 500 968 750
918 0 948 250
910 500 940 750
910 250 944 500
904 750 942 1000
875 0 918 250
860 750 904 1000
858 500 910 750
857 250 910 500
822 0 875 250
802 250 857 500
801 500 858 750
800 750 860 1000
754 0 822 250
729 250 802 500
726 750 800 1000
724 500 801 750
668 0 754 250
628 500 724 750
621 250 729 500
614 750 726 1000
498 750 614 1000
491 250 621 500
479 500 628 750
338 250 491 500
319 500 479 750
299 750 498 1000
0 750 299 1000
0 500 319 750
0 250 338 500
0 0 668 250
984 250 987 500
983 0 986 250
982 500 987 750
979 750 985 1000
976 250 984 500
974 0 983 250
970 750 979 1000
968 500 982 750
956 750 970 1000
953 500 968 750
951 0 974 250
950 250 976 500
929 750 956 1000
915 0 951 250
913 250 950 500
909 500 953 750
879 750 929 1000
837 250 913 500
834 0 915 250
825 500 909 750
785 750 879 1000
736 0 834 250
727 500 825 750
723 250 837 500
664 750 785 1000
592 500 727 750
585 250 723 500
551 0 736 250
365 0 551 250
362 250 585 500
359 500 592 750
335 750 664 1000
0 750 335 1000
0 500 359 750
0 250 362 500
0 0 365 250
951 250 960 500
947 750 964 1000
939 500 956 750
938 0 956 250
929 250 951 500
925 750 947 1000
912 0 938 250
911 500 939 750
880 0 912 250
877 500 911 750
875 750 925 1000
875 250 929 500
820 250 875 500
817 750 875 1000
816 500 877 750
814 0 880 250
753 250 820 500
748 750 817 1000
741 0 814 250
734 500 816 750
649 500 734 750
643 0 741 250
633 750 748 1000
631 250 753 500
497 250 631 500
487 0 643 250
472 750 633 1000
468 500 649 750
303 0 487 250
295 250 497 500
257 500 468 750
246 750 472 1000
0 750 246 1000
0 500 257 750
0 250 295 500
0 0 303 250
953 750 955 1000
943 750 953 1000
943 500 954 750
942 250 955 500
942 0 961 250
917 0 942 250
916 750 943 1000
915 500 943 750
914 250 942 500
887 0 917 250
882 750 916 1000
880 500 915 750
878 250 914 500
830 250 878 500
826 0 887 250
818 500 880 750
816 750 882 1000
759 0 826 250
757 250 830 500
741 500 818 750
738 750 816 1000
679 0 759 250
673 250 757 500
619 750 738 1000
613 500 741 750
546 0 679 250
540 250 673 500
465 750 619 1000
458 500 613 750
380 250 540 500
294 500 458 750
241 750 465 1000
0 750 241 1000
0 500 294 750
0 250 380 500
0 0 546 250
956 0 957 250
955 250 959 500
946 250 955 500
945 500 956 750
934 250 946 500
933 500 945 750
931 750 956 1000
925 0 956 250
889 0 925 250
884 750 931 1000
883 250 934 500
881 500 933 750
836 0 889 250
829 750 884 1000
826 250 883 500
823 500 881 750
769 750 829 1000
762 500 823 750
759 250 826 500
759 0 836 250
692 750 769 1000
681 0 759 250
675 500 762 750
657 250 759 500
539 750 692 1000
509 500 675 750
509 0 681 250
481 250 657 500
330 0 509 250
294 250 481 500
285 500 509 750
279 750 539 1000
0 750 279 1000
0 500 285 750
0 250 294 500
0 0 330 250
958 0 962 250
957 250 962 500
956 750 962 1000
945 0 958 250
944 500 958 750
943 250 957 500
927 500 944 750
927 0 945 250
924 250 943 500
923 750 956 1000
890 500 927 750
889 0 927 250
884 250 924 500
883 750 923 1000
842 750 883 1000
842 250 884 500
841 500 890 750
834 0 889 250
775 500 841 750
764 250 842 500
759 750 842 1000
747 0 834 250
653 750 759 1000
638 0 747 250
634 500 775 750
622 250 764 500
502 750 653 1000
486 0 638 250
468 500 634 750
424 250 622 500
253 500 468 750
252 750 502 1000
0 750 252 1000
0 500 253 750
0 250 424 500
0 0 486 250
972 750 981 1000
970 500 987 750
969 0 990 250
945 0 969 250
942 750 972 1000
941 250 975 500
931 500 970 750
906 0 945 250
898 750 942 1000
894 250 941 500
883 500 931 750
849 750 898 1000
847 0 906 250
834 250 894 500
821 500 883 750
779 0 847 250
777 750 849 1000
752 250 834 500
732 500 821 750
676 750 777 1000
675 0 779 250
639 250 752 500
616 500 732 750
549 750 676 1000
548 0 675 250
500 250 639 500
473 500 616 750
402 750 549 1000
387 0 548 250
335 250 500 500
305 500 473 750
217 750 402 1000
0 750 217 1000
0 500 305 750
0 250 335 500
0 0 387 250
950 250 954 500
949 750 959 1000
948 0 959 250
936 500 954 750
929 250 950 500
924 0 948 250
923 750 949 1000
908 500 936 750
894 750 923 1000
889 0 924 250
888 250 929 500
867 500 908 750
843 0 889 250
841 250 888 500
838 750 894 1000
811 500 867 750
772 750 838 1000
743 500 811 750
743 0 843 250
741 250 841 500
671 750 772 1000
634 0 743 250
630 500 743 750
621 250 741 500
551 750 671 1000
511 0 634 250
494 250 621 500
486 500 630 750
367 0 511 250
347 250 494 500
310 500 486 750
278 750 551 1000
0 750 278 1000
0 500 310 750
0 250 347 500
0 0 367 250
982 0 987 250
972 0 982 250
971 500 984 750
969 750 986 1000
969 250 987 500
949 0 972 250
945 750 969 1000
944 250 969 500
942 500 971 750
903 500 942 750
900 250 944 500
898 750 945 1000
892 0 949 250
840 750 898 1000
840 250 900 500
839 500 903 750
826 0 892 250
770 250 840 500
748 750 840 1000
742 500 839 750
728 0 826 250
671 250 770 500
629 0 728 250
628 500 742 750
617 750 748 1000
538 250 671 500
490 0 629 250
460 750 617 1000
460 500 628 750
360 250 538 500
269 500 460 750
233 750 460 1000
0 750 233 1000
0 500 269 750
0 250 360 500
0 0 490 250
965 250 967 500
963 250 965 500
963 0 966 250
962 750 966 1000
959 250 963 500
953 250 959 500
952 750 962 1000
952 0 963 250
951 500 965 750
932 500 951 750
928 250 953 500
926 750 952 1000
922 0 952 250
899 500 932 750
892 750 926 1000
886 0 922 250
885 250 928 500
838 250 885 500
827 0 886 250
817 750 892 1000
807 500 899 750
727 0 827 250
695 500 807 750
694 750 817 1000
688 250 838 500
554 0 727 250
512 750 694 1000
504 250 688 500
502 500 695 750
299 250 504 500
286 500 502 750
269 750 512 1000
0 750 269 1000
0 500 286 750
0 250 299 500
0 0 554 250
963 750 964 1000
963 250 965 500
962 0 965 250
961 500 966 750
957 0 962 250
955 750 963 1000
955 250 963 500
950 500 961 750
941 0 957 250
939 250 955 500
918 0 941 250
914 250 939 500
910 500 950 750
903 750 955 1000
845 750 903 1000
844 500 910 750
844 250 914 500
844 0 918 250
769 500 844 750
765 250 844 500
763 0 844 250
759 750 845 1000
655 500 769 750
641 0 763 250
637 750 759 1000
630 250 765 500
502 750 637 1000
491 0 641 250
487 500 655 750
447 250 630 500
298 500 487 750
269 750 502 1000
0 750 269 1000
0 500 298 750
0 250 447 500
0 0 491 250
