976 0 978 500
975 500 978 1000
967 500 975 1000
967 0 976 500
956 500 967 1000
954 0 967 500
943 500 956 1000
933 0 954 500
919 500 943 1000
908 0 933 500
891 500 919 1000
877 0 908 500
852 500 891 1000
836 0 877 500
804 500 852 1000
785 0 836 500
752 500 804 1000
732 0 785 500
695 500 752 1000
666 0 732 500
624 500 695 1000
587 0 666 500
545 500 624 1000
490 0 587 500
437 500 545 1000
381 0 490 500
263 0 381 500
250 500 437 1000
0 500 250 1000
0 0 263 500
983 0 985 500
982 500 985 1000
975 0 983 500
972 500 982 1000
964 0 975 500
961 500 972 1000
950 500 961 1000
950 0 964 500
935 0 950 500
931 500 950 1000
914 0 935 500
909 500 931 1000
890 0 914 500
885 500 909 1000
860 500 885 1000
852 0 890 500
809 0 852 500
807 500 860 1000
755 0 809 500
750 500 807 1000
671 500 750 1000
668 0 755 500
571 500 671 1000
562 0 668 500
447 500 571 1000
438 0 562 500
228 0 438 500
225 500 447 1000
0 500 225 1000
0 0 228 500
983 500 985 1000
983 0 986 500
979 0 983 500
977 500 983 1000
971 500 977 1000
971 0 979 500
957 0 971 500
956 500 971 1000
941 500 956 1000
940 0 957 500
921 0 940 500
918 500 941 1000
893 500 918 1000
889 0 921 500
855 0 889 500
854 500 893 1000
804 0 855 500
797 500 854 1000
732 500 797 1000
724 0 804 500
642 0 724 500
641 500 732 1000
543 0 642 500
539 500 641 1000
400 0 543 500
396 500 539 1000
250 0 400 500
235 500 396 1000
0 500 235 1000
0 0 250 500
981 0 991 500
971 500 981 1000
971 0 981 500
960 0 971 500
959 500 971 1000
946 500 959 1000
942 0 960 500
911 500 946 1000
906 0 942 500
864 0 906 500
863 500 911 1000
815 500 863 1000
815 0 864 500
766 500 815 1000
764 0 815 500
711 0 764 500
707 500 766 1000
651 0 711 500
647 500 707 1000
586 0 651 500
582 500 647 1000
520 0 586 500
508 500 582 1000
435 0 520 500
421 500 508 1000
318 0 435 500
301 500 421 1000
160 500 301 1000
0 500 160 1000
0 0 318 500
968 0 971 500
967 500 971 1000
963 500 967 1000
962 0 968 500
953 0 962 500
948 500 963 1000
932 500 948 1000
932 0 953 500
910 500 932 1000
910 0 932 500
886 500 910 1000
885 0 910 500
858 0 885 500
856 500 886 1000
820 500 856 1000
809 0 858 500
770 500 820 1000
758 0 809 500
712 500 770 1000
699 0 758 500
647 500 712 1000
629 0 699 500
567 500 647 1000
548 0 629 500
464 0 548 500
442 500 567 1000
335 0 464 500
289 500 442 1000
0 500 289 1000
0 0 335 500
979 0 980 500
978 0 979 500
973 500 980 1000
971 0 978 500
965 500 973 1000
960 0 971 500
951 500 965 1000
939 0 960 500
916 500 951 1000
900 0 939 500
876 500 916 1000
858 0 900 500
834 500 876 1000
811 0 858 500
787 500 834 1000
761 0 811 500
735 500 787 1000
707 0 761 500
674 500 735 1000
642 0 707 500
609 500 674 1000
577 0 642 500
537 500 609 1000
503 0 577 500
416 500 537 1000
369 0 503 500
281 500 416 1000
145 500 281 1000
0 500 145 1000
0 0 369 500
990 0 991 500
988 500 994 1000
984 0 990 500
982 500 988 1000
975 500 982 1000
973 0 984 500
964 500 975 1000
958 0 973 500
946 500 964 1000
939 0 958 500
925 500 946 1000
917 0 939 500
903 500 925 1000
876 0 917 500
857 500 903 1000
830 0 876 500
806 500 857 1000
777 0 830 500
724 0 777 500
712 500 806 1000
615 500 712 1000
612 0 724 500
499 0 612 500
490 500 615 1000
373 0 499 500
359 500 490 1000
211 0 373 500
186 500 359 1000
0 500 186 1000
0 0 211 500
989 500 993 1000
986 0 990 500
985 500 989 1000
977 500 985 1000
976 0 986 500
967 500 977 1000
965 0 976 500
954 500 967 1000
951 0 965 500
936 0 951 500
934 500 954 1000
905 0 936 500
900 500 934 1000
864 500 900 1000
864 0 905 500
816 500 864 1000
815 0 864 500
759 500 816 1000
755 0 815 500
689 0 755 500
675 500 759 1000
583 500 675 1000
583 0 689 500
463 0 583 500
460 500 583 1000
337 0 463 500
311 500 460 1000
156 500 311 1000
0 500 156 1000
0 0 337 500
972 500 976 1000
961 0 975 500
958 500 972 1000
946 0 961 500
941 500 958 1000
921 500 941 1000
921 0 946 500
894 0 921 500
893 500 921 1000
864 0 894 500
860 500 893 1000
825 500 860 1000
824 0 864 500
783 0 824 500
782 500 825 1000
736 500 782 1000
728 0 783 500
678 500 736 1000
665 0 728 500
615 500 678 1000
598 0 665 500
545 500 615 1000
528 0 598 500
438 500 545 1000
398 0 528 500
304 500 438 1000
263 0 398 500
163 500 304 1000
0 500 163 1000
0 0 263 500
978 500 984 1000
974 0 986 500
961 0 974 500
960 500 978 1000
942 0 961 500
936 500 960 1000
916 0 942 500
908 500 936 1000
886 0 916 500
878 500 908 1000
850 0 886 500
841 500 878 1000
810 0 850 500
796 500 841 1000
748 500 796 1000
748 0 810 500
680 500 748 1000
679 0 748 500
606 500 680 1000
600 0 679 500
520 500 606 1000
510 0 600 500
412 0 510 500
407 500 520 1000
297 0 412 500
291 500 407 1000
172 0 297 500
154 500 291 1000
0 500 154 1000
0 0 172 500
973 0 981 500
972 500 981 1000
961 0 973 500
960 500 972 1000
947 500 960 1000
947 0 961 500
930 0 947 500
928 500 947 1000
903 0 930 500
899 500 928 1000
861 500 899 1000
857 0 903 500
809 0 857 500
807 500 861 1000
754 0 809 500
750 500 807 1000
688 500 750 1000
681 0 754 500
608 0 681 500
607 500 688 1000
525 500 607 1000
524 0 608 500
430 0 524 500
416 500 525 1000
313 0 430 500
295 500 416 1000
188 0 313 500
149 500 295 1000
0 500 149 1000
0 0 188 500
979 0 986 500
978 500 988 1000
967 500 978 1000
967 0 979 500
949 500 967 1000
949 0 967 500
926 500 949 1000
925 0 949 500
897 500 926 1000
895 0 925 500
858 0 895 500
855 500 897 1000
812 500 855 1000
812 0 858 500
766 0 812 500
761 500 812 1000
709 500 761 1000
709 0 766 500
652 500 709 1000
647 0 709 500
573 0 647 500
567 500 652 1000
485 0 573 500
461 500 567 1000
375 0 485 500
324 500 461 1000
217 0 375 500
166 500 324 1000
0 500 166 1000
0 0 217 500
980 0 983 500
977 500 980 1000
977 0 980 500
973 500 977 1000
970 0 977 500
965 500 973 1000
961 0 970 500
956 500 965 1000
947 500 956 1000
946 0 961 500
925 0 946 500
924 500 947 1000
897 500 924 1000
895 0 925 500
863 0 895 500
862 500 897 1000
825 0 863 500
823 500 862 1000
785 0 825 500
764 500 823 1000
721 0 785 500
692 500 764 1000
645 0 721 500
614 500 692 1000
535 500 614 1000
453 500 535 1000
366 500 453 1000
222 500 366 1000
0 500 222 1000
0 0 645 500
968 0 969 500
967 0 968 500
957 0 967 500
954 500 970 1000
936 500 954 1000
935 0 957 500
911 0 935 500
910 500 936 1000
883 500 910 1000
883 0 911 500
847 0 883 500
845 500 883 1000
808 0 847 500
805 500 845 1000
763 0 808 500
758 500 805 1000
715 0 763 500
708 500 758 1000
638 500 708 1000
627 0 715 500
549 500 638 1000
530 0 627 500
442 500 549 1000
421 0 530 500
329 500 442 1000
301 0 421 500
175 0 301 500
168 500 329 1000
0 500 168 1000
0 0 175 500
992 500 993 1000
992 0 993 500
990 0 992 500
987 500 992 1000
984 0 990 500
980 500 987 1000
973 500 980 1000
971 0 984 500
956 0 971 500
952 500 973 1000
930 500 952 1000
928 0 956 500
902 500 930 1000
897 0 928 500
865 0 897 500
859 500 902 1000
811 500 859 1000
805 0 865 500
747 500 811 1000
734 0 805 500
676 500 747 1000
647 0 734 500
588 500 676 1000
549 0 647 500
445 0 549 500
443 500 588 1000
276 0 445 500
253 500 443 1000
0 500 253 1000
0 0 276 500
988 0 989 500
987 0 988 500
985 500 993 1000
979 0 987 500
976 500 985 1000
970 0 979 500
964 500 976 1000
957 0 970 500
942 0 957 500
941 500 964 1000
919 0 942 500
917 500 941 1000
890 500 917 1000
888 0 919 500
856 500 890 1000
850 0 888 500
802 500 856 1000
795 0 850 500
728 500 802 1000
717 0 795 500
630 0 717 500
629 500 728 1000
519 500 629 1000
518 0 630 500
392 500 519 1000
388 0 518 500
255 0 388 500
242 500 392 1000
0 500 242 1000
0 0 255 500
992 0 994 500
987 0 992 500
985 500 993 1000
973 500 985 1000
973 0 987 500
959 500 973 1000
957 0 973 500
942 500 959 1000
939 0 957 500
922 500 942 1000
919 0 939 500
898 0 919 500
895 500 922 1000
854 0 898 500
850 500 895 1000
803 500 850 1000
798 0 854 500
742 500 803 1000
735 0 798 500
677 500 742 1000
668 0 735 500
601 500 677 1000
590 0 668 500
502 500 601 1000
478 0 590 500
357 500 502 1000
329 0 478 500
202 500 357 1000
0 500 202 1000
0 0 329 500
970 500 973 1000
970 0 973 500
965 0 970 500
964 500 970 1000
956 500 964 1000
952 0 965 500
941 500 956 1000
937 0 952 500
919 0 937 500
918 500 941 1000
895 500 918 1000
893 0 919 500
869 500 895 1000
865 0 893 500
834 0 865 500
833 500 869 1000
786 0 834 500
774 500 833 1000
723 0 786 500
706 500 774 1000
647 0 723 500
618 500 706 1000
555 0 647 500
523 500 618 1000
422 500 523 1000
418 0 555 500
270 0 418 500
238 500 422 1000
0 500 238 1000
0 0 270 500
