846 600 852 800
844 400 855 600
841 200 855 400
839 0 861 200
826 800 851 1000
802 400 844 600
797 0 839 200
795 200 841 400
792 600 846 800
729 200 795 400
711 600 792 800
710 400 802 600
706 800 826 1000
664 0 797 200
589 200 729 400
570 400 710 600
565 600 711 800
558 800 706 1000
375 200 589 400
313 400 570 600
308 600 565 800
298 800 558 1000
0 800 298 1000
0 600 308 800
0 400 313 600
0 200 375 400
0 0 664 200
739 200 740 400
726 200 739 400
726 0 740 200
723 800 751 1000
723 400 759 600
718 600 763 800
670 200 726 400
662 0 726 200
655 400 723 600
645 600 718 800
637 800 723 1000
580 200 670 400
566 0 662 200
538 800 637 1000
538 400 655 600
523 600 645 800
452 200 580 400
391 600 523 800
385 800 538 1000
374 400 538 600
212 600 391 800
197 800 385 1000
0 800 197 1000
0 600 212 800
0 400 374 600
0 200 452 400
0 0 566 200
767 200 770 400
754 200 767 400
750 800 781 1000
749 600 787 800
737 400 775 600
731 0 769 200
692 400 737 600
685 800 750 1000
680 200 754 400
675 600 749 800
644 0 731 200
593 200 680 400
591 400 692 600
579 800 685 1000
566 600 675 800
521 0 644 200
467 400 591 600
465 200 593 400
336 200 465 400
321 400 467 600
302 600 566 800
299 800 579 1000
0 800 299 1000
0 600 302 800
0 400 321 600
0 200 336 400
0 0 521 200
830 0 834 200
827 800 839 1000
823 400 851 600
818 200 862 400
817 600 861 800
773 400 823 600
767 800 827 1000
754 200 818 400
749 600 817 800
680 200 754 400
674 800 767 1000
671 400 773 600
646 600 749 800
563 200 680 400
548 800 674 1000
543 400 671 600
508 600 646 800
402 800 548 1000
399 200 563 400
378 400 543 600
331 600 508 800
217 800 402 1000
0 800 217 1000
0 600 331 800
0 400 378 600
0 200 399 400
0 0 830 200
884 400 902 600
880 0 908 200
876 800 904 1000
844 0 880 200
843 600 884 800
831 800 876 1000
830 400 884 600
818 200 891 400
770 0 844 200
765 600 843 800
742 800 831 1000
730 400 830 600
714 200 818 400
599 200 714 400
595 400 730 600
588 0 770 200
573 600 765 800
548 800 742 1000
401 200 599 400
391 400 595 600
360 600 573 800
322 800 548 1000
0 800 322 1000
0 600 360 800
0 400 391 600
0 200 401 400
0 0 588 200
886 800 889 1000
883 600 890 800
880 0 890 200
877 400 890 600
873 800 886 1000
870 200 895 400
857 600 883 800
850 400 877 600
842 800 873 1000
842 0 880 200
797 800 842 1000
795 600 857 800
775 200 870 400
753 400 850 600
733 0 842 200
650 200 775 400
609 400 753 600
575 600 795 800
562 800 797 1000
371 400 609 600
326 600 575 800
298 800 562 1000
0 800 298 1000
0 600 326 800
0 400 371 600
0 200 650 400
0 0 733 200
767 400 775 600
764 800 773 1000
759 200 772 400
755 0 769 200
752 400 767 600
743 200 759 400
742 800 764 1000
742 600 767 800
715 200 743 400
711 600 742 800
707 800 742 1000
707 0 755 200
693 400 752 600
629 600 711 800
601 400 693 600
595 200 715 400
581 800 707 1000
541 0 707 200
405 200 595 400
404 400 601 600
388 600 629 800
329 800 581 1000
0 800 329 1000
0 600 388 800
0 400 404 600
0 200 405 400
0 0 541 200
718 800 719 1000
718 200 720 400
716 200 718 400
715 800 718 1000
711 200 716 400
709 800 715 1000
701 800 709 1000
698 600 735 800
695 400 750 600
678 0 735 200
650 200 711 400
612 800 701 1000
604 600 698 800
600 400 695 600
532 200 650 400
481 600 604 800
474 800 612 1000
461 400 600 600
376 200 532 400
259 400 461 600
252 600 481 800
242 800 474 1000
0 800 242 1000
0 600 252 800
0 400 259 600
0 200 376 400
0 0 678 200
730 600 737 800
722 0 731 200
721 800 734 1000
714 600 730 800
714 200 742 400
707 400 736 600
677 0 722 200
661 400 707 600
659 600 714 800
656 200 714 400
646 800 721 1000
590 0 677 200
569 600 659 800
560 400 661 600
543 200 656 400
528 800 646 1000
449 600 569 800
432 400 560 600
387 800 528 1000
286 400 432 600
268 600 449 800
201 800 387 1000
0 800 201 1000
0 600 268 800
0 400 286 600
0 200 543 400
0 0 590 200
806 0 817 200
804 600 817 800
798 800 813 1000
797 200 814 400
790 400 812 600
777 0 806 200
773 600 804 800
762 200 797 400
733 600 773 800
718 200 762 400
716 0 777 200
715 800 798 1000
689 400 790 600
611 200 718 400
580 400 689 600
575 600 733 800
556 800 715 1000
537 0 716 200
402 200 611 400
324 400 580 600
306 600 575 800
284 800 556 1000
0 800 284 1000
0 600 306 800
0 400 324 600
0 200 402 400
0 0 537 200
790 0 791 200
783 200 793 400
781 400 795 600
775 800 794 1000
773 600 793 800
770 0 790 200
759 400 781 600
752 800 775 1000
750 600 773 800
728 400 759 600
706 600 750 800
703 0 770 200
680 800 752 1000
678 200 783 400
609 400 728 600
579 0 703 200
572 600 706 800
542 800 680 1000
535 200 678 400
392 400 609 600
331 600 572 800
294 800 542 1000
0 800 294 1000
0 600 331 800
0 400 392 600
0 200 535 400
0 0 579 200
888 400 900 600
888 0 904 200
887 600 910 800
864 400 888 600
845 800 893 1000
839 0 888 200
838 600 887 800
838 200 895 400
781 800 845 1000
771 200 838 400
770 0 839 200
762 600 838 800
752 400 864 600
652 800 781 1000
630 0 770 200
619 600 762 800
609 200 771 400
589 400 752 600
443 200 609 400
415 400 589 600
386 600 619 800
374 800 652 1000
0 800 374 1000
0 600 386 800
0 400 415 600
0 200 443 400
0 0 630 200
740 0 741 200
735 0 740 200
730 400 754 600
722 800 747 1000
721 600 753 800
688 800 722 1000
685 600 721 800
682 0 735 200
681 200 740 400
669 400 730 600
615 600 685 800
607 800 688 1000
585 200 681 400
584 0 682 200
564 400 669 600
477 0 584 200
456 200 585 400
452 800 607 1000
447 600 615 800
382 400 564 600
254 600 447 800
246 800 452 1000
0 800 246 1000
0 600 254 800
0 400 382 600
0 200 456 400
0 0 477 200
797 600 803 800
795 200 810 400
792 0 813 200
784 400 810 600
765 0 792 200
763 200 795 400
760 600 797 800
755 800 797 1000
697 800 755 1000
693 200 763 400
688 0 765 200
676 600 760 800
671 400 784 600
578 200 693 400
560 600 676 800
553 400 671 600
511 0 688 200
505 800 697 1000
359 200 578 400
330 400 553 600
326 600 560 800
256 800 505 1000
0 800 256 1000
0 600 326 800
0 400 330 600
0 200 359 400
0 0 511 200
725 800 736 1000
721 0 743 200
718 400 742 600
716 200 754 400
715 600 760 800
680 800 725 1000
666 400 718 600
661 200 716 400
659 0 721 200
652 600 715 800
610 800 680 1000
578 200 661 400
566 0 659 200
558 600 652 800
558 400 666 600
501 800 610 1000
441 0 566 200
440 200 578 400
403 400 558 600
396 600 558 800
338 800 501 1000
174 800 338 1000
0 800 174 1000
0 600 396 800
0 400 403 600
0 200 440 400
0 0 441 200
869 200 878 400
864 600 875 800
862 400 874 600
859 800 874 1000
857 0 877 200
847 200 869 400
840 600 864 800
830 800 859 1000
811 0 857 200
805 400 862 600
779 600 840 800
769 800 830 1000
722 0 811 200
701 400 805 600
699 200 847 400
628 600 779 800
606 800 769 1000
533 0 722 200
506 200 699 400
491 400 701 600
381 600 628 800
335 800 606 1000
0 800 335 1000
0 600 381 800
0 400 491 600
0 200 506 400
0 0 533 200
786 0 789 200
781 0 786 200
779 600 806 800
752 400 791 600
736 600 779 800
736 200 788 400
735 800 800 1000
685 400 752 600
659 200 736 400
657 800 735 1000
655 600 736 800
603 400 685 600
571 800 657 1000
567 200 659 400
559 600 655 800
493 400 603 600
461 800 571 1000
435 200 567 400
427 600 559 800
324 400 493 600
255 600 427 800
253 800 461 1000
0 800 253 1000
0 600 255 800
0 400 324 600
0 200 435 400
0 0 781 200
883 600 886 800
882 400 891 600
867 600 883 800
867 0 890 200
865 800 895 1000
831 0 867 200
829 800 865 1000
829 600 867 800
822 200 886 400
803 400 882 600
723 200 822 400
716 800 829 1000
716 600 829 800
685 400 803 600
602 200 723 400
563 400 685 600
559 600 716 800
556 800 716 1000
397 200 602 400
325 400 563 600
304 600 559 800
292 800 556 1000
0 800 292 1000
0 600 304 800
0 400 325 600
0 200 397 400
0 0 831 200
811 800 816 1000
809 0 829 200
804 400 832 600
778 800 811 1000
775 200 831 400
751 0 809 200
746 400 804 600
741 600 817 800
689 800 778 1000
686 200 775 400
650 600 741 800
650 400 746 600
648 0 751 200
573 200 686 400
528 400 650 600
514 600 650 800
506 800 689 1000
446 0 648 200
356 200 573 400
307 400 528 600
288 600 514 800
276 800 506 1000
0 800 276 1000
0 600 288 800
0 400 307 600
0 200 356 400
0 0 446 200
768 200 769 400
766 600 784 800
759 0 785 200
749 800 775 1000
740 200 768 400
728 600 766 800
728 400 770 600
702 0 759 200
682 200 740 400
670 600 728 800
667 800 749 1000
636 400 728 600
595 0 702 200
562 200 682 400
550 600 670 800
545 800 667 1000
502 400 636 600
391 800 545 1000
386 600 550 800
330 400 502 600
208 600 386 800
197 800 391 1000
0 800 197 1000
0 600 208 800
0 400 330 600
0 200 562 400
0 0 595 200
897 200 910 400
896 600 916 800
889 800 909 1000
875 400 897 600
857 800 889 1000
855 0 915 200
833 600 896 800
833 200 897 400
766 600 833 800
765 200 833 400
760 800 857 1000
751 0 855 200
748 400 875 600
615 400 748 600
611 600 766 800
606 200 765 400
594 800 760 1000
578 0 751 200
368 200 606 400
364 400 615 600
346 600 611 800
312 800 594 1000
0 800 312 1000
0 600 346 800
0 400 364 600
0 200 368 400
0 0 578 200
799 600 801 800
789 400 803 600
784 600 799 800
782 800 802 1000
780 0 800 200
767 200 805 400
751 400 789 600
743 800 782 1000
738 600 784 800
698 200 767 400
697 0 780 200
653 600 738 800
652 800 743 1000
650 400 751 600
582 0 697 200
577 200 698 400
523 400 650 600
500 600 653 800
490 800 652 1000
337 400 523 600
295 600 500 800
255 800 490 1000
0 800 255 1000
0 600 295 800
0 400 337 600
0 200 577 400
0 0 582 200
866 800 879 1000
866 400 883 600
860 200 881 400
846 0 868 200
844 400 866 600
839 800 866 1000
836 600 885 800
807 200 860 400
785 0 846 200
772 400 844 600
763 600 836 800
761 800 839 1000
727 200 807 400
705 0 785 200
664 400 772 600
649 800 761 1000
621 600 763 800
542 0 705 200
526 200 727 400
411 400 664 600
344 600 621 800
340 800 649 1000
0 800 340 1000
0 600 344 800
0 400 411 600
0 200 526 400
0 0 542 200
855 200 861 400
853 800 865 1000
851 0 865 200
835 0 851 200
828 600 855 800
826 800 853 1000
805 0 835 200
792 600 828 800
782 800 826 1000
781 400 857 600
774 200 855 400
708 0 805 200
685 800 782 1000
671 200 774 400
664 400 781 600
658 600 792 800
546 800 685 1000
480 0 708 200
441 200 671 400
420 400 664 600
406 600 658 800
278 800 546 1000
0 800 278 1000
0 600 406 800
0 400 420 600
0 200 441 400
0 0 480 200
872 600 874 800
871 200 885 400
861 400 900 600
837 0 876 200
825 200 871 400
824 800 872 1000
809 400 861 600
808 600 872 800
760 200 825 400
759 0 837 200
727 600 808 800
727 400 809 600
724 800 824 1000
608 800 724 1000
593 400 727 600
579 600 727 800
576 0 759 200
572 200 760 400
357 200 572 400
330 600 579 800
330 400 593 600
318 800 608 1000
0 800 318 1000
0 600 330 800
0 400 330 600
0 200 357 400
0 0 576 200
