861 750 863 1000
853 750 861 1000
853 500 865 750
851 250 863 500
845 0 883 250
815 750 853 1000
812 250 851 500
807 500 853 750
797 0 845 250
757 500 807 750
754 750 815 1000
693 750 754 1000
690 250 812 500
659 0 797 250
619 500 757 750
517 0 659 250
516 250 690 500
511 750 693 1000
421 500 619 750
306 750 511 1000
0 750 306 1000
0 500 421 750
0 250 516 500
0 0 517 250
681 750 689 1000
678 0 686 250
670 750 681 1000
666 0 678 250
663 500 687 750
655 250 686 500
618 250 655 500
617 0 666 250
613 750 670 1000
606 500 663 750
543 750 613 1000
534 500 606 750
523 0 617 250
516 250 618 500
397 250 516 500
396 500 534 750
395 750 543 1000
242 250 397 500
234 500 396 750
226 750 395 1000
0 750 226 1000
0 500 234 750
0 250 242 500
0 0 523 250
715 0 716 250
712 250 715 500
707 750 719 1000
698 0 715 250
693 250 712 500
691 500 731 750
653 250 693 500
650 0 698 250
642 500 691 750
639 750 707 1000
558 750 639 1000
554 500 642 750
540 0 650 250
536 250 653 500
428 750 558 1000
406 500 554 750
387 0 540 250
377 250 536 500
232 500 406 750
219 750 428 1000
0 750 219 1000
0 500 232 750
0 250 377 500
0 0 387 250
775 0 780 250
767 500 777 750
761 250 778 500
760 750 784 1000
732 250 761 500
731 0 775 250
719 500 767 750
708 750 760 1000
650 750 708 1000
642 500 719 750
642 0 731 250
638 250 732 500
523 500 642 750
519 250 638 500
508 0 642 250
507 750 650 1000
357 0 508 250
304 250 519 500
296 500 523 750
271 750 507 1000
0 750 271 1000
0 500 296 750
0 250 304 500
0 0 357 250
866 750 874 1000
850 250 869 500
827 250 850 500
827 0 869 250
826 500 869 750
817 750 866 1000
767 750 817 1000
766 250 827 500
753 0 827 250
750 500 826 750
672 250 766 500
654 500 750 750
653 750 767 1000
637 0 753 250
526 750 653 1000
524 500 654 750
520 250 672 500
307 250 520 500
306 500 524 750
278 750 526 1000
0 750 278 1000
0 500 306 750
0 250 307 500
0 0 637 250
850 250 851 500
850 0 868 250
849 500 872 750
839 750 874 1000
813 0 850 250
805 250 850 500
801 500 849 750
788 750 839 1000
752 0 813 250
725 750 788 1000
709 500 801 750
702 250 805 500
622 0 752 250
589 750 725 1000
570 500 709 750
561 250 702 500
477 0 622 250
411 250 561 500
299 500 570 750
297 750 589 1000
0 750 297 1000
0 500 299 750
0 250 411 500
0 0 477 250
722 0 726 250
718 750 725 1000
715 0 722 250
708 250 730 500
697 500 737 750
669 0 715 250
651 500 697 750
650 250 708 500
649 750 718 1000
577 250 650 500
575 750 649 1000
573 0 669 250
553 500 651 750
462 0 573 250
457 250 577 500
434 750 575 1000
401 500 553 750
291 250 457 500
234 500 401 750
230 750 434 1000
0 750 230 1000
0 500 234 750
0 250 291 500
0 0 462 250
735 0 747 250
733 750 746 1000
731 250 745 500
729 500 743 750
706 750 733 1000
699 500 729 750
696 250 731 500
695 0 735 250
650 750 706 1000
632 0 695 250
624 500 699 750
614 250 696 500
528 250 614 500
528 0 632 250
527 750 650 1000
489 500 624 750
380 750 527 1000
375 250 528 500
330 500 489 750
191 750 380 1000
0 750 191 1000
0 500 330 750
0 250 375 500
0 0 528 250
737 250 741 500
732 750 738 1000
728 500 753 750
722 0 761 250
684 750 732 1000
681 250 737 500
668 500 728 750
660 0 722 250
593 500 668 750
583 0 660 250
572 250 681 500
571 750 684 1000
471 500 593 750
456 0 583 250
441 750 571 1000
433 250 572 500
288 250 433 500
288 0 456 250
275 500 471 750
235 750 441 1000
0 750 235 1000
0 500 275 750
0 250 288 500
0 0 288 250
677 0 685 250
672 250 682 500
669 750 681 1000
669 500 682 750
658 250 672 500
657 0 677 250
648 750 669 1000
648 500 669 750
621 250 658 500
611 0 657 250
570 250 621 500
558 0 611 250
556 500 648 750
554 750 648 1000
448 500 556 750
443 0 558 250
433 750 554 1000
411 250 570 500
280 500 448 750
256 750 433 1000
0 750 256 1000
0 500 280 750
0 250 411 500
0 0 443 250
847 0 849 250
843 250 849 500
841 0 847 250
839 750 873 1000
831 500 868 750
797 750 839 1000
778 250 843 500
761 500 831 750
760 0 841 250
714 750 797 1000
693 250 778 500
667 0 760 250
659 500 761 750
590 250 693 500
588 750 714 1000
531 0 667 250
520 500 659 750
408 250 590 500
319 500 520 750
308 750 588 1000
0 750 308 1000
0 500 319 750
0 250 408 500
0 0 531 250
845 500 853 750
839 750 859 1000
835 0 860 250
829 250 863 500
811 500 845 750
798 750 839 1000
789 0 835 250
779 250 829 500
760 500 811 750
746 750 798 1000
722 0 789 250
705 250 779 500
650 500 760 750
630 750 746 1000
573 250 705 500
481 500 650 750
459 750 630 1000
369 250 573 500
276 500 481 750
240 750 459 1000
0 750 240 1000
0 500 276 750
0 250 369 500
0 0 722 250
798 250 803 500
796 750 803 1000
790 250 798 500
785 750 796 1000
773 750 785 1000
772 250 790 500
763 0 809 250
761 500 815 750
706 750 773 1000
678 0 763 250
677 250 772 500
660 500 761 750
553 0 678 250
548 250 677 500
523 500 660 750
495 750 706 1000
342 0 553 250
322 250 548 500
286 500 523 750
256 750 495 1000
0 750 256 1000
0 500 286 750
0 250 322 500
0 0 342 250
724 0 742 250
701 0 724 250
700 250 725 500
698 500 726 750
694 750 725 1000
661 0 701 250
653 250 700 500
639 500 698 750
632 750 694 1000
583 0 661 250
572 250 653 500
549 500 639 750
540 750 632 1000
486 0 583 250
472 250 572 500
443 500 549 750
429 750 540 1000
336 250 472 500
271 500 443 750
256 750 429 1000
0 750 256 1000
0 500 271 750
0 250 336 500
0 0 486 250
775 750 777 1000
772 750 775 1000
767 750 772 1000
762 750 767 1000
759 250 786 500
750 500 779 750
713 500 750 750
703 250 759 500
699 750 762 1000
694 0 780 250
616 500 713 750
602 250 703 500
581 0 694 250
580 750 699 1000
481 250 602 500
444 750 580 1000
432 500 616 750
296 250 481 500
237 500 432 750
223 750 444 1000
0 750 223 1000
0 500 237 750
0 250 296 500
0 0 581 250
786 250 791 500
780 250 786 500
776 500 790 750
764 750 788 1000
736 750 764 1000
734 500 776 750
733 250 780 500
732 0 789 250
660 0 732 250
640 500 734 750
636 750 736 1000
633 250 733 500
560 0 660 250
526 750 636 1000
521 500 640 750
504 250 633 500
425 0 560 250
300 250 504 500
269 500 521 750
268 750 526 1000
0 750 268 1000
0 500 269 750
0 250 300 500
0 0 425 250
823 0 830 250
816 750 823 1000
808 750 816 1000
808 500 831 750
782 500 808 750
781 750 808 1000
781 0 823 250
752 250 823 500
693 750 781 1000
691 500 782 750
684 0 781 250
655 250 752 500
554 750 693 1000
549 500 691 750
540 0 684 250
510 250 655 500
384 0 540 250
298 250 510 500
294 500 549 750
281 750 554 1000
0 750 281 1000
0 500 294 750
0 250 298 500
0 0 384 250
757 750 759 1000
749 250 758 500
744 0 758 250
741 500 777 750
712 750 757 1000
698 0 744 250
694 250 749 500
683 500 741 750
634 0 698 250
594 500 683 750
594 250 694 500
577 750 712 1000
492 0 634 250
452 250 594 500
449 500 594 750
426 750 577 1000
328 0 492 250
282 250 452 500
266 500 449 750
220 750 426 1000
0 750 220 1000
0 500 266 750
0 250 282 500
0 0 328 250
860 750 862 1000
860 500 876 750
856 250 872 500
856 0 885 250
821 500 860 750
794 250 856 500
793 0 856 250
786 750 860 1000
706 750 786 1000
700 250 794 500
694 0 793 250
690 500 821 750
551 250 700 500
542 0 694 250
531 500 690 750
517 750 706 1000
349 0 542 250
347 250 551 500
296 500 531 750
262 750 517 1000
0 750 262 1000
0 500 296 750
0 250 347 500
0 0 349 250
856 250 866 500
854 0 864 250
851 750 867 1000
841 500 872 750
822 250 856 500
820 0 854 250
817 750 851 1000
795 500 841 750
763 0 820 250
760 750 817 1000
708 500 795 750
697 250 822 500
636 0 763 250
630 750 760 1000
562 500 708 750
544 250 697 500
477 0 636 250
361 250 544 500
324 500 562 750
317 750 630 1000
0 750 317 1000
0 500 324 750
0 250 361 500
0 0 477 250
686 0 708 250
682 750 705 1000
678 500 704 750
676 250 707 500
646 500 678 750
643 250 676 500
643 0 686 250
638 750 682 1000
593 750 638 1000
590 250 643 500
589 500 646 750
585 0 643 250
525 500 589 750
511 0 585 250
509 750 593 1000
504 250 590 500
439 500 525 750
422 750 509 1000
291 500 439 750
257 750 422 1000
0 750 257 1000
0 500 291 750
0 250 504 500
0 0 511 250
778 250 781 500
777 500 781 750
768 750 779 1000
768 0 786 250
760 250 778 500
754 500 777 750
739 750 768 1000
722 500 754 750
715 250 760 500
715 0 768 250
678 750 739 1000
650 250 715 500
647 500 722 750
634 0 715 250
589 750 678 1000
559 250 650 500
555 500 647 750
466 250 559 500
368 500 555 750
321 750 589 1000
0 750 321 1000
0 500 368 750
0 250 466 500
0 0 634 250
746 250 756 500
744 750 758 1000
737 0 752 250
723 500 749 750
697 500 723 750
693 0 737 250
692 250 746 500
690 750 744 1000
638 500 697 750
633 0 693 250
628 250 692 500
610 750 690 1000
533 0 633 250
521 250 628 500
512 500 638 750
457 750 610 1000
373 0 533 250
350 250 521 500
315 500 512 750
253 750 457 1000
0 750 253 1000
0 500 315 750
0 250 350 500
0 0 373 250
677 250 680 500
673 250 677 500
671 0 680 250
663 500 684 750
657 750 679 1000
641 250 673 500
629 500 663 750
624 0 671 250
606 750 657 1000
590 250 641 500
577 500 629 750
571 0 624 250
545 750 606 1000
507 0 571 250
490 250 590 500
460 500 577 750
427 750 545 1000
306 250 490 500
258 500 460 750
216 750 427 1000
0 750 216 1000
0 500 258 750
0 250 306 500
0 0 507 250
779 500 780 750
773 500 779 750
771 250 783 500
760 500 773 750
724 750 779 1000
724 0 790 250
693 500 760 750
693 250 771 500
644 750 724 1000
642 0 724 250
599 250 693 500
594 500 693 750
542 750 644 1000
520 0 642 250
470 250 599 500
462 500 594 750
406 750 542 1000
318 250 470 500
307 500 462 750
246 750 406 1000
0 750 246 1000
0 500 307 750
0 250 318 500
0 0 520 250
809 500 811 750
806 500 809 750
806 0 814 250
803 750 819 1000
802 250 823 500
784 0 806 250
780 750 803 1000
779 500 806 750
771 250 802 500
741 500 779 750
738 750 780 1000
709 250 771 500
699 0 784 250
653 500 741 750
650 750 738 1000
566 0 699 250
429 0 566 250
413 250 709 500
348 500 653 750
330 750 650 1000
0 750 330 1000
0 500 348 750
0 250 413 500
0 0 429 250
851 250 852 500
850 750 853 1000
847 250 851 500
844 500 852 750
829 500 844 750
826 250 847 500
825 750 850 1000
797 750 825 1000
763 250 826 500
762 500 829 750
727 750 797 1000
692 500 762 750
688 250 763 500
619 750 727 1000
567 500 692 750
558 250 688 500
482 750 619 1000
365 250 558 500
333 500 567 750
244 750 482 1000
0 750 244 1000
0 500 333 750
0 250 365 500
0 0 901 250
843 250 863 500
840 750 874 1000
835 0 878 250
828 500 877 750
777 0 835 250
776 750 840 1000
773 250 843 500
756 500 828 750
698 750 776 1000
668 500 756 750
657 250 773 500
649 0 777 250
565 750 698 1000
532 500 668 750
516 250 657 500
503 0 649 250
353 0 503 250
351 250 516 500
329 500 532 750
288 750 565 1000
0 750 288 1000
0 500 329 750
0 250 351 500
0 0 353 250
