817 0 820 250
816 500 830 750
814 250 836 500
811 750 846 1000
773 750 811 1000
772 500 816 750
768 250 814 500
766 0 817 250
710 250 768 500
707 0 766 250
704 750 773 1000
686 500 772 750
603 0 707 250
594 750 704 1000
575 500 686 750
571 250 710 500
362 250 571 500
336 500 575 750
335 750 594 1000
0 750 335 1000
0 500 336 750
0 250 362 500
0 0 603 250
882 250 886 500
880 500 892 750
879 0 896 250
875 750 898 1000
846 500 880 750
842 0 879 250
837 250 882 500
830 750 875 1000
788 500 846 750
769 250 837 500
737 750 830 1000
720 0 842 250
651 500 788 750
630 250 769 500
588 750 737 1000
569 0 720 250
459 250 630 500
430 500 651 750
328 750 588 1000
0 750 328 1000
0 500 430 750
0 250 459 500
0 0 569 250
773 0 775 250
769 250 776 500
763 750 779 1000
758 500 777 750
738 0 773 250
708 500 758 750
707 750 763 1000
702 250 769 500
663 0 738 250
632 750 707 1000
625 250 702 500
616 500 708 750
569 0 663 250
503 750 632 1000
486 250 625 500
463 500 616 750
327 250 486 500
295 500 463 750
281 750 503 1000
0 750 281 1000
0 500 295 750
0 250 327 500
0 0 569 250
899 750 909 1000
880 500 902 750
875 750 899 1000
873 250 902 500
869 0 906 250
834 250 873 500
820 0 869 250
819 500 880 750
811 750 875 1000
764 250 834 500
738 500 819 750
728 0 820 250
710 750 811 1000
610 0 728 250
585 500 738 750
551 750 710 1000
518 250 764 500
337 500 585 750
291 750 551 1000
0 750 291 1000
0 500 337 750
0 250 518 500
0 0 610 250
802 0 803 250
796 0 802 250
794 500 814 750
781 750 807 1000
759 250 809 500
733 0 796 250
730 500 794 750
714 750 781 1000
680 250 759 500
650 500 730 750
649 0 733 250
622 750 714 1000
585 250 680 500
524 500 650 750
519 0 649 250
462 750 622 1000
421 250 585 500
338 500 524 750
263 750 462 1000
0 750 263 1000
0 500 338 750
0 250 421 500
0 0 519 250
833 750 842 1000
832 500 844 750
815 500 832 750
814 250 835 500
811 750 833 1000
783 250 814 500
749 250 783 500
744 0 837 250
714 750 811 1000
713 500 815 750
640 250 749 500
600 500 713 750
591 750 714 1000
508 250 640 500
468 500 600 750
439 750 591 1000
351 250 508 500
290 500 468 750
231 750 439 1000
0 750 231 1000
0 500 290 750
0 250 351 500
0 0 744 250
835 750 855 1000
833 0 854 250
829 250 855 500
798 750 835 1000
794 0 833 250
790 500 837 750
776 250 829 500
722 250 776 500
720 500 790 750
702 750 798 1000
698 0 794 250
586 0 698 250
541 750 702 1000
522 250 722 500
515 500 720 750
380 0 586 250
303 250 522 500
291 500 515 750
277 750 541 1000
0 750 277 1000
0 500 291 750
0 250 303 500
0 0 380 250
902 0 906 250
892 500 903 750
890 250 912 500
863 250 890 500
862 0 902 250
844 500 892 750
837 750 904 1000
777 0 862 250
775 250 863 500
753 500 844 750
736 750 837 1000
602 500 753 750
570 750 736 1000
564 0 777 250
561 250 775 500
339 0 564 250
336 250 561 500
325 500 602 750
291 750 570 1000
0 750 291 1000
0 500 325 750
0 250 336 500
0 0 339 250
898 0 899 250
892 750 902 1000
877 750 892 1000
870 0 898 250
862 250 914 500
861 500 929 750
786 500 861 750
783 0 870 250
778 750 877 1000
763 250 862 500
682 0 783 250
674 750 778 1000
669 500 786 750
643 250 763 500
523 500 669 750
518 750 674 1000
432 250 643 500
295 500 523 750
269 750 518 1000
0 750 269 1000
0 500 295 750
0 250 432 500
0 0 682 250
911 0 917 250
902 0 911 250
891 0 902 250
877 0 891 250
873 750 921 1000
856 500 912 750
856 250 938 500
783 0 877 250
778 750 873 1000
749 250 856 500
737 500 856 750
643 750 778 1000
638 0 783 250
603 250 749 500
588 500 737 750
414 0 638 250
360 250 603 500
338 500 588 750
326 750 643 1000
0 750 326 1000
0 500 338 750
0 250 360 500
0 0 414 250
795 750 807 1000
768 750 795 1000
755 500 801 750
753 250 800 500
746 0 806 250
685 0 746 250
683 500 755 750
682 750 768 1000
664 250 753 500
581 500 683 750
576 750 682 1000
550 250 664 500
546 0 685 250
430 500 581 750
423 750 576 1000
380 0 546 250
376 250 550 500
252 500 430 750
219 750 423 1000
0 750 219 1000
0 500 252 750
0 250 376 500
0 0 380 250
761 750 765 1000
761 0 784 250
753 500 784 750
742 250 774 500
700 250 742 500
698 750 761 1000
688 500 753 750
676 0 761 250
615 250 700 500
607 750 698 1000
591 500 688 750
513 250 615 500
495 750 607 1000
473 500 591 750
394 250 513 500
344 500 473 750
340 750 495 1000
186 500 344 750
181 750 340 1000
0 750 181 1000
0 500 186 750
0 250 394 500
0 0 676 250
768 750 772 1000
766 250 774 500
765 500 779 750
753 0 772 250
742 250 766 500
741 750 768 1000
736 500 765 750
703 500 736 750
701 250 742 500
670 0 753 250
630 750 741 1000
578 250 701 500
569 500 703 750
532 0 670 250
490 750 630 1000
392 0 532 250
357 250 578 500
345 500 569 750
254 750 490 1000
0 750 254 1000
0 500 345 750
0 250 357 500
0 0 392 250
785 500 789 750
783 0 804 250
756 0 783 250
754 500 785 750
748 750 802 1000
745 250 808 500
690 0 756 250
677 250 745 500
671 750 748 1000
671 500 754 750
596 0 690 250
578 250 677 500
556 750 671 1000
555 500 671 750
458 250 578 500
434 750 556 1000
420 500 555 750
241 500 420 750
236 750 434 1000
0 750 236 1000
0 500 241 750
0 250 458 500
0 0 596 250
915 750 916 1000
914 0 922 250
898 0 914 250
889 750 915 1000
861 750 889 1000
857 250 927 500
849 500 922 750
819 0 898 250
769 750 861 1000
754 500 849 750
735 250 857 500
679 0 819 250
616 750 769 1000
594 500 754 750
549 250 735 500
471 0 679 250
341 250 549 500
332 500 594 750
320 750 616 1000
0 750 320 1000
0 500 332 750
0 250 341 500
0 0 471 250
844 750 846 1000
842 750 844 1000
827 750 842 1000
826 500 859 750
817 0 873 250
790 250 848 500
764 500 826 750
753 0 817 250
749 750 827 1000
711 250 790 500
652 0 753 250
643 750 749 1000
640 500 764 750
577 250 711 500
485 500 640 750
481 750 643 1000
413 250 577 500
272 500 485 750
259 750 481 1000
0 750 259 1000
0 500 272 750
0 250 413 500
0 0 652 250
851 0 858 250
849 750 857 1000
849 500 862 750
846 250 867 500
825 0 851 250
812 750 849 1000
810 500 849 750
805 250 846 500
760 250 805 500
751 500 810 750
737 750 812 1000
728 0 825 250
631 0 728 250
611 750 737 1000
596 500 751 750
591 250 760 500
407 250 591 500
355 500 596 750
337 750 611 1000
0 750 337 1000
0 500 355 750
0 250 407 500
0 0 631 250
858 500 874 750
855 250 872 500
854 0 877 250
827 250 855 500
820 0 854 250
813 750 858 1000
811 500 858 750
746 500 811 750
746 0 820 250
739 250 827 500
722 750 813 1000
623 750 722 1000
602 250 739 500
599 0 746 250
594 500 746 750
441 0 599 250
411 250 602 500
393 500 594 750
330 750 623 1000
0 750 330 1000
0 500 393 750
0 250 411 500
0 0 441 250
847 250 850 500
839 750 857 1000
833 500 857 750
819 0 857 250
796 750 839 1000
795 250 847 500
771 500 833 750
738 0 819 250
690 500 771 750
688 750 796 1000
678 250 795 500
619 0 738 250
562 500 690 750
555 750 688 1000
534 250 678 500
452 0 619 250
360 250 534 500
358 500 562 750
348 750 555 1000
0 750 348 1000
0 500 358 750
0 250 360 500
0 0 452 250
766 250 767 500
763 500 767 750
760 0 779 250
746 750 767 1000
717 750 746 1000
712 250 766 500
709 500 763 750
701 0 760 250
647 750 717 1000
641 250 712 500
629 0 701 250
628 500 709 750
532 250 641 500
491 500 628 750
482 0 629 250
479 750 647 1000
355 250 532 500
294 500 491 750
249 750 479 1000
0 750 249 1000
0 500 294 750
0 250 355 500
0 0 482 250
882 750 887 1000
874 500 901 750
871 250 901 500
855 0 885 250
842 750 882 1000
829 500 874 750
819 250 871 500
774 750 842 1000
761 0 855 250
733 500 829 750
716 250 819 500
670 750 774 1000
651 0 761 250
623 500 733 750
597 250 716 500
495 500 623 750
472 750 670 1000
293 500 495 750
265 750 472 1000
0 750 265 1000
0 500 293 750
0 250 597 500
0 0 651 250
866 750 882 1000
863 500 884 750
847 250 869 500
839 750 866 1000
839 0 876 250
809 250 847 500
806 500 863 750
771 0 839 250
761 750 839 1000
719 250 809 500
711 500 806 750
670 0 771 250
646 750 761 1000
583 500 711 750
561 250 719 500
501 0 670 250
390 250 561 500
367 500 583 750
348 750 646 1000
0 750 348 1000
0 500 367 750
0 250 390 500
0 0 501 250
797 0 801 250
790 500 816 750
772 250 802 500
765 750 798 1000
757 0 797 250
748 500 790 750
719 250 772 500
709 750 765 1000
689 0 757 250
680 500 748 750
640 250 719 500
606 750 709 1000
572 500 680 750
514 250 640 500
435 500 572 750
419 750 606 1000
316 250 514 500
234 500 435 750
211 750 419 1000
0 750 211 1000
0 500 234 750
0 250 316 500
0 0 689 250
827 0 832 250
803 0 827 250
802 250 835 500
799 500 832 750
794 750 831 1000
759 250 802 500
756 0 803 250
743 750 794 1000
728 500 799 750
685 250 759 500
669 0 756 250
656 750 743 1000
613 500 728 750
560 250 685 500
543 0 669 250
392 0 543 250
378 250 560 500
340 500 613 750
329 750 656 1000
0 750 329 1000
0 500 340 750
0 250 378 500
0 0 392 250
851 250 852 500
850 500 858 750
849 750 866 1000
832 250 851 500
826 750 849 1000
802 750 826 1000
802 500 850 750
784 250 832 500
748 500 802 750
740 750 802 1000
706 250 784 500
656 750 740 1000
634 500 748 750
542 250 706 500
483 750 656 1000
460 500 634 750
366 250 542 500
284 500 460 750
254 750 483 1000
0 750 254 1000
0 500 284 750
0 250 366 500
0 0 994 250
767 0 770 250
760 0 767 250
756 750 771 1000
755 250 779 500
750 500 781 750
724 750 756 1000
718 500 750 750
715 0 760 250
710 250 755 500
671 500 718 750
660 750 724 1000
649 0 715 250
542 250 710 500
497 500 671 750
483 750 660 1000
462 0 649 250
335 250 542 500
270 500 497 750
247 750 483 1000
0 750 247 1000
0 500 270 750
0 250 335 500
0 0 462 250
819 500 824 750
814 500 819 750
814 0 829 250
813 750 832 1000
783 750 813 1000
783 0 814 250
781 500 814 750
775 250 825 500
712 250 775 500
709 500 781 750
707 750 783 1000
691 0 783 250
612 500 709 750
570 750 707 1000
543 0 691 250
532 250 712 500
348 250 532 500
346 500 612 750
292 750 570 1000
0 750 292 1000
0 500 346 750
0 250 348 500
0 0 543 250
895 0 899 250
890 250 896 500
884 500 901 750
877 0 895 250
851 750 898 1000
843 250 890 500
818 500 884 750
807 0 877 250
774 750 851 1000
764 250 843 500
736 500 818 750
721 0 807 250
670 750 774 1000
642 250 764 500
588 500 736 750
487 750 670 1000
453 250 642 500
386 500 588 750
253 750 487 1000
0 750 253 1000
0 500 386 750
0 250 453 500
0 0 721 250
789 750 792 1000
784 0 792 250
779 500 793 750
756 0 784 250
754 750 789 1000
754 250 794 500
737 500 779 750
696 0 756 250
686 250 754 500
685 750 754 1000
653 500 737 750
607 0 696 250
584 750 685 1000
578 250 686 500
531 500 653 750
443 750 584 1000
396 250 578 500
349 500 531 750
228 750 443 1000
0 750 228 1000
0 500 349 750
0 250 396 500
0 0 607 250
