730 0 734 125
722 625 731 750
721 750 730 875
712 625 722 750
706 750 721 875
704 0 730 125
702 375 731 500
702 125 739 250
701 500 743 625
698 875 744 1000
698 250 747 375
652 0 704 125
649 500 701 625
646 250 698 375
645 375 702 500
643 125 702 250
642 750 706 875
641 625 712 750
626 875 698 1000
566 375 645 500
566 0 652 125
553 125 643 250
535 875 626 1000
535 625 641 750
535 500 649 625
526 750 642 875
525 250 646 375
441 375 566 500
423 125 553 250
401 500 535 625
400 625 535 750
399 875 535 1000
382 750 526 875
377 250 525 375
291 375 441 500
245 625 400 750
245 500 401 625
217 750 382 875
203 875 399 1000
0 875 203 1000
0 750 217 875
0 625 245 750
0 500 245 625
0 375 291 500
0 250 377 375
0 125 423 250
0 0 566 125
865 375 867 500
862 750 868 875
862 125 870 250
856 500 865 625
855 625 867 750
849 250 868 375
846 875 871 1000
840 0 868 125
832 125 862 250
831 750 862 875
814 875 846 1000
807 0 840 125
798 125 832 250
793 750 831 875
791 250 849 375
790 625 855 750
790 375 865 500
778 500 856 625
729 875 814 1000
722 0 807 125
706 750 793 875
705 125 798 250
693 625 790 750
683 250 791 375
679 375 790 500
665 500 778 625
608 0 722 125
603 875 729 1000
571 750 706 875
569 125 705 250
555 625 693 750
543 250 683 375
537 375 679 500
522 500 665 625
392 375 537 500
364 500 522 625
331 625 555 750
325 750 571 875
323 875 603 1000
0 875 323 1000
0 750 325 875
0 625 331 750
0 500 364 625
0 375 392 500
0 250 543 375
0 125 569 250
0 0 608 125
856 625 858 750
853 375 863 500
853 125 867 250
850 250 867 375
846 500 872 625
840 750 868 875
819 125 853 250
815 250 850 375
813 875 857 1000
811 625 856 750
807 375 853 500
799 500 846 625
791 750 840 875
762 250 815 375
762 125 819 250
748 375 807 500
731 750 791 875
731 500 799 625
730 625 811 750
729 875 813 1000
676 250 762 375
665 125 762 250
645 375 748 500
626 500 731 625
624 625 730 750
621 875 729 1000
621 750 731 875
562 250 676 375
517 375 645 500
490 625 624 750
474 750 621 875
473 500 626 625
460 875 621 1000
397 250 562 375
345 375 517 500
295 500 473 625
273 625 490 750
254 750 474 875
233 875 460 1000
0 875 233 1000
0 750 254 875
0 625 273 750
0 500 295 625
0 375 345 500
0 250 397 375
0 125 665 250
0 0 951 125
793 0 795 100
791 400 797 500
788 500 794 600
788 100 802 200
787 700 801 800
780 900 796 1000
780 600 798 700
772 400 791 500
772 0 793 100
771 800 805 900
761 300 797 400
759 200 798 300
731 800 771 900
715 0 772 100
709 900 780 1000
701 700 787 800
701 500 788 600
700 100 788 200
692 600 780 700
671 300 761 400
667 400 772 500
649 200 759 300
581 500 701 600
581 0 715 100
565 100 700 200
556 600 692 700
555 700 701 800
547 900 709 1000
539 800 731 900
455 200 649 300
447 400 667 500
447 300 671 400
357 500 581 600
323 600 556 700
317 700 555 800
300 800 539 900
292 900 547 1000
0 900 292 1000
0 800 300 900
0 700 317 800
0 600 323 700
0 500 357 600
0 400 447 500
0 300 447 400
0 200 455 300
0 100 565 200
0 0 581 100
835 900 838 1000
835 600 839 700
831 300 837 400
827 600 835 700
826 800 836 900
826 500 839 600
822 900 835 1000
818 400 837 500
798 600 827 700
797 800 826 900
790 900 822 1000
790 700 844 800
786 100 850 200
758 300 831 400
758 200 836 300
737 400 818 500
728 500 826 600
670 700 790 800
666 900 790 1000
665 800 797 900
664 600 798 700
614 200 758 300
606 300 758 400
583 400 737 500
550 500 728 600
484 600 664 700
480 700 670 800
473 800 665 900
470 900 666 1000
413 200 614 300
403 300 606 400
380 400 583 500
345 500 550 600
271 700 480 800
271 600 484 700
245 800 473 900
242 900 470 1000
0 900 242 1000
0 800 245 900
0 700 271 800
0 600 271 700
0 500 345 600
0 400 380 500
0 300 403 400
0 200 413 300
0 100 786 200
0 0 888 100
854 300 855 400
852 800 855 900
852 500 857 600
850 900 855 1000
849 200 855 300
847 700 857 800
839 800 852 900
822 800 839 900
821 300 854 400
814 700 847 800
813 200 849 300
808 600 855 700
805 500 852 600
800 900 850 1000
799 400 854 500
746 500 805 600
740 400 799 500
739 900 800 1000
739 700 814 800
737 200 813 300
733 300 821 400
731 800 822 900
701 600 808 700
626 200 737 300
615 800 731 900
608 500 746 600
597 400 740 500
590 300 733 400
585 900 739 1000
581 700 739 800
542 600 701 700
437 400 597 500
416 500 608 600
347 600 542 700
340 700 581 800
331 800 615 900
293 900 585 1000
0 900 293 1000
0 800 331 900
0 700 340 800
0 600 347 700
0 500 416 600
0 400 437 500
0 300 590 400
0 200 626 300
0 100 928 200
0 0 980 100
762 700 767 800
758 600 770 700
751 300 764 400
748 400 774 500
748 200 774 300
740 100 771 200
728 500 766 600
720 600 758 700
717 700 762 800
715 800 762 900
709 900 762 1000
697 300 751 400
694 400 748 500
694 200 748 300
681 100 740 200
656 800 715 900
650 900 709 1000
633 700 717 800
627 500 728 600
614 600 720 700
588 200 694 300
587 400 694 500
587 300 697 400
564 100 681 200
536 800 656 900
529 900 650 1000
511 700 633 800
488 600 614 700
486 500 627 600
440 200 588 300
428 300 587 400
408 400 587 500
300 500 486 600
297 600 488 700
291 700 511 800
287 800 536 900
278 900 529 1000
0 900 278 1000
0 800 287 900
0 700 291 800
0 600 297 700
0 500 300 600
0 400 408 500
0 300 428 400
0 200 440 300
0 100 564 200
0 0 809 100
825 400 831 500
824 800 831 900
812 400 825 500
811 800 824 900
811 700 831 800
810 300 831 400
800 900 827 1000
794 600 829 700
793 500 832 600
790 100 832 200
790 0 835 100
789 200 838 300
737 600 794 700
728 200 789 300
727 500 793 600
727 400 812 500
725 800 811 900
725 700 811 800
723 300 810 400
710 900 800 1000
699 0 790 100
697 100 790 200
634 500 727 600
629 400 727 500
623 300 723 400
620 700 725 800
614 200 728 300
603 800 725 900
597 600 737 700
522 900 710 1000
433 300 623 400
429 400 629 500
420 500 634 600
382 600 597 700
379 700 620 800
357 800 603 900
274 900 522 1000
0 900 274 1000
0 800 357 900
0 700 379 800
0 600 382 700
0 500 420 600
0 400 429 500
0 300 433 400
0 200 614 300
0 100 697 200
0 0 699 100
860 200 863 300
859 900 865 1000
859 300 874 400
857 600 882 700
857 400 892 500
851 500 889 600
846 0 887 100
835 800 880 900
833 100 893 200
798 300 859 400
795 600 857 700
794 200 860 300
793 900 859 1000
786 400 857 500
779 700 863 800
765 500 851 600
758 0 846 100
747 800 835 900
744 100 833 200
690 300 798 400
681 200 794 300
671 400 786 500
628 800 747 900
623 500 765 600
621 900 793 1000
614 600 795 700
595 700 779 800
569 0 758 100
550 100 744 200
485 200 681 300
460 300 690 400
425 400 671 500
375 500 623 600
360 600 614 700
335 700 595 800
331 800 628 900
323 900 621 1000
0 900 323 1000
0 800 331 900
0 700 335 800
0 600 360 700
0 500 375 600
0 400 425 500
0 300 460 400
0 200 485 300
0 100 550 200
0 0 569 100
886 200 888 300
886 0 892 100
884 600 890 700
884 500 893 600
875 600 884 700
874 0 886 100
872 300 887 400
870 200 886 300
869 800 886 900
857 0 874 100
852 300 872 400
845 200 870 300
844 500 884 600
841 400 901 500
838 100 899 200
836 900 919 1000
836 700 920 800
771 0 857 100
746 100 838 200
739 500 844 600
729 400 841 500
728 200 845 300
726 300 852 400
700 900 836 1000
700 700 836 800
698 800 869 900
676 600 875 700
555 0 771 100
521 100 746 200
500 200 728 300
484 300 726 400
483 400 729 500
462 500 739 600
398 600 676 700
392 700 700 800
374 800 698 900
373 900 700 1000
0 900 373 1000
0 800 374 900
0 700 392 800
0 600 398 700
0 500 462 600
0 400 483 500
0 300 484 400
0 200 500 300
0 100 521 200
0 0 555 100
850 100 852 200
848 0 851 100
846 600 857 700
835 800 850 900
835 400 852 500
828 600 846 700
825 100 850 200
823 900 851 1000
823 200 851 300
822 500 851 600
821 300 859 400
819 700 873 800
780 400 835 500
768 600 828 700
751 900 823 1000
748 500 822 600
744 700 819 800
740 800 835 900
735 0 848 100
694 100 825 200
690 200 823 300
684 300 821 400
639 400 780 500
625 600 768 700
599 900 751 1000
594 500 748 600
585 700 744 800
578 800 740 900
511 100 694 200
505 200 690 300
498 300 684 400
439 400 639 500
388 500 594 600
377 600 625 700
326 700 585 800
310 800 578 900
302 900 599 1000
0 900 302 1000
0 800 310 900
0 700 326 800
0 600 377 700
0 500 388 600
0 400 439 500
0 300 498 400
0 200 505 300
0 100 511 200
0 0 735 100
837 750 840 875
837 250 845 375
836 125 846 250
834 625 844 750
833 500 846 625
832 875 845 1000
820 125 836 250
817 375 838 500
811 500 833 625
810 875 832 1000
810 250 837 375
806 750 837 875
803 625 834 750
768 625 803 750
766 750 806 875
764 500 811 625
762 250 810 375
760 875 810 1000
757 125 820 250
747 375 817 500
681 125 757 250
666 375 747 500
666 250 762 375
665 500 764 625
663 750 766 875
663 625 768 750
652 875 760 1000
550 625 663 750
546 500 665 625
542 375 666 500
528 750 663 875
517 875 652 1000
515 250 666 375
361 250 515 375
347 375 542 500
336 500 546 625
334 625 550 750
286 750 528 875
259 875 517 1000
0 875 259 1000
0 750 286 875
0 625 334 750
0 500 336 625
0 375 347 500
0 250 361 375
0 125 681 250
0 0 901 125
757 100 764 200
756 600 764 700
755 200 764 300
743 600 756 700
740 500 760 600
735 200 755 300
733 100 757 200
731 700 757 800
730 900 767 1000
727 300 783 400
726 800 789 900
723 400 791 500
653 400 723 500
651 300 727 400
649 200 735 300
647 500 740 600
645 600 743 700
623 800 726 900
623 700 731 800
619 900 730 1000
610 100 733 200
521 500 647 600
518 300 651 400
515 200 649 300
513 400 653 500
502 600 645 700
479 700 623 800
465 900 619 1000
464 800 623 900
356 200 515 300
348 300 518 400
341 400 513 500
340 500 521 600
314 600 502 700
277 700 479 800
241 800 464 900
235 900 465 1000
0 900 235 1000
0 800 241 900
0 700 277 800
0 600 314 700
0 500 340 600
0 400 341 500
0 300 348 400
0 200 356 300
0 100 610 200
0 0 914 100
851 700 854 800
850 200 869 300
848 100 874 200
841 500 870 600
836 800 870 900
825 900 863 1000
823 0 870 100
772 0 823 100
770 900 825 1000
770 800 836 900
769 500 841 600
769 100 848 200
763 700 851 800
759 200 850 300
758 300 864 400
757 400 863 500
756 600 864 700
661 0 772 100
653 100 769 200
629 400 757 500
623 600 756 700
621 300 758 400
620 200 759 300
617 500 769 600
603 700 763 800
590 800 770 900
581 900 770 1000
469 0 661 100
458 100 653 200
406 200 620 300
390 300 621 400
369 400 629 500
350 500 617 600
341 600 623 700
321 700 603 800
305 800 590 900
293 900 581 1000
0 900 293 1000
0 800 305 900
0 700 321 800
0 600 341 700
0 500 350 600
0 400 369 500
0 300 390 400
0 200 406 300
0 100 458 200
0 0 469 100
762 800 768 900
760 200 773 300
758 0 780 100
757 400 779 500
737 900 763 1000
737 500 764 600
730 300 764 400
723 0 758 100
720 700 764 800
718 600 764 700
714 200 760 300
713 800 762 900
703 100 763 200
696 400 757 500
656 0 723 100
650 600 718 700
644 200 714 300
641 800 713 900
641 700 720 800
637 500 737 600
636 900 737 1000
615 300 730 400
579 100 703 200
568 400 696 500
505 500 637 600
501 900 636 1000
501 700 641 800
500 600 650 700
491 800 641 900
489 200 644 300
454 300 615 400
381 400 568 500
318 500 505 600
290 600 500 700
288 700 501 800
272 800 491 900
252 900 501 1000
0 900 252 1000
0 800 272 900
0 700 288 800
0 600 290 700
0 500 318 600
0 400 381 500
0 300 454 400
0 200 489 300
0 100 579 200
0 0 656 100
775 600 777 700
772 700 775 800
771 900 779 1000
771 400 780 500
771 0 788 100
770 100 787 200
769 200 788 300
768 300 789 400
749 100 770 200
749 0 771 100
747 200 769 300
740 900 771 1000
732 300 768 400
728 400 771 500
726 500 776 600
721 800 776 900
718 600 775 700
714 700 772 800
688 200 747 300
679 100 749 200
671 0 749 100
652 300 732 400
642 900 740 1000
629 400 728 500
619 500 726 600
607 800 721 900
596 700 714 800
596 600 718 700
539 100 679 200
525 200 688 300
482 300 652 400
418 400 629 500
408 500 619 600
383 600 596 700
375 700 596 800
374 800 607 900
330 900 642 1000
0 900 330 1000
0 800 374 900
0 700 375 800
0 600 383 700
0 500 408 600
0 400 418 500
0 300 482 400
0 200 525 300
0 100 539 200
0 0 671 100
729 400 738 500
728 500 743 600
725 0 740 100
705 0 725 100
699 400 729 500
697 600 733 700
697 100 735 200
689 500 728 600
689 200 732 300
686 900 731 1000
684 300 732 400
681 700 730 800
678 800 732 900
624 700 681 800
624 300 684 400
618 800 678 900
618 200 689 300
617 500 689 600
612 900 686 1000
609 600 697 700
609 400 699 500
596 100 697 200
495 600 609 700
493 700 624 800
484 800 618 900
471 400 609 500
471 300 624 400
461 500 617 600
450 900 612 1000
449 200 618 300
295 300 471 400
288 400 471 500
276 500 461 600
273 700 493 800
273 600 495 700
261 800 484 900
226 900 450 1000
0 900 226 1000
0 800 261 900
0 700 273 800
0 600 273 700
0 500 276 600
0 400 288 500
0 300 295 400
0 200 449 300
0 100 596 200
0 0 705 100
875 400 876 500
874 300 877 400
873 900 881 1000
873 800 895 900
873 700 903 800
873 600 906 700
873 100 907 200
865 200 900 300
864 500 914 600
816 700 873 800
814 800 873 900
813 100 873 200
810 900 873 1000
807 600 873 700
805 400 875 500
802 0 878 100
795 300 874 400
786 200 865 300
784 500 864 600
704 200 786 300
690 500 784 600
690 300 795 400
681 700 816 800
673 900 810 1000
669 600 807 700
662 0 802 100
660 400 805 500
654 800 814 900
648 100 813 200
539 200 704 300
505 300 690 400
475 400 660 500
459 500 690 600
429 600 669 700
409 700 681 800
377 800 654 900
340 900 673 1000
0 900 340 1000
0 800 377 900
0 700 409 800
0 600 429 700
0 500 459 600
0 400 475 500
0 300 505 400
0 200 539 300
0 100 648 200
0 0 662 100
828 600 831 700
827 500 836 600
823 900 844 1000
813 100 837 200
808 700 835 800
793 300 831 400
790 800 828 900
790 400 830 500
787 200 829 300
780 900 823 1000
776 500 827 600
772 600 828 700
746 700 808 800
746 100 813 200
720 300 793 400
694 600 772 700
694 500 776 600
687 400 790 500
684 800 790 900
680 200 787 300
672 900 780 1000
638 700 746 800
610 300 720 400
573 400 687 500
572 500 694 600
570 600 694 700
556 200 680 300
555 800 684 900
537 900 672 1000
492 700 638 800
456 300 610 400
418 400 573 500
407 500 572 600
396 600 570 700
308 700 492 800
303 800 555 900
280 900 537 1000
0 900 280 1000
0 800 303 900
0 700 308 800
0 600 396 700
0 500 407 600
0 400 418 500
0 300 456 400
0 200 556 300
0 100 746 200
0 0 883 100
798 400 811 500
785 500 798 600
785 400 798 500
785 0 806 100
779 900 802 1000
777 100 802 200
776 200 802 300
774 300 807 400
772 700 809 800
743 400 785 500
731 200 776 300
729 900 779 1000
725 100 777 200
715 700 772 800
715 300 774 400
715 0 785 100
714 500 785 600
713 800 806 900
712 600 810 700
623 200 731 300
604 600 712 700
603 300 715 400
600 700 715 800
591 0 715 100
589 800 713 900
588 500 714 600
580 400 743 500
554 900 729 1000
541 100 725 200
430 200 623 300
393 300 603 400
361 400 580 500
357 500 588 600
350 600 604 700
336 700 600 800
314 800 589 900
278 900 554 1000
0 900 278 1000
0 800 314 900
0 700 336 800
0 600 350 700
0 500 357 600
0 400 361 500
0 300 393 400
0 200 430 300
0 100 541 200
0 0 591 100
734 100 735 200
733 400 736 500
733 300 736 400
733 200 736 300
732 500 736 600
727 100 734 200
722 200 733 300
720 400 733 500
719 300 733 400
693 200 722 300
689 300 719 400
680 400 720 500
671 500 732 600
670 800 740 900
669 700 740 800
662 600 741 700
660 0 752 100
648 900 744 1000
629 100 727 200
590 300 689 400
589 200 693 300
572 400 680 500
546 600 662 700
545 500 671 600
513 900 648 1000
503 700 669 800
502 800 670 900
492 0 660 100
454 100 629 200
404 200 589 300
402 300 590 400
348 400 572 500
320 500 545 600
316 600 546 700
271 700 503 800
267 800 502 900
266 900 513 1000
0 900 266 1000
0 800 267 900
0 700 271 800
0 600 316 700
0 500 320 600
0 400 348 500
0 300 402 400
0 200 404 300
0 100 454 200
0 0 492 100
806 200 809 300
804 700 808 800
804 0 809 100
795 500 807 600
792 700 804 800
788 600 812 700
777 200 806 300
774 0 804 100
772 300 811 400
771 800 814 900
769 400 825 500
765 900 826 1000
756 100 819 200
711 0 774 100
696 400 769 500
696 200 777 300
692 600 788 700
686 500 795 600
678 700 792 800
652 300 772 400
647 800 771 900
637 900 765 1000
627 100 756 200
564 400 696 500
560 200 696 300
549 500 686 600
547 600 692 700
530 700 678 800
503 300 652 400
488 800 647 900
464 900 637 1000
374 400 564 500
342 500 549 600
324 600 547 700
306 700 530 800
260 800 488 900
233 900 464 1000
0 900 233 1000
0 800 260 900
0 700 306 800
0 600 324 700
0 500 342 600
0 400 374 500
0 300 503 400
0 200 560 300
0 100 627 200
0 0 711 100
756 625 757 750
756 375 764 500
756 125 766 250
754 875 768 1000
741 625 756 750
740 375 756 500
738 875 754 1000
738 125 756 250
737 750 760 875
737 500 763 625
737 250 764 375
712 625 741 750
704 375 740 500
701 875 738 1000
699 125 738 250
696 500 737 625
695 250 737 375
692 750 737 875
664 625 712 750
652 875 701 1000
648 375 704 500
629 250 695 375
626 125 699 250
621 500 696 625
587 625 664 750
568 375 648 500
567 875 652 1000
557 750 692 875
483 500 621 625
478 125 626 250
472 250 629 375
427 625 587 750
405 875 567 1000
404 375 568 500
393 750 557 875
313 500 483 625
251 625 427 750
210 750 393 875
206 875 405 1000
0 875 206 1000
0 750 210 875
0 625 251 750
0 500 313 625
0 375 404 500
0 250 472 375
0 125 478 250
0 0 871 125
883 625 893 750
881 375 892 500
880 875 893 1000
880 250 899 375
879 125 904 250
874 500 900 625
874 0 905 125
836 0 874 125
834 125 879 250
833 875 880 1000
833 375 881 500
831 750 890 875
814 500 874 625
813 250 880 375
811 625 883 750
753 0 836 125
724 625 811 750
718 250 813 375
717 500 814 625
716 750 831 875
715 375 833 500
714 875 833 1000
714 125 834 250
627 0 753 125
579 875 714 1000
578 250 718 375
573 125 714 250
569 500 717 625
567 625 724 750
557 750 716 875
555 375 715 500
454 0 627 125
398 125 573 250
379 250 578 375
336 375 555 500
332 500 569 625
323 625 567 750
306 750 557 875
299 875 579 1000
0 875 299 1000
0 750 306 875
0 625 323 750
0 500 332 625
0 375 336 500
0 250 379 375
0 125 398 250
0 0 454 125
719 250 720 375
718 250 719 375
716 500 727 625
715 125 731 250
714 375 734 500
713 875 733 1000
713 750 735 875
713 625 735 750
713 0 747 125
679 250 718 375
672 750 713 875
671 875 713 1000
671 375 714 500
669 0 713 125
666 625 713 750
666 500 716 625
664 125 715 250
628 250 679 375
619 875 671 1000
614 375 671 500
610 0 669 125
605 625 666 750
604 750 672 875
595 500 666 625
593 125 664 250
521 0 610 125
511 625 605 750
495 500 595 625
494 750 604 875
490 375 614 500
488 250 628 375
470 875 619 1000
433 125 593 250
327 250 488 375
319 375 490 500
314 500 495 625
304 625 511 750
268 750 494 875
242 875 470 1000
0 875 242 1000
0 750 268 875
0 625 304 750
0 500 314 625
0 375 319 500
0 250 327 375
0 125 433 250
0 0 521 125
891 750 900 875
891 625 903 750
889 500 905 625
889 125 906 250
888 0 907 125
885 375 906 500
885 250 907 375
861 250 885 375
858 375 885 500
857 750 891 875
855 625 891 750
853 875 894 1000
845 125 889 250
844 500 889 625
833 0 888 125
802 250 861 375
792 375 858 500
781 625 855 750
778 875 853 1000
778 750 857 875
766 125 845 250
763 500 844 625
723 0 833 125
684 250 802 375
652 625 781 750
649 875 778 1000
645 750 778 875
636 375 792 500
605 125 766 250
599 500 763 625
517 250 684 375
474 750 645 875
473 625 652 750
463 875 649 1000
442 375 636 500
398 500 599 625
266 625 473 750
262 750 474 875
245 875 463 1000
0 875 245 1000
0 750 262 875
0 625 266 750
0 500 398 625
0 375 442 500
0 250 517 375
0 125 605 250
0 0 723 125
887 500 889 625
886 250 889 375
883 125 898 250
867 125 883 250
860 875 890 1000
858 625 894 750
857 375 893 500
852 750 889 875
848 250 886 375
847 500 887 625
817 125 867 250
803 875 860 1000
798 625 858 750
791 750 852 875
785 500 847 625
785 375 857 500
772 250 848 375
739 125 817 250
723 875 803 1000
715 625 798 750
707 750 791 875
695 375 785 500
694 500 785 625
677 250 772 375
642 125 739 250
625 875 723 1000
603 625 715 750
592 750 707 875
578 375 695 500
559 250 677 375
557 500 694 625
485 875 625 1000
452 625 603 750
438 750 592 875
422 375 578 500
393 500 557 625
281 625 452 750
266 750 438 875
262 875 485 1000
0 875 262 1000
0 750 266 875
0 625 281 750
0 500 393 625
0 375 422 500
0 250 559 375
0 125 642 250
0 0 967 125
