957 225 1000 365
965 0 1000 225
915 365 1000 482
0 932 224 1000
611 590 1000 630
563 590 611 1000
419 851 563 1000
563 482 1000 590
419 482 563 851
419 365 915 482
419 225 957 365
224 225 419 1000
224 0 965 225
0 0 224 932
917 438 1000 509
794 509 1000 559
542 509 794 559
375 860 499 1000
0 914 222 1000
499 509 542 1000
499 438 917 509
814 0 1000 238
375 438 499 860
375 349 1000 438
375 238 1000 349
222 238 375 1000
222 0 814 238
0 0 222 914
359 866 464 1000
757 426 1000 485
464 753 528 1000
464 485 528 753
464 426 757 485
464 365 1000 426
204 780 359 1000
0 775 204 1000
359 365 464 866
204 365 359 780
611 166 1000 365
204 166 611 365
204 0 1000 166
0 0 204 775
510 881 611 1000
383 890 510 1000
877 404 1000 530
611 604 1000 677
611 530 1000 604
510 530 611 881
510 404 877 530
0 780 215 1000
383 404 510 890
664 173 1000 404
215 404 383 1000
215 173 664 404
215 0 1000 173
0 0 215 780
389 974 477 1000
866 398 1000 499
552 499 1000 540
839 0 1000 204
0 852 240 1000
477 499 552 1000
240 744 389 1000
477 398 866 499
389 398 477 974
240 398 389 744
669 204 1000 398
240 204 669 398
240 0 839 204
0 0 240 852
933 196 1000 334
268 863 389 1000
549 568 610 1000
470 568 549 1000
744 434 1000 568
470 434 744 568
812 0 1000 196
0 841 268 1000
389 434 470 1000
389 334 1000 434
268 334 389 863
268 196 933 334
268 0 812 196
0 0 268 841
954 490 1000 573
507 573 541 1000
359 898 507 1000
904 221 1000 380
192 898 359 1000
0 889 192 1000
507 490 954 573
823 0 1000 221
507 380 1000 490
359 380 507 898
359 221 904 380
192 221 359 898
192 0 823 221
0 0 192 889
990 362 1000 457
573 579 576 1000
0 926 299 1000
817 457 1000 579
519 579 573 1000
299 760 433 1000
519 457 817 579
433 457 519 1000
433 362 990 457
299 362 433 760
299 281 1000 362
299 200 1000 281
299 0 1000 200
0 0 299 926
613 615 618 1000
983 0 1000 209
613 605 1000 615
613 583 1000 605
956 209 1000 408
0 950 336 1000
613 526 1000 583
336 761 509 1000
509 526 613 1000
509 408 1000 526
336 408 509 761
336 209 956 408
336 0 983 209
0 0 336 950
936 519 1000 548
525 519 936 548
494 519 525 1000
455 519 494 1000
310 865 455 1000
0 826 185 1000
761 237 1000 421
455 421 1000 519
310 421 455 865
689 0 1000 237
310 237 761 421
185 237 310 1000
185 0 689 237
0 0 185 826
614 598 1000 608
951 0 1000 147
595 598 614 1000
823 347 1000 511
517 598 595 1000
211 793 379 1000
517 511 1000 598
707 147 1000 347
379 511 517 1000
379 347 823 511
211 347 379 793
211 147 707 347
211 0 951 147
0 0 211 1000
