677 125 678 250
675 500 677 625
674 125 677 250
673 0 680 125
671 750 691 875
670 625 695 750
667 875 694 1000
663 250 691 375
645 500 675 625
641 0 673 125
632 625 670 750
625 250 663 375
623 875 667 1000
623 750 671 875
623 125 674 250
620 375 677 500
585 500 645 625
576 0 641 125
564 625 632 750
544 750 623 875
541 250 625 375
538 875 623 1000
531 125 623 250
526 375 620 500
486 500 585 625
476 0 576 125
461 625 564 750
424 750 544 875
409 125 531 250
407 875 538 1000
374 250 541 375
351 375 526 500
309 500 486 625
270 625 461 750
229 750 424 875
211 875 407 1000
0 875 211 1000
0 750 229 875
0 625 270 750
0 500 309 625
0 375 351 500
0 250 374 375
0 125 409 250
0 0 476 125
879 375 880 500
877 375 879 500
875 625 880 750
875 500 885 625
867 125 882 250
867 0 884 125
866 875 887 1000
866 750 891 875
854 250 880 375
850 375 877 500
848 500 875 625
836 0 867 125
835 875 866 1000
828 750 866 875
828 125 867 250
825 625 875 750
798 375 850 500
795 250 854 375
783 500 848 625
761 750 828 875
758 875 835 1000
751 125 828 250
743 625 825 750
694 250 795 375
688 375 798 500
671 500 783 625
613 625 743 750
596 875 758 1000
593 750 761 875
521 125 751 250
446 250 694 375
438 375 688 500
421 500 671 625
360 625 613 750
320 750 593 875
314 875 596 1000
0 875 314 1000
0 750 320 875
0 625 360 750
0 500 421 625
0 375 438 500
0 250 446 375
0 125 521 250
0 0 836 125
781 300 789 400
780 200 790 300
779 700 801 800
778 100 805 200
750 400 784 500
743 700 779 800
742 200 780 300
738 800 783 900
738 600 786 700
733 900 785 1000
733 500 804 600
709 300 781 400
668 400 750 500
633 900 733 1000
632 500 733 600
627 600 738 700
626 800 738 900
626 200 742 300
621 700 743 800
585 300 709 400
541 400 668 500
505 900 633 1000
500 500 632 600
486 800 626 900
471 700 621 800
471 600 627 700
466 200 626 300
417 300 585 400
370 400 541 500
325 500 500 600
292 600 471 700
279 700 471 800
260 800 486 900
254 900 505 1000
0 900 254 1000
0 800 260 900
0 700 279 800
0 600 292 700
0 500 325 600
0 400 370 500
0 300 417 400
0 200 466 300
0 100 778 200
0 0 832 100
786 400 787 500
785 400 786 500
783 900 790 1000
780 200 795 300
772 700 792 800
769 0 797 100
747 200 780 300
737 700 772 800
732 0 769 100
731 900 783 1000
731 400 785 500
730 600 791 700
725 800 788 900
725 500 793 600
722 100 791 200
717 300 797 400
639 0 732 100
612 300 717 400
611 200 747 300
594 400 731 500
580 100 722 200
579 500 725 600
565 600 730 700
564 900 731 1000
550 800 725 900
550 700 737 800
414 200 611 300
411 300 612 400
387 400 594 500
363 500 579 600
330 600 565 700
314 700 550 800
305 800 550 900
285 900 564 1000
0 900 285 1000
0 800 305 900
0 700 314 800
0 600 330 700
0 500 363 600
0 400 387 500
0 300 411 400
0 200 414 300
0 100 580 200
0 0 639 100
843 800 852 900
839 0 853 100
833 700 851 800
823 800 843 900
819 100 846 200
812 900 851 1000
809 200 852 300
806 400 850 500
803 500 870 600
801 600 876 700
800 300 879 400
754 0 839 100
745 700 833 800
725 100 819 200
713 800 823 900
699 200 809 300
698 900 812 1000
684 400 806 500
676 300 800 400
674 500 803 600
672 600 801 700
620 0 754 100
586 700 745 800
565 100 725 200
552 800 713 900
533 900 698 1000
512 200 699 300
488 300 676 400
484 400 684 500
474 500 674 600
457 600 672 700
363 700 586 800
305 800 552 900
282 900 533 1000
0 900 282 1000
0 800 305 900
0 700 363 800
0 600 457 700
0 500 474 600
0 400 484 500
0 300 488 400
0 200 512 300
0 100 565 200
0 0 620 100
755 400 762 500
753 800 762 900
753 700 763 800
744 400 755 500
736 800 753 900
735 700 753 800
733 500 758 600
733 100 759 200
732 900 762 1000
727 300 761 400
727 200 765 300
712 600 755 700
699 400 744 500
687 500 733 600
684 800 736 900
682 700 735 800
677 900 732 1000
677 100 733 200
669 200 727 300
667 300 727 400
607 300 667 400
593 700 682 800
592 800 684 900
586 500 687 600
583 600 712 700
568 400 699 500
546 900 677 1000
473 300 607 400
369 400 568 500
368 500 586 600
349 600 583 700
335 700 593 800
320 800 592 900
273 900 546 1000
0 900 273 1000
0 800 320 900
0 700 335 800
0 600 349 700
0 500 368 600
0 400 369 500
0 300 473 400
0 200 669 300
0 100 677 200
0 0 898 100
834 100 846 200
833 800 848 900
828 200 843 300
821 400 837 500
819 500 850 600
779 500 819 600
775 400 821 500
775 200 828 300
771 100 834 200
759 800 833 900
758 700 840 800
755 300 840 400
754 600 881 700
747 900 876 1000
726 0 866 100
626 100 771 200
624 200 775 300
599 600 754 700
598 300 755 400
596 500 779 600
589 400 775 500
567 700 758 800
565 800 759 900
551 900 747 1000
512 0 726 100
406 100 626 200
382 200 624 300
350 300 598 400
340 400 589 500
335 500 596 600
329 600 599 700
296 700 567 800
293 800 565 900
279 900 551 1000
0 900 279 1000
0 800 293 900
0 700 296 800
0 600 329 700
0 500 335 600
0 400 340 500
0 300 350 400
0 200 382 300
0 100 406 200
0 0 512 100
741 700 746 800
741 500 747 600
741 400 754 500
731 600 748 700
720 300 742 400
717 900 744 1000
714 800 742 900
713 0 742 100
712 100 743 200
709 200 743 300
703 400 741 500
701 500 741 600
686 600 731 700
681 700 741 800
650 100 712 200
650 0 713 100
639 800 714 900
627 200 709 300
624 900 717 1000
623 300 720 400
606 400 703 500
594 500 701 600
564 700 681 800
564 600 686 700
525 0 650 100
524 100 650 200
488 200 627 300
470 300 623 400
452 400 606 500
433 500 594 600
403 600 564 700
393 700 564 800
384 800 639 900
360 900 624 1000
0 900 360 1000
0 800 384 900
0 700 393 800
0 600 403 700
0 500 433 600
0 400 452 500
0 300 470 400
0 200 488 300
0 100 524 200
0 0 525 100
804 200 806 300
803 300 807 400
802 400 826 500
778 300 803 400
777 700 816 800
763 400 802 500
763 200 804 300
722 400 763 500
716 300 778 400
713 700 777 800
711 600 820 700
710 500 819 600
710 0 833 100
687 800 813 900
684 100 818 200
677 900 820 1000
620 200 763 300
578 400 722 500
571 300 716 400
564 0 710 100
562 600 711 700
559 500 710 600
552 700 713 800
496 900 677 1000
496 800 687 900
491 100 684 200
421 200 620 300
371 300 571 400
364 400 578 500
344 500 559 600
342 600 562 700
327 700 552 800
257 800 496 900
253 900 496 1000
0 900 253 1000
0 800 257 900
0 700 327 800
0 600 342 700
0 500 344 600
0 400 364 500
0 300 371 400
0 200 421 300
0 100 491 200
0 0 564 100
738 600 741 700
738 400 744 500
738 200 749 300
736 100 754 200
735 800 760 900
734 500 770 600
707 0 744 100
697 700 742 800
690 300 739 400
685 500 734 600
683 400 738 500
681 600 738 700
675 200 738 300
672 800 735 900
671 100 736 200
670 900 741 1000
629 0 707 100
593 100 671 200
592 200 675 300
591 400 683 500
587 700 697 800
575 500 685 600
572 300 690 400
552 600 681 700
530 900 670 1000
529 800 672 900
444 200 592 300
423 300 572 400
410 400 591 500
382 500 575 600
349 600 552 700
344 700 587 800
277 800 529 900
265 900 530 1000
0 900 265 1000
0 800 277 900
0 700 344 800
0 600 349 700
0 500 382 600
0 400 410 500
0 300 423 400
0 200 444 300
0 100 593 200
0 0 629 100
735 300 736 400
733 100 738 200
732 600 740 700
726 900 735 1000
726 300 735 400
725 500 737 600
725 0 742 100
722 700 746 800
705 800 737 900
693 900 726 1000
691 0 725 100
688 700 722 800
681 300 726 400
680 200 739 300
673 100 733 200
613 100 673 200
609 900 693 1000
600 700 688 800
599 0 691 100
597 800 705 900
571 300 681 400
569 200 680 300
565 500 725 600
562 400 738 500
555 600 732 700
430 100 613 200
386 200 569 300
383 300 571 400
368 400 562 500
367 500 565 600
353 600 555 700
349 700 600 800
334 800 597 900
306 900 609 1000
0 900 306 1000
0 800 334 900
0 700 349 800
0 600 353 700
0 500 367 600
0 400 368 500
0 300 383 400
0 200 386 300
0 100 430 200
0 0 599 100
798 600 803 700
796 700 809 800
794 400 808 500
782 700 796 800
780 900 798 1000
780 200 799 300
776 800 798 900
774 600 798 700
773 300 810 400
723 300 773 400
720 600 774 700
719 800 776 900
713 900 780 1000
713 700 782 800
712 400 794 500
712 100 804 200
709 500 810 600
675 200 780 300
608 700 713 800
606 900 713 1000
601 500 709 600
601 100 712 200
598 300 723 400
592 800 719 900
587 600 720 700
577 400 712 500
531 200 675 300
438 300 598 400
416 400 577 500
389 500 601 600
364 600 587 700
358 700 608 800
325 800 592 900
304 900 606 1000
0 900 304 1000
0 800 325 900
0 700 358 800
0 600 364 700
0 500 389 600
0 400 416 500
0 300 438 400
0 200 531 300
0 100 601 200
0 0 944 100
780 300 782 400
779 800 787 900
778 500 786 600
778 100 787 200
775 900 784 1000
770 800 779 900
770 300 780 400
767 400 783 500
763 700 787 800
763 200 796 300
762 600 796 700
743 100 778 200
736 500 778 600
717 200 763 300
712 600 762 700
710 300 770 400
701 700 763 800
700 900 775 1000
685 800 770 900
681 400 767 500
644 100 743 200
628 500 736 600
606 200 717 300
595 300 710 400
590 600 712 700
575 900 700 1000
569 700 701 800
553 800 685 900
502 400 681 500
441 500 628 600
363 600 590 700
309 800 553 900
309 700 569 800
290 900 575 1000
0 900 290 1000
0 800 309 900
0 700 309 800
0 600 363 700
0 500 441 600
0 400 502 500
0 300 595 400
0 200 606 300
0 100 644 200
0 0 923 100
862 400 863 600
862 200 865 400
858 200 862 400
856 800 863 1000
856 600 870 800
848 0 868 200
835 800 856 1000
835 600 856 800
835 200 858 400
833 400 862 600
817 0 848 200
804 600 835 800
801 400 833 600
800 200 835 400
799 800 835 1000
781 0 817 200
764 400 801 600
762 800 799 1000
762 200 800 400
761 600 804 800
734 0 781 200
703 600 761 800
698 800 762 1000
698 200 762 400
695 400 764 600
624 200 698 400
623 800 698 1000
619 400 695 600
618 600 703 800
526 200 624 400
519 400 619 600
517 600 618 800
514 800 623 1000
405 200 526 400
394 600 517 800
360 800 514 1000
352 400 519 600
219 600 394 800
182 800 360 1000
0 800 182 1000
0 600 219 800
0 400 352 600
0 200 405 400
0 0 734 200
