920 500 1000 1000
841 0 939 500
753 500 920 1000
666 0 841 500
434 0 666 500
378 500 753 1000
0 500 378 1000
0 0 434 500
961 0 994 500
883 0 961 500
837 500 972 1000
688 500 837 1000
483 500 688 1000
255 500 483 1000
0 500 255 1000
0 0 883 500
955 0 978 500
938 500 965 1000
854 500 938 1000
713 500 854 1000
568 500 713 1000
363 500 568 1000
0 500 363 1000
0 0 955 500
965 0 971 500
941 500 976 1000
900 0 965 500
831 0 900 500
733 500 941 1000
472 500 733 1000
0 500 472 1000
0 0 831 500
931 0 980 500
885 500 986 1000
821 0 931 500
731 500 885 1000
599 0 821 500
489 500 731 1000
0 500 489 1000
0 0 599 500
925 500 938 1000
893 0 991 500
805 500 925 1000
676 500 805 1000
546 500 676 1000
392 500 546 1000
0 500 392 1000
0 0 893 500
843 500 984 1000
803 0 956 500
685 500 843 1000
632 0 803 500
363 0 632 500
346 500 685 1000
0 500 346 1000
0 0 363 500
938 500 954 1000
935 0 965 500
901 0 935 500
812 0 901 500
658 0 812 500
596 500 938 1000
0 500 596 1000
0 0 658 500
949 0 951 500
940 0 949 500
901 500 964 1000
799 0 940 500
753 500 901 1000
604 500 753 1000
0 500 604 1000
0 0 799 500
971 0 982 500
873 500 976 1000
825 0 971 500
722 500 873 1000
489 500 722 1000
553 0 825 500
0 500 489 1000
0 0 553 500
945 0 959 500
908 0 945 500
883 500 992 1000
790 0 908 500
635 0 790 500
463 500 883 1000
0 500 463 1000
0 0 635 500
908 0 980 500
883 500 969 1000
814 0 908 500
747 500 883 1000
629 0 814 500
514 500 747 1000
0 500 514 1000
0 0 629 500
953 500 974 1000
886 500 953 1000
858 0 959 500
784 500 886 1000
676 0 858 500
576 500 784 1000
0 500 576 1000
0 0 676 500
948 0 962 500
874 0 948 500
848 500 981 1000
737 0 874 500
621 500 848 1000
331 500 621 1000
0 500 331 1000
0 0 737 500
943 500 966 1000
882 0 951 500
809 500 943 1000
745 0 882 500
564 0 745 500
540 500 809 1000
0 500 540 1000
0 0 564 500
910 500 975 1000
856 0 933 500
740 500 910 1000
678 0 856 500
460 0 678 500
450 500 740 1000
0 500 450 1000
0 0 460 500
941 0 975 500
848 0 941 500
706 0 848 500
670 500 948 1000
421 0 706 500
383 500 670 1000
0 500 383 1000
0 0 421 500
915 0 971 500
880 500 968 1000
802 0 915 500
754 500 880 1000
641 0 802 500
530 500 754 1000
0 500 530 1000
0 0 641 500
950 500 998 1000
859 500 950 1000
835 0 954 500
659 500 859 1000
624 0 835 500
443 500 659 1000
0 500 443 1000
0 0 624 500
937 500 959 1000
901 0 944 500
861 500 937 1000
763 0 901 500
604 0 763 500
601 500 861 1000
0 500 601 1000
0 0 604 500
933 0 976 500
874 0 933 500
834 500 953 1000
705 500 834 1000
553 500 705 1000
293 500 553 1000
0 500 293 1000
0 0 874 500
917 0 965 500
776 500 1000 1000
535 500 776 1000
0 500 266 1000
266 500 535 1000
619 0 917 500
317 0 619 500
0 0 317 500
947 0 958 500
922 0 947 500
877 0 922 500
837 500 958 1000
718 0 877 500
588 500 837 1000
0 500 588 1000
0 0 718 500
915 0 1000 500
819 0 915 500
657 0 819 500
775 500 956 1000
585 500 775 1000
369 500 585 1000
0 500 369 1000
0 0 657 500
929 500 943 1000
886 0 961 500
852 500 929 1000
685 500 852 1000
669 0 886 500
465 500 685 1000
0 500 465 1000
0 0 669 500
909 500 928 1000
898 0 972 500
816 500 909 1000
769 0 898 500
551 0 769 500
531 500 816 1000
0 500 531 1000
0 0 551 500
942 500 963 1000
883 0 953 500
859 500 942 1000
760 500 859 1000
687 0 883 500
434 500 760 1000
0 500 434 1000
0 0 687 500
941 0 975 500
899 0 941 500
855 500 974 1000
739 0 899 500
483 0 739 500
477 500 855 1000
0 500 477 1000
0 0 483 500
946 500 966 1000
789 500 946 1000
774 0 959 500
595 500 789 1000
578 0 774 500
311 500 595 1000
0 500 311 1000
0 0 578 500
