972 750 975 1000
960 750 972 1000
959 0 974 250
950 250 975 500
946 500 982 750
923 750 960 1000
921 0 959 250
895 500 946 750
884 250 950 500
848 0 921 250
844 750 923 1000
815 500 895 750
795 250 884 500
756 0 848 250
749 750 844 1000
688 500 815 750
613 0 756 250
599 250 795 500
540 750 749 1000
449 500 688 750
276 750 540 1000
0 750 276 1000
0 500 449 750
0 250 599 500
0 0 613 250
973 750 978 1000
972 250 995 500
967 500 997 750
926 0 974 250
924 750 973 1000
923 250 972 500
918 500 967 750
855 750 924 1000
835 500 918 750
830 250 923 500
830 0 926 250
733 0 830 250
728 250 830 500
725 500 835 750
715 750 855 1000
572 250 728 500
567 500 725 750
552 750 715 1000
381 250 572 500
340 500 567 750
311 750 552 1000
0 750 311 1000
0 500 340 750
0 250 381 500
0 0 733 250
972 250 979 500
971 0 979 250
969 500 977 750
955 500 969 750
955 250 972 500
949 750 976 1000
935 0 971 250
913 500 955 750
906 250 955 500
896 750 949 1000
849 250 906 500
844 500 913 750
839 0 935 250
792 750 896 1000
730 500 844 750
724 250 849 500
603 500 730 750
581 750 792 1000
477 250 724 500
326 500 603 750
303 750 581 1000
0 750 303 1000
0 500 326 750
0 250 477 500
0 0 839 250
973 250 975 500
963 250 973 500
955 750 976 1000
952 0 981 250
943 500 978 750
906 0 952 250
894 750 955 1000
892 250 963 500
866 500 943 750
810 0 906 250
787 750 894 1000
784 250 892 500
754 500 866 750
673 0 810 250
634 250 784 500
587 500 754 750
583 750 787 1000
448 0 673 250
397 250 634 500
344 500 587 750
316 750 583 1000
0 750 316 1000
0 500 344 750
0 250 397 500
0 0 448 250
973 500 976 750
972 0 986 250
948 250 984 500
919 0 972 250
918 750 976 1000
913 500 973 750
859 0 919 250
834 500 913 750
833 750 918 1000
826 250 948 500
736 0 859 250
701 750 833 1000
693 250 826 500
687 500 834 750
582 0 736 250
531 500 687 750
518 250 693 500
516 750 701 1000
320 250 518 500
290 500 531 750
274 750 516 1000
0 750 274 1000
0 500 290 750
0 250 320 500
0 0 582 250
975 500 976 750
975 0 980 250
961 500 975 750
956 250 979 500
952 750 984 1000
929 0 975 250
901 500 961 750
888 750 952 1000
882 250 956 500
844 0 929 250
813 500 901 750
799 750 888 1000
790 250 882 500
673 250 790 500
660 500 813 750
657 0 844 250
612 750 799 1000
443 0 657 250
438 250 673 500
393 500 660 750
318 750 612 1000
0 750 318 1000
0 500 393 750
0 250 438 500
0 0 443 250
969 0 971 250
963 0 969 250
957 750 996 1000
943 250 988 500
897 250 943 500
894 0 963 250
884 750 957 1000
900 500 984 750
806 0 894 250
788 250 897 500
775 750 884 1000
781 500 900 750
666 250 788 500
659 500 781 750
631 750 775 1000
517 250 666 500
351 250 517 500
462 750 631 1000
477 500 659 750
259 750 462 1000
269 500 477 750
0 750 259 1000
0 500 269 750
0 250 351 500
0 0 806 250
982 0 985 250
981 250 989 500
973 0 982 250
972 750 982 1000
969 250 981 500
968 500 984 750
949 250 969 500
947 0 973 250
945 750 972 1000
932 500 968 750
905 250 949 500
887 750 945 1000
862 500 932 750
845 0 947 250
777 250 905 500
736 750 887 1000
700 500 862 750
612 0 845 250
520 250 777 500
430 500 700 750
396 750 736 1000
0 750 396 1000
0 500 430 750
0 250 520 500
0 0 612 250
981 250 993 500
977 500 991 750
964 0 987 250
952 500 977 750
951 250 981 500
932 750 981 1000
914 0 964 250
898 250 951 500
888 500 952 750
862 750 932 1000
826 250 898 500
810 500 888 750
769 750 862 1000
732 250 826 500
689 500 810 750
647 750 769 1000
608 250 732 500
560 500 689 750
517 750 647 1000
348 750 517 1000
175 750 348 1000
0 750 175 1000
0 500 560 750
0 250 608 500
0 0 914 250
973 800 981 1000
965 600 976 800
964 0 977 200
935 800 973 1000
924 0 964 200
923 600 965 800
918 200 977 400
916 400 983 600
856 600 923 800
855 0 924 200
835 400 916 600
822 200 918 400
817 800 935 1000
718 600 856 800
687 0 855 200
632 800 817 1000
624 200 822 400
572 400 835 600
445 600 718 800
359 800 632 1000
0 800 359 1000
0 600 445 800
0 400 572 600
0 200 624 400
0 0 687 200
979 200 984 400
971 200 979 400
968 600 980 800
968 0 980 200
917 200 971 400
888 600 968 800
904 400 997 600
844 0 968 200
777 200 917 400
854 800 1000 1000
741 600 888 800
626 200 777 400
672 0 844 200
559 600 741 800
406 200 626 400
597 800 854 1000
638 400 904 600
0 600 274 800
274 600 559 800
308 800 597 1000
0 800 308 1000
320 400 638 600
0 400 320 600
0 200 406 400
0 0 672 200
970 400 988 600
952 800 991 1000
949 600 991 800
939 0 995 200
900 200 971 400
825 200 900 400
856 0 939 200
880 400 970 600
835 800 952 1000
824 600 949 800
702 0 856 200
713 400 880 600
646 200 825 400
644 600 824 800
640 800 835 1000
496 0 702 200
433 200 646 400
464 400 713 600
377 600 644 800
371 800 640 1000
0 800 371 1000
0 600 377 800
0 200 433 400
0 400 464 600
0 0 496 200
968 200 973 400
966 800 986 1000
963 400 988 600
962 0 988 200
946 600 981 800
929 800 966 1000
922 400 963 600
921 200 968 400
898 600 946 800
890 0 962 200
831 200 921 400
795 600 898 800
794 400 922 600
778 800 929 1000
605 400 794 600
598 600 795 800
555 800 778 1000
360 400 605 600
350 600 598 800
290 800 555 1000
0 800 290 1000
0 600 350 800
0 400 360 600
0 200 831 400
0 0 890 200
977 400 988 600
964 800 977 1000
950 800 964 1000
950 600 977 800
945 400 977 600
945 200 995 400
933 0 986 200
879 400 945 600
855 600 950 800
837 800 950 1000
806 0 933 200
804 200 945 400
710 400 879 600
667 600 855 800
639 800 837 1000
591 0 806 200
584 200 804 400
487 400 710 600
409 600 667 800
342 800 639 1000
0 800 342 1000
0 600 409 800
0 400 487 600
0 200 584 400
0 0 591 200
976 200 981 400
975 0 983 200
966 400 980 600
960 600 979 800
946 800 982 1000
933 200 976 400
890 200 933 400
887 0 975 200
875 400 966 600
867 600 960 800
821 800 946 1000
760 0 887 200
754 200 890 400
701 400 875 600
692 600 867 800
641 800 821 1000
553 200 754 400
497 400 701 600
460 600 692 800
341 800 641 1000
0 800 341 1000
0 600 460 800
0 400 497 600
0 200 553 400
0 0 760 200
916 0 922 200
901 0 916 200
897 200 985 400
896 400 997 600
884 600 995 800
877 800 997 1000
744 600 884 800
744 0 901 200
735 400 896 600
734 200 897 400
708 800 877 1000
550 200 734 400
542 400 735 600
541 0 744 200
533 600 744 800
495 800 708 1000
334 200 550 400
315 400 542 600
300 600 533 800
251 800 495 1000
0 800 251 1000
0 600 300 800
0 400 315 600
0 200 334 400
0 0 541 200
973 0 986 200
964 200 977 400
917 0 973 200
912 400 974 600
910 600 985 800
909 800 990 1000
875 200 964 400
817 800 909 1000
815 0 917 200
804 400 912 600
802 600 910 800
766 200 875 400
672 400 804 600
667 600 802 800
656 0 815 200
638 800 817 1000
558 200 766 400
371 400 672 600
349 600 667 800
320 800 638 1000
0 800 320 1000
0 600 349 800
0 400 371 600
0 200 558 400
0 0 656 200
975 800 978 1000
956 600 977 800
949 200 978 400
945 400 977 600
916 600 956 800
903 0 976 200
900 800 975 1000
866 400 945 600
858 200 949 400
802 600 916 800
784 800 900 1000
783 0 903 200
745 400 866 600
730 200 858 400
651 800 784 1000
646 0 783 200
587 200 730 400
573 400 745 600
504 600 802 800
328 800 651 1000
0 800 328 1000
0 600 504 800
0 400 573 600
0 200 587 400
0 0 646 200
980 200 997 400
960 600 993 800
957 0 991 200
934 400 982 600
931 200 980 400
907 600 960 800
894 0 957 200
875 800 986 1000
795 200 931 400
793 400 934 600
766 600 907 800
745 0 894 200
724 800 875 1000
604 600 766 800
557 800 724 1000
536 0 745 200
533 200 795 400
531 400 793 600
339 600 604 800
290 800 557 1000
0 800 290 1000
0 600 339 800
0 400 531 600
0 200 533 400
0 0 536 200
972 500 973 1000
971 500 972 1000
971 0 975 500
966 0 971 500
961 0 966 500
958 500 971 1000
940 500 958 1000
937 0 961 500
911 0 937 500
910 500 940 1000
881 0 911 500
873 500 910 1000
834 0 881 500
820 500 873 1000
778 0 834 500
763 500 820 1000
708 0 778 500
692 500 763 1000
622 0 708 500
583 500 692 1000
511 0 622 500
458 500 583 1000
328 500 458 1000
0 500 328 1000
0 0 511 500
987 800 988 1000
985 400 988 600
981 600 994 800
963 400 985 600
947 200 989 400
943 800 987 1000
936 0 989 200
871 0 936 200
870 200 947 400
861 400 963 600
852 600 981 800
808 800 943 1000
726 400 861 600
662 800 808 1000
653 600 852 800
646 0 871 200
636 200 870 400
446 400 726 600
350 600 653 800
347 800 662 1000
0 800 347 1000
0 600 350 800
0 400 446 600
0 200 636 400
0 0 646 200
981 400 985 600
979 200 990 400
970 800 989 1000
956 200 979 400
950 400 981 600
903 0 996 200
891 600 989 800
801 0 903 200
788 600 891 800
678 0 801 200
841 800 970 1000
804 400 950 600
806 200 956 400
684 800 841 1000
632 400 804 600
595 600 788 800
610 200 806 400
392 400 632 600
332 600 595 800
362 800 684 1000
0 600 332 800
0 800 362 1000
0 400 392 600
0 200 610 400
0 0 678 200
982 0 986 200
977 400 984 600
972 800 986 1000
966 0 982 200
961 200 983 400
951 400 977 600
945 800 972 1000
933 0 966 200
908 400 951 600
868 600 990 800
836 200 961 400
820 800 945 1000
801 0 933 200
776 400 908 600
728 600 868 800
688 200 836 400
661 800 820 1000
583 400 776 600
522 600 728 800
371 800 661 1000
0 800 371 1000
0 600 522 800
0 400 583 600
0 200 688 400
0 0 801 200
972 600 973 800
969 600 972 800
963 600 969 800
953 600 963 800
951 800 988 1000
944 200 985 400
935 0 983 200
929 400 984 600
889 200 944 400
876 800 951 1000
875 600 953 800
852 0 935 200
815 400 929 600
752 800 876 1000
743 600 875 800
689 0 852 200
636 200 889 400
558 400 815 600
467 600 743 800
416 800 752 1000
0 800 416 1000
0 600 467 800
0 400 558 600
0 200 636 400
0 0 689 200
966 0 974 200
963 800 974 1000
958 200 981 400
945 400 969 600
940 600 970 800
909 600 940 800
908 0 966 200
890 200 958 400
888 800 963 1000
850 400 945 600
792 200 890 400
788 0 908 200
777 600 909 800
750 800 888 1000
708 400 850 600
588 0 788 200
583 200 792 400
488 400 708 600
443 600 777 800
397 800 750 1000
0 800 397 1000
0 600 443 800
0 400 488 600
0 200 583 400
0 0 588 200
968 0 969 250
967 500 971 750
964 250 980 500
951 0 968 250
950 500 967 750
939 750 977 1000
912 0 951 250
906 500 950 750
899 250 964 500
868 750 939 1000
821 250 899 500
809 500 906 750
769 750 868 1000
711 250 821 500
689 500 809 750
565 250 711 500
541 500 689 750
529 750 769 1000
323 250 565 500
278 500 541 750
265 750 529 1000
0 750 265 1000
0 500 278 750
0 250 323 500
0 0 912 250
978 500 982 750
976 250 983 500
964 500 978 750
952 250 976 500
947 0 983 250
936 750 991 1000
903 500 964 750
883 250 952 500
876 0 947 250
859 750 936 1000
805 250 883 500
786 0 876 250
785 500 903 750
738 750 859 1000
678 250 805 500
624 500 785 750
617 0 786 250
566 750 738 1000
490 250 678 500
428 500 624 750
341 750 566 1000
0 750 341 1000
0 500 428 750
0 250 490 500
0 0 617 250
974 500 984 750
974 250 984 500
949 250 974 500
932 750 980 1000
926 500 974 750
925 0 986 250
860 0 925 250
857 500 926 750
852 750 932 1000
851 250 949 500
743 750 852 1000
734 500 857 750
721 250 851 500
719 0 860 250
602 750 743 1000
592 500 734 750
569 250 721 500
558 0 719 250
406 250 569 500
393 500 592 750
385 750 602 1000
0 750 385 1000
0 500 393 750
0 250 406 500
0 0 558 250
968 750 978 1000
962 0 980 250
953 250 974 500
938 0 962 250
935 750 968 1000
935 500 981 750
882 500 935 750
872 750 935 1000
872 0 938 250
870 250 953 500
776 0 872 250
754 250 870 500
753 500 882 750
737 750 872 1000
577 500 753 750
572 250 754 500
554 750 737 1000
554 0 776 250
330 250 572 500
312 500 577 750
281 750 554 1000
0 750 281 1000
0 500 312 750
0 250 330 500
0 0 554 250
977 750 991 1000
972 0 986 250
969 500 986 750
955 750 977 1000
928 750 955 1000
928 0 972 250
925 500 969 750
925 250 987 500
864 0 928 250
858 750 928 1000
854 500 925 750
854 250 925 500
779 250 854 500
776 500 854 750
756 750 858 1000
677 250 779 500
640 500 776 750
607 750 756 1000
526 250 677 500
443 500 640 750
343 750 607 1000
0 750 343 1000
0 500 443 750
0 250 526 500
0 0 864 250
969 0 976 200
964 400 981 600
951 600 973 800
941 800 970 1000
935 400 964 600
935 0 969 200
922 200 972 400
879 0 935 200
855 400 935 600
847 600 951 800
833 800 941 1000
759 0 879 200
750 200 922 400
649 800 833 1000
635 400 855 600
625 600 847 800
513 200 750 400
392 400 635 600
339 600 625 800
336 800 649 1000
0 800 336 1000
0 600 339 800
0 400 392 600
0 200 513 400
0 0 759 200
982 200 988 400
971 0 989 200
922 200 982 400
920 800 982 1000
904 0 971 200
926 400 994 600
926 600 999 800
844 200 922 400
832 800 920 1000
635 200 730 400
818 400 926 600
730 200 844 400
703 800 832 1000
794 600 926 800
559 800 703 1000
627 400 818 600
585 600 794 800
344 800 559 1000
358 600 585 800
378 400 627 600
0 800 344 1000
0 600 358 800
0 400 378 600
0 200 635 400
0 0 904 200
978 0 980 200
976 400 993 600
968 600 987 800
957 200 978 400
945 400 976 600
917 600 968 800
910 0 978 200
906 800 980 1000
872 200 957 400
846 400 945 600
779 600 917 800
764 800 906 1000
722 200 872 400
677 400 846 600
602 600 779 800
586 800 764 1000
496 200 722 400
411 400 677 600
320 600 602 800
298 800 586 1000
0 800 298 1000
0 600 320 800
0 400 411 600
0 200 496 400
0 0 910 200
973 400 980 600
967 200 979 400
962 0 994 200
932 200 967 400
931 400 973 600
928 800 975 1000
920 600 973 800
885 0 962 200
835 600 920 800
828 800 928 1000
826 200 932 400
816 400 931 600
763 0 885 200
684 400 816 600
670 200 826 400
658 600 835 800
640 800 828 1000
457 400 684 600
421 600 658 800
323 800 640 1000
0 800 323 1000
0 600 421 800
0 400 457 600
0 200 670 400
0 0 763 200
939 600 979 800
939 0 981 200
937 800 983 1000
926 400 974 600
921 200 973 400
856 200 921 400
855 400 926 600
852 0 939 200
839 600 939 800
835 800 937 1000
739 400 855 600
732 200 856 400
717 0 852 200
700 600 839 800
672 800 835 1000
552 0 717 200
511 200 732 400
508 400 739 600
413 600 700 800
342 800 672 1000
0 800 342 1000
0 600 413 800
0 400 508 600
0 200 511 400
0 0 552 200
985 0 989 200
981 400 987 600
978 800 987 1000
975 0 985 200
973 600 986 800
949 200 999 400
927 800 978 1000
927 400 981 600
874 600 973 800
872 0 975 200
837 200 949 400
812 800 927 1000
805 400 927 600
741 600 874 800
703 200 837 400
730 0 872 200
662 800 812 1000
621 400 805 600
483 600 741 800
398 800 662 1000
0 800 398 1000
0 600 483 800
0 400 621 600
0 200 703 400
0 0 730 200
971 0 974 500
968 0 971 500
966 500 972 1000
957 500 966 1000
956 0 968 500
943 0 956 500
939 500 957 1000
920 500 939 1000
919 0 943 500
894 500 920 1000
892 0 919 500
866 500 894 1000
863 0 892 500
831 500 866 1000
819 0 863 500
766 0 819 500
758 500 831 1000
661 500 758 1000
656 0 766 500
535 500 661 1000
505 0 656 500
374 500 535 1000
197 500 374 1000
0 500 197 1000
0 0 505 500
974 250 987 500
972 750 986 1000
964 0 985 250
949 750 972 1000
947 500 975 750
938 250 974 500
928 0 964 250
899 250 938 500
886 500 947 750
883 750 949 1000
815 750 883 1000
799 500 886 750
797 250 899 500
702 750 815 1000
680 500 799 750
670 250 797 500
527 500 680 750
520 750 702 1000
472 250 670 500
305 500 527 750
268 750 520 1000
0 750 268 1000
0 500 305 750
0 250 472 500
0 0 928 250
968 0 970 200
962 0 968 200
961 200 970 400
957 400 981 600
955 600 987 800
926 0 962 200
922 800 987 1000
874 600 955 800
850 400 957 600
849 200 961 400
810 0 926 200
806 800 922 1000
751 600 874 800
720 200 849 400
708 400 850 600
659 800 806 1000
565 200 720 400
547 400 708 600
486 600 751 800
358 800 659 1000
0 800 358 1000
0 600 486 800
0 400 547 600
0 200 565 400
0 0 810 200
959 200 970 400
933 200 959 400
933 0 987 200
920 400 975 600
916 600 971 800
899 800 965 1000
847 600 916 800
829 800 899 1000
829 200 933 400
823 0 933 200
798 400 920 600
702 200 829 400
647 400 798 600
638 800 829 1000
637 600 847 800
585 0 823 200
431 200 702 400
367 400 647 600
351 600 637 800
319 800 638 1000
0 800 319 1000
0 600 351 800
0 400 367 600
0 200 431 400
0 0 585 200
967 200 971 400
964 0 969 200
960 200 967 400
954 600 973 800
946 400 970 600
941 800 987 1000
914 0 964 200
895 400 946 600
890 200 960 400
871 600 954 800
856 800 941 1000
791 400 895 600
782 200 890 400
773 0 914 200
723 600 871 800
649 800 856 1000
517 200 782 400
516 400 791 600
442 600 723 800
348 800 649 1000
0 800 348 1000
0 600 442 800
0 400 516 600
0 200 517 400
0 0 773 200
980 600 983 800
965 600 980 800
963 400 986 600
955 200 998 400
914 800 981 1000
868 0 998 200
824 200 955 400
820 400 963 600
815 600 965 800
754 800 914 1000
694 0 868 200
646 200 824 400
642 400 820 600
597 600 815 800
535 800 754 1000
452 0 694 200
402 200 646 400
392 400 642 600
338 600 597 800
272 800 535 1000
0 800 272 1000
0 600 338 800
0 400 392 600
0 200 402 400
0 0 452 200
981 0 984 250
974 250 981 500
970 0 981 250
962 250 974 500
961 750 988 1000
957 500 991 750
924 750 961 1000
916 500 957 750
905 250 962 500
851 750 924 1000
842 500 916 750
829 250 905 500
754 500 842 750
748 750 851 1000
720 250 829 500
638 500 754 750
632 750 748 1000
603 250 720 500
494 500 638 750
350 500 494 750
320 750 632 1000
0 750 320 1000
0 500 350 750
0 250 603 500
0 0 970 250
984 500 985 1000
984 0 985 500
982 0 984 500
981 500 984 1000
975 500 981 1000
973 0 982 500
960 500 975 1000
958 0 973 500
942 500 960 1000
938 0 958 500
908 0 938 500
905 500 942 1000
866 0 908 500
854 500 905 1000
813 0 866 500
790 500 854 1000
745 0 813 500
719 500 790 1000
669 0 745 500
642 500 719 1000
557 500 642 1000
416 500 557 1000
254 500 416 1000
0 500 254 1000
0 0 669 500
963 600 968 800
953 600 963 800
952 800 970 1000
952 200 972 400
949 0 983 200
934 400 991 600
880 0 949 200
872 200 952 400
862 800 952 1000
841 400 934 600
828 600 953 800
754 0 880 200
739 200 872 400
674 600 828 800
672 400 841 600
671 800 862 1000
475 200 739 400
406 400 672 600
380 600 674 800
336 800 671 1000
0 800 336 1000
0 600 380 800
0 400 406 600
0 200 475 400
0 0 754 200
968 800 985 1000
967 600 987 800
954 200 988 400
924 0 975 200
913 600 967 800
910 800 968 1000
910 400 971 600
848 200 954 400
807 600 913 800
802 800 910 1000
786 400 910 600
779 0 924 200
695 200 848 400
634 800 802 1000
628 600 807 800
595 400 786 600
488 200 695 400
381 400 595 600
345 600 628 800
317 800 634 1000
0 800 317 1000
0 600 345 800
0 400 381 600
0 200 488 400
0 0 779 200
954 800 961 1000
940 200 983 400
911 800 954 1000
905 600 964 800
897 400 974 600
877 0 965 200
851 200 940 400
778 400 897 600
775 600 905 800
767 800 911 1000
705 200 851 400
705 0 877 200
579 400 778 600
575 600 775 800
566 800 767 1000
483 0 705 200
469 200 705 400
325 400 579 600
314 600 575 800
289 800 566 1000
0 800 289 1000
0 600 314 800
0 400 325 600
0 200 469 400
0 0 483 200
978 200 980 400
975 200 978 400
967 800 988 1000
966 0 991 200
957 400 985 600
952 600 983 800
913 800 967 1000
910 0 966 200
878 600 952 800
868 400 957 600
868 200 975 400
793 0 910 200
786 800 913 1000
739 400 868 600
705 200 868 400
648 600 878 800
543 800 786 1000
480 400 739 600
380 600 648 800
275 800 543 1000
0 800 275 1000
0 600 380 800
0 400 480 600
0 200 705 400
0 0 793 200
