994 250 1000 500
994 500 1000 750
984 0 999 250
982 750 997 1000
977 250 994 500
976 500 994 750
966 0 984 250
957 500 976 750
955 250 977 500
958 750 982 1000
940 0 966 250
929 500 957 750
926 250 955 500
925 750 958 1000
896 0 940 250
871 750 925 1000
868 500 929 750
864 250 926 500
825 0 896 250
796 500 868 750
778 250 864 500
784 750 871 1000
732 0 825 250
680 250 778 500
679 750 784 1000
677 500 796 750
607 0 732 250
529 500 677 750
529 250 680 500
450 0 607 250
520 750 679 1000
361 250 529 500
353 500 529 750
309 750 520 1000
0 750 309 1000
0 500 353 750
0 250 361 500
0 0 450 250
996 0 1000 250
992 250 999 500
987 750 1000 1000
984 500 999 750
976 250 992 500
978 0 996 250
969 750 987 1000
959 0 978 250
964 500 984 750
952 250 976 500
945 750 969 1000
926 250 952 500
933 500 964 750
919 0 959 250
904 750 945 1000
888 500 933 750
877 250 926 500
867 0 919 250
847 750 904 1000
820 500 888 750
804 250 877 500
788 0 867 250
767 750 847 1000
723 250 804 500
700 0 788 250
652 750 767 1000
604 250 723 500
699 500 820 750
576 500 699 750
574 0 700 250
516 750 652 1000
437 250 604 500
396 500 576 750
309 750 516 1000
0 750 309 1000
0 500 396 750
0 250 437 500
0 0 574 250
998 400 999 600
998 0 999 200
997 0 998 200
990 800 1000 1000
988 200 999 400
983 400 998 600
972 800 990 1000
976 600 998 800
966 200 988 400
968 0 997 200
930 200 966 400
936 600 976 800
935 400 983 600
921 800 972 1000
916 0 968 200
877 200 930 400
881 400 935 600
864 800 921 1000
877 600 936 800
851 0 916 200
791 800 864 1000
803 600 877 800
786 200 877 400
789 400 881 600
658 200 786 400
720 0 851 200
653 800 791 1000
643 600 803 800
487 200 658 400
616 400 789 600
438 400 616 600
393 600 643 800
342 800 653 1000
0 800 342 1000
0 600 393 800
0 400 438 600
0 200 487 400
0 0 720 200
996 400 1000 600
993 800 999 1000
984 0 1000 200
979 400 996 600
976 600 997 800
955 600 976 800
953 400 979 600
964 800 993 1000
965 200 998 400
948 0 984 200
915 400 953 600
910 600 955 800
916 200 965 400
899 0 948 200
909 800 964 1000
840 0 899 200
837 800 909 1000
819 600 910 800
818 400 915 600
814 200 916 400
730 0 840 200
672 600 819 800
670 400 818 600
575 0 730 200
680 800 837 1000
653 200 814 400
499 400 670 600
504 800 680 1000
486 600 672 800
302 400 499 600
449 200 653 400
278 600 486 800
285 800 504 1000
0 600 278 800
0 800 285 1000
0 400 302 600
0 200 449 400
0 0 575 200
999 0 1000 200
998 400 1000 600
995 800 1000 1000
994 200 1000 400
990 400 998 600
989 600 1000 800
988 0 999 200
981 800 995 1000
971 0 988 200
951 800 981 1000
962 200 994 400
951 600 989 800
948 400 990 600
918 0 971 200
901 200 962 400
889 600 951 800
880 400 948 600
878 800 951 1000
832 0 918 200
808 200 901 400
769 800 878 1000
759 400 880 600
747 600 889 800
685 0 832 200
657 200 808 400
601 800 769 1000
578 400 759 600
562 600 747 800
486 0 685 200
452 200 657 400
347 400 578 600
320 600 562 800
310 800 601 1000
0 800 310 1000
0 600 320 800
0 400 347 600
0 200 452 400
0 0 486 200
998 800 1000 1000
992 0 1000 200
981 200 1000 400
979 600 999 800
961 200 981 400
974 800 998 1000
954 600 979 800
972 400 999 600
962 0 992 200
932 0 962 200
939 400 972 600
923 200 961 400
934 800 974 1000
912 600 954 800
882 800 934 1000
859 600 912 800
863 0 932 200
854 200 923 400
856 400 939 600
773 400 856 600
763 200 854 400
751 0 863 200
769 800 882 1000
738 600 859 800
650 400 773 600
620 200 763 400
624 800 769 1000
590 600 738 800
542 0 751 200
381 200 620 400
309 600 590 800
361 400 650 600
0 600 309 800
313 800 624 1000
0 800 313 1000
0 400 361 600
0 200 381 400
0 0 542 200
991 100 992 200
991 0 998 100
988 900 1000 1000
980 300 999 400
961 900 988 1000
971 200 1000 300
961 600 993 700
959 800 997 900
919 500 1000 600
890 300 980 400
896 0 991 100
890 100 991 200
862 200 971 300
846 800 959 900
818 900 961 1000
838 700 999 800
721 300 890 400
714 500 919 600
639 200 862 300
737 600 961 700
763 400 993 500
479 300 721 400
511 400 763 500
455 500 714 600
478 600 737 700
469 700 838 800
452 800 846 900
420 900 818 1000
0 900 420 1000
0 800 452 900
0 500 455 600
0 700 469 800
0 600 478 700
0 300 479 400
0 400 511 500
0 200 639 300
0 100 890 200
0 0 896 100
993 700 995 800
992 400 1000 500
991 900 1000 1000
982 200 1000 300
971 100 1000 200
951 600 997 700
949 500 1000 600
916 100 971 200
939 300 999 400
936 0 999 100
925 400 992 500
916 800 996 900
822 100 916 200
825 400 925 500
867 900 991 1000
813 500 949 600
727 900 867 1000
748 800 916 900
801 700 993 800
728 600 951 700
728 200 982 300
673 300 939 400
544 400 825 500
511 500 813 600
418 600 728 700
0 900 348 1000
391 800 748 900
348 900 727 1000
0 800 391 900
402 700 801 800
0 700 402 800
0 600 418 700
0 500 511 600
0 400 544 500
0 300 673 400
0 200 728 300
0 100 822 200
0 0 936 100
999 0 1000 250
998 0 999 250
998 500 1000 750
995 0 998 250
994 250 1000 500
988 0 995 250
993 750 1000 1000
981 0 988 250
986 250 994 500
985 750 993 1000
989 500 998 750
971 500 989 750
967 250 986 500
960 750 985 1000
953 0 981 250
939 500 971 750
934 250 967 500
922 750 960 1000
909 0 953 250
868 750 922 1000
866 250 934 500
866 500 939 750
823 0 909 250
770 750 868 1000
763 250 866 500
697 0 823 250
736 500 866 750
637 750 770 1000
627 250 763 500
572 500 736 750
455 750 637 1000
441 250 627 500
376 500 572 750
245 750 455 1000
0 750 245 1000
0 500 376 750
0 250 441 500
0 0 697 250
993 750 1000 1000
992 0 1000 250
986 500 1000 750
973 0 992 250
972 750 993 1000
958 500 986 750
943 750 972 1000
968 250 1000 500
941 0 973 250
925 500 958 750
933 250 968 500
901 0 941 250
902 750 943 1000
882 500 925 750
885 250 933 500
830 500 882 750
845 0 901 250
840 750 902 1000
820 250 885 500
764 500 830 750
775 0 845 250
767 750 840 1000
744 250 820 500
686 500 764 750
692 0 775 250
680 750 767 1000
656 250 744 500
552 250 656 500
520 500 686 750
513 0 692 250
313 500 520 750
471 750 680 1000
329 250 552 500
239 750 471 1000
0 750 239 1000
0 500 313 750
0 250 329 500
0 0 513 250
998 200 1000 400
991 200 998 400
984 200 991 400
987 0 999 200
985 400 1000 600
978 600 999 800
969 800 999 1000
955 400 985 600
948 200 984 400
949 0 987 200
926 800 969 1000
926 600 978 800
884 200 948 400
888 400 955 600
880 0 949 200
842 800 926 1000
840 600 926 800
793 0 880 200
790 400 888 600
777 200 884 400
731 800 842 1000
722 600 840 800
656 200 777 400
656 400 790 600
590 800 731 1000
512 200 656 400
577 600 722 800
494 400 656 600
424 800 590 1000
408 600 577 800
317 400 494 600
226 600 408 800
225 800 424 1000
0 800 225 1000
0 600 226 800
0 400 317 600
0 200 512 400
0 0 793 200
994 750 995 875
993 0 999 125
987 500 995 625
986 250 996 375
981 0 993 125
979 375 995 500
967 875 996 1000
962 750 994 875
935 250 986 375
928 0 981 125
922 500 987 625
913 375 979 500
900 625 1000 750
847 750 962 875
845 875 967 1000
794 0 928 125
790 250 935 375
835 125 996 250
742 375 913 500
726 500 922 625
592 250 790 375
648 750 847 875
646 875 845 1000
635 125 835 250
676 625 900 750
501 375 742 500
478 500 726 625
402 625 676 750
369 750 648 875
354 875 646 1000
0 875 354 1000
0 750 369 875
0 625 402 750
0 500 478 625
0 375 501 500
0 250 592 375
0 125 635 250
0 0 794 125
980 750 994 875
979 500 1000 625
961 125 999 250
940 875 998 1000
931 625 998 750
868 875 940 1000
888 125 961 250
917 0 999 125
905 375 1000 500
894 250 997 375
821 625 931 750
863 500 979 625
743 875 868 1000
851 750 980 875
780 0 917 125
725 125 888 250
711 250 894 375
535 125 725 250
631 625 821 750
586 0 780 125
544 875 743 1000
643 750 851 875
642 500 863 625
684 375 905 500
387 625 631 750
436 375 684 500
0 875 251 1000
381 500 642 625
441 250 711 375
251 875 544 1000
323 750 643 875
0 750 323 875
0 500 381 625
0 625 387 750
0 375 436 500
0 250 441 375
0 125 535 250
0 0 586 125
993 875 999 1000
990 750 1000 875
967 250 999 375
958 625 1000 750
959 500 1000 625
952 375 998 500
913 250 967 375
930 0 997 125
876 375 952 500
870 500 959 625
848 625 958 750
882 875 993 1000
886 125 999 250
869 750 990 875
786 0 930 125
708 500 870 625
704 375 876 500
714 125 886 250
673 625 848 750
705 875 882 1000
691 750 869 875
572 0 786 125
680 250 913 375
472 125 714 250
417 250 680 375
401 500 708 625
390 375 704 500
353 625 673 750
368 750 691 875
363 875 705 1000
0 625 353 750
0 875 363 1000
0 750 368 875
0 375 390 500
0 500 401 625
0 250 417 375
0 125 472 250
0 0 572 125
999 600 1000 800
997 200 1000 400
995 0 1000 200
994 400 1000 600
978 400 994 600
975 200 997 400
956 400 978 600
962 600 999 800
960 800 1000 1000
954 0 995 200
910 0 954 200
911 800 960 1000
896 400 956 600
912 200 975 400
897 600 962 800
845 800 911 1000
831 600 897 800
824 400 896 600
832 200 912 400
818 0 910 200
721 0 818 200
729 200 832 400
706 400 824 600
698 600 831 800
670 800 845 1000
554 200 729 400
514 600 698 800
512 400 706 600
472 800 670 1000
351 200 554 400
309 400 512 600
306 600 514 800
264 800 472 1000
0 800 264 1000
0 600 306 800
0 400 309 600
0 200 351 400
0 0 721 200
999 0 1000 200
995 200 1000 400
991 400 1000 600
979 800 1000 1000
971 200 995 400
966 400 991 600
939 200 971 400
946 800 979 1000
967 600 1000 800
965 0 999 200
868 200 902 400
931 400 966 600
902 200 939 400
908 800 946 1000
889 400 931 600
863 800 908 1000
918 0 965 200
870 0 918 200
918 600 967 800
837 400 889 600
864 600 918 800
796 0 870 200
764 800 863 1000
758 600 864 800
737 200 868 400
700 400 837 600
653 0 796 200
603 800 764 1000
591 600 758 800
549 200 737 400
511 400 700 600
334 600 591 800
329 800 603 1000
0 800 329 1000
0 600 334 800
0 400 511 600
0 200 549 400
0 0 653 200
996 400 1000 600
996 0 1000 200
996 800 1000 1000
993 600 997 800
986 200 1000 400
977 0 996 200
969 800 996 1000
966 600 993 800
940 0 977 200
945 200 986 400
951 400 996 600
904 400 951 600
918 600 966 800
921 800 969 1000
872 800 921 1000
867 600 918 800
865 200 945 400
836 0 940 200
730 0 836 200
748 200 865 400
741 600 867 800
736 800 872 1000
582 0 730 200
747 400 904 600
585 200 748 400
561 600 741 800
554 800 736 1000
390 0 582 200
540 400 747 600
375 200 585 400
326 400 540 600
313 600 561 800
305 800 554 1000
0 800 305 1000
0 600 313 800
0 400 326 600
0 200 375 400
0 0 390 200
995 200 1000 400
992 800 1000 1000
989 400 1000 600
974 200 995 400
966 400 989 600
970 600 1000 800
962 800 992 1000
963 0 998 200
925 800 962 1000
924 0 963 200
928 600 970 800
920 200 974 400
912 400 966 600
860 200 920 400
851 400 912 600
852 0 924 200
849 800 925 1000
772 400 851 600
772 0 852 200
844 600 928 800
757 600 844 800
754 800 849 1000
751 200 860 400
647 400 772 600
626 800 754 1000
628 600 757 800
620 200 751 400
488 800 626 1000
507 400 647 600
467 600 628 800
335 400 507 600
262 600 467 800
253 800 488 1000
0 800 253 1000
0 600 262 800
0 400 335 600
0 200 620 400
0 0 772 200
996 400 1000 600
992 0 999 200
989 600 999 800
981 0 992 200
980 800 996 1000
972 600 989 800
966 400 996 600
968 200 999 400
933 200 968 400
925 400 966 600
919 0 981 200
909 600 972 800
908 800 980 1000
837 400 925 600
839 200 933 400
823 0 919 200
812 600 909 800
808 800 908 1000
715 0 823 200
700 400 837 600
702 200 839 400
660 800 808 1000
658 600 812 800
543 400 700 600
553 0 715 200
539 200 702 400
490 800 660 1000
484 600 658 800
375 0 553 200
332 200 539 400
324 400 543 600
250 600 484 800
246 800 490 1000
0 800 246 1000
0 600 250 800
0 400 324 600
0 200 332 400
0 0 375 200
996 400 997 600
993 800 1000 1000
986 0 1000 200
973 800 993 1000
979 600 1000 800
953 600 979 800
942 800 973 1000
953 0 986 200
961 200 998 400
959 400 996 600
921 200 961 400
912 600 953 800
894 800 942 1000
909 400 959 600
844 800 894 1000
850 400 909 600
842 600 912 800
770 600 842 800
848 200 921 400
759 800 844 1000
759 400 850 600
646 600 770 800
633 800 759 1000
720 200 848 400
631 400 759 600
576 200 720 400
485 600 646 800
469 800 633 1000
462 400 631 600
405 200 576 400
284 400 462 600
260 600 485 800
236 800 469 1000
0 800 236 1000
0 600 260 800
0 400 284 600
0 200 405 400
0 0 953 200
982 750 1000 875
965 375 994 500
962 875 998 1000
958 625 998 750
956 125 998 250
954 0 996 125
953 500 996 625
951 250 1000 375
910 875 962 1000
910 375 965 500
888 0 954 125
880 625 958 750
877 125 956 250
872 500 953 625
880 750 982 875
836 250 951 375
781 875 910 1000
780 375 910 500
740 0 888 125
725 125 877 250
717 750 880 875
690 500 872 625
577 375 780 500
576 875 781 1000
669 625 880 750
624 250 836 375
474 500 690 625
434 625 669 750
310 875 576 1000
446 750 717 875
0 875 310 1000
0 625 434 750
0 750 446 875
0 500 474 625
0 375 577 500
0 250 624 375
0 125 725 250
0 0 740 125
990 500 994 625
989 875 996 1000
988 0 999 125
986 625 998 750
980 750 998 875
967 0 988 125
946 500 990 625
953 375 998 500
935 125 992 250
883 500 946 625
876 0 967 125
860 375 953 500
845 625 986 750
847 875 989 1000
851 250 999 375
832 750 980 875
776 125 935 250
688 250 851 375
672 375 860 500
657 875 847 1000
639 750 832 875
637 625 845 750
529 125 776 250
626 500 883 625
359 500 626 625
404 375 672 500
410 250 688 375
344 625 637 750
333 750 639 875
337 875 657 1000
0 750 333 875
0 875 337 1000
0 625 344 750
0 500 359 625
0 375 404 500
0 250 410 375
0 125 529 250
0 0 876 125
990 0 1000 125
980 500 993 625
978 750 996 875
974 625 1000 750
972 375 998 500
959 250 994 375
953 875 995 1000
933 0 990 125
934 125 994 250
919 500 980 625
904 625 974 750
879 875 953 1000
879 250 959 375
886 750 978 875
863 375 972 500
807 0 933 125
792 125 934 250
713 375 863 500
702 250 879 375
709 625 904 750
670 875 879 1000
671 750 886 875
700 500 919 625
482 250 702 375
564 125 792 250
451 375 713 500
430 500 700 625
429 625 709 750
382 750 671 875
346 875 670 1000
0 875 346 1000
0 750 382 875
0 625 429 750
0 500 430 625
0 375 451 500
0 250 482 375
0 125 564 250
0 0 807 125
989 875 995 1000
988 0 996 125
981 375 998 500
980 750 1000 875
973 250 994 375
945 375 981 500
937 750 980 875
937 0 988 125
946 125 998 250
874 750 937 875
874 375 945 500
911 875 989 1000
884 500 991 625
819 125 946 250
872 625 1000 750
803 0 937 125
678 125 819 250
692 625 872 750
721 875 911 1000
676 750 874 875
683 500 884 625
760 250 973 375
646 375 874 500
418 375 646 500
514 250 760 375
428 125 678 250
404 500 683 625
393 625 692 750
377 750 676 875
401 875 721 1000
0 750 377 875
0 625 393 750
0 875 401 1000
0 500 404 625
0 375 418 500
0 125 428 250
0 250 514 375
0 0 803 125
991 750 999 1000
988 250 999 500
986 0 999 250
987 500 1000 750
976 750 991 1000
971 0 986 250
970 500 987 750
963 250 988 500
946 0 971 250
935 250 963 500
938 500 970 750
933 750 976 1000
901 0 946 250
881 750 933 1000
885 500 938 750
879 250 935 500
841 0 901 250
823 500 885 750
815 250 879 500
815 750 881 1000
768 0 841 250
741 250 815 500
739 750 815 1000
743 500 823 750
654 250 741 500
645 500 743 750
634 750 739 1000
521 750 634 1000
521 250 654 500
510 500 645 750
378 250 521 500
371 750 521 1000
207 750 371 1000
343 500 510 750
0 750 207 1000
0 500 343 750
0 250 378 500
0 0 768 250
994 250 999 375
986 750 1000 875
985 0 1000 125
977 125 998 250
961 875 998 1000
947 750 986 875
948 625 996 750
931 0 985 125
942 500 998 625
936 250 994 375
936 375 1000 500
865 0 931 125
864 375 936 500
898 125 977 250
860 500 942 625
853 250 936 375
855 625 948 750
857 875 961 1000
834 750 947 875
730 250 853 375
734 500 860 625
755 125 898 250
699 625 855 750
674 750 834 875
692 875 857 1000
490 500 734 625
613 375 864 500
434 625 699 750
399 750 674 875
350 875 692 1000
0 875 350 1000
0 750 399 875
0 625 434 750
0 500 490 625
0 375 613 500
0 250 730 375
0 125 755 250
0 0 865 125
985 125 1000 250
981 875 1000 1000
976 0 997 125
975 625 997 750
973 750 999 875
947 500 992 625
921 625 975 750
917 750 973 875
922 875 981 1000
921 125 985 250
883 500 947 625
767 875 835 1000
924 375 1000 500
835 875 922 1000
897 250 1000 375
870 0 976 125
815 125 921 250
786 250 897 375
744 500 883 625
769 375 924 500
749 625 921 750
737 750 917 875
687 0 870 125
624 125 815 250
549 250 786 375
507 500 744 625
526 375 769 500
469 625 749 750
417 750 737 875
421 875 767 1000
0 750 417 875
0 875 421 1000
0 625 469 750
0 500 507 625
0 375 526 500
0 250 549 375
0 125 624 250
0 0 687 125
998 750 999 1000
997 750 998 1000
996 0 1000 250
991 250 1000 500
983 0 996 250
977 250 991 500
972 750 997 1000
949 250 977 500
970 500 999 750
952 0 983 250
917 250 949 500
932 750 972 1000
928 500 970 750
890 750 932 1000
900 0 952 250
856 250 917 500
858 500 928 750
815 750 890 1000
823 0 900 250
778 250 856 500
777 500 858 750
741 0 823 250
727 750 815 1000
682 250 778 500
679 500 777 750
620 750 727 1000
620 0 741 250
544 250 682 500
457 750 620 1000
350 250 544 500
474 500 679 750
402 0 620 250
0 750 226 1000
226 750 457 1000
238 500 474 750
0 500 238 750
0 250 350 500
0 0 402 250
991 500 1000 750
985 250 1000 500
985 750 1000 1000
982 0 1000 250
964 0 982 250
967 500 991 750
958 750 985 1000
934 500 967 750
951 250 985 500
927 0 964 250
919 750 958 1000
907 250 951 500
881 0 927 250
881 500 934 750
865 750 919 1000
846 250 907 500
817 0 881 250
816 500 881 750
795 750 865 1000
773 250 846 500
720 750 795 1000
711 0 817 250
660 250 773 500
701 500 816 750
580 500 701 750
574 750 720 1000
558 0 711 250
399 0 558 250
498 250 660 500
396 750 574 1000
314 250 498 500
394 500 580 750
204 500 394 750
203 750 396 1000
0 750 203 1000
0 500 204 750
0 250 314 500
0 0 399 250
997 750 998 1000
992 750 997 1000
991 0 1000 250
989 250 998 500
988 500 998 750
980 750 992 1000
973 250 989 500
956 250 973 500
951 750 980 1000
951 500 988 750
949 0 991 250
910 250 956 500
900 0 949 250
899 750 951 1000
897 500 951 750
856 250 910 500
837 750 899 1000
825 0 900 250
821 500 897 750
779 250 856 500
759 750 837 1000
743 0 825 250
738 500 821 750
654 500 738 750
646 750 759 1000
642 250 779 500
590 0 743 250
501 500 654 750
492 750 646 1000
483 250 642 500
405 0 590 250
277 250 483 500
265 500 501 750
252 750 492 1000
0 750 252 1000
0 500 265 750
0 250 277 500
0 0 405 250
