827 500 837 1000
793 500 827 1000
763 0 904 500
617 0 763 500
589 500 793 1000
337 500 589 1000
0 500 337 1000
0 0 617 500
492 500 507 1000
476 500 492 1000
435 500 476 1000
357 500 435 1000
276 500 357 1000
146 500 276 1000
0 500 146 1000
0 0 941 500
699 0 702 500
695 0 699 500
668 0 695 500
635 500 739 1000
447 500 635 1000
229 500 447 1000
0 500 229 1000
0 0 668 500
670 500 732 1000
667 0 778 500
539 500 670 1000
531 0 667 500
371 0 531 500
341 500 539 1000
0 500 341 1000
0 0 371 500
689 500 696 1000
666 500 689 1000
610 500 666 1000
610 0 743 500
418 500 610 1000
210 500 418 1000
0 500 210 1000
0 0 610 500
863 0 869 500
853 0 863 500
839 0 853 500
829 500 919 1000
668 0 839 500
559 500 829 1000
0 500 559 1000
0 0 668 500
741 0 750 500
706 500 744 1000
651 500 706 1000
571 500 651 1000
563 0 741 500
379 500 571 1000
0 500 379 1000
0 0 563 500
797 0 819 500
790 500 894 1000
686 500 790 1000
659 0 797 500
543 500 686 1000
328 500 543 1000
0 500 328 1000
0 0 659 500
712 500 759 1000
639 0 782 500
564 500 712 1000
466 0 639 500
386 500 564 1000
193 500 386 1000
0 500 193 1000
0 0 466 500
784 500 792 1000
762 0 790 500
746 500 784 1000
673 500 746 1000
478 500 673 1000
252 500 478 1000
0 500 252 1000
0 0 762 500
