854 200 860 400
851 800 858 1000
851 400 858 600
850 600 858 800
846 200 854 400
842 400 851 600
841 600 850 800
840 800 851 1000
837 0 855 200
826 200 846 400
821 600 841 800
821 400 842 600
818 800 840 1000
814 0 837 200
797 600 821 800
797 200 826 400
791 400 821 600
787 800 818 1000
779 0 814 200
743 800 787 1000
740 400 791 600
739 600 797 800
737 200 797 400
718 0 779 200
677 400 740 600
675 800 743 1000
668 600 739 800
661 200 737 400
641 0 718 200
581 200 661 400
579 600 668 800
579 400 677 600
577 800 675 1000
532 0 641 200
462 400 579 600
447 200 581 400
439 600 579 800
434 800 577 1000
374 0 532 200
284 200 447 400
281 400 462 600
250 600 439 800
221 800 434 1000
0 800 221 1000
0 600 250 800
0 400 281 600
0 200 284 400
0 0 374 200
768 600 772 800
768 200 773 400
767 400 774 600
766 800 773 1000
761 0 770 200
759 200 768 400
758 400 767 600
757 800 766 1000
757 600 768 800
747 200 759 400
747 0 761 200
728 200 747 400
726 0 747 200
725 800 757 1000
724 600 757 800
719 400 758 600
676 600 724 800
672 800 725 1000
672 0 726 200
670 200 728 400
660 400 719 600
617 600 676 800
613 800 672 1000
608 200 670 400
608 0 672 200
596 400 660 600
546 600 617 800
537 800 613 1000
529 200 608 400
522 0 608 200
509 400 596 600
456 600 546 800
445 800 537 1000
430 0 522 200
429 200 529 400
386 400 509 600
327 600 456 800
314 800 445 1000
292 200 429 400
292 0 430 200
244 400 386 600
180 600 327 800
160 800 314 1000
0 800 160 1000
0 600 180 800
0 400 244 600
0 200 292 400
0 0 292 200
878 200 884 400
877 600 884 800
877 400 888 600
872 800 886 1000
861 600 877 800
861 400 877 600
861 200 878 400
861 0 880 200
849 800 872 1000
832 400 861 600
831 200 861 400
828 600 861 800
826 0 861 200
812 800 849 1000
790 600 828 800
788 0 826 200
787 400 832 600
785 200 831 400
759 800 812 1000
735 0 788 200
725 400 787 600
718 200 785 400
717 600 790 800
686 800 759 1000
660 0 735 200
645 400 725 600
630 600 717 800
630 200 718 400
594 800 686 1000
567 0 660 200
549 400 645 600
532 600 630 800
531 200 630 400
495 800 594 1000
465 0 567 200
427 200 531 400
417 400 549 600
394 600 532 800
354 800 495 1000
272 200 427 400
257 400 417 600
226 600 394 800
183 800 354 1000
0 800 183 1000
0 600 226 800
0 400 257 600
0 200 272 400
0 0 465 200
774 800 778 1000
774 200 778 400
772 400 777 600
766 800 774 1000
764 400 772 600
764 200 774 400
764 0 775 200
762 600 778 800
747 800 766 1000
745 0 764 200
741 200 764 400
739 600 762 800
738 400 764 600
715 0 745 200
714 800 747 1000
704 400 738 600
703 600 739 800
701 200 741 400
666 800 714 1000
663 0 715 200
646 200 701 400
645 600 703 800
645 400 704 600
607 800 666 1000
602 0 663 200
584 600 645 800
582 400 645 600
582 200 646 400
542 800 607 1000
525 0 602 200
503 400 582 600
500 200 582 400
495 600 584 800
420 0 525 200
394 200 500 400
387 600 495 800
385 400 503 600
384 800 542 1000
252 0 420 200
221 200 394 400
206 400 385 600
202 600 387 800
194 800 384 1000
0 800 194 1000
0 600 202 800
0 400 206 600
0 200 221 400
0 0 252 200
821 600 828 800
821 400 829 600
818 800 827 1000
813 0 822 200
811 600 821 800
811 400 821 600
811 200 828 400
792 600 811 800
792 400 811 600
789 0 813 200
788 800 818 1000
778 200 811 400
757 400 792 600
756 600 792 800
752 0 789 200
751 800 788 1000
740 200 778 400
718 600 756 800
717 400 757 600
711 0 752 200
710 800 751 1000
698 200 740 400
675 400 717 600
674 600 718 800
664 800 710 1000
663 0 711 200
650 200 698 400
613 800 664 1000
610 0 663 200
606 600 674 800
606 400 675 600
577 200 650 400
524 800 613 1000
515 400 606 600
511 600 606 800
469 200 577 400
397 600 511 800
396 400 515 600
389 800 524 1000
320 200 469 400
234 400 396 600
215 600 397 800
205 800 389 1000
0 800 205 1000
0 600 215 800
0 400 234 600
0 200 320 400
0 0 610 200
796 400 797 600
796 200 798 400
795 0 801 200
792 600 800 800
787 800 796 1000
787 400 796 600
786 0 795 200
785 200 796 400
773 0 786 200
772 200 785 400
771 800 787 1000
771 400 787 600
766 600 792 800
743 800 771 1000
741 0 773 200
737 400 771 600
735 200 772 400
726 600 766 800
701 800 743 1000
694 0 741 200
688 200 735 400
687 400 737 600
673 600 726 800
637 800 701 1000
607 600 673 800
606 400 687 600
605 200 688 400
603 0 694 200
542 800 637 1000
509 600 607 800
508 400 606 600
504 0 603 200
502 200 605 400
436 800 542 1000
394 200 502 400
391 0 504 200
387 400 508 600
385 600 509 800
250 0 391 200
244 200 394 400
230 600 385 800
230 400 387 600
220 800 436 1000
0 800 220 1000
0 600 230 800
0 400 230 600
0 200 244 400
0 0 250 200
841 800 843 1000
840 200 845 400
832 200 840 400
831 800 841 1000
831 0 845 200
825 600 844 800
825 400 847 600
807 0 831 200
806 800 831 1000
799 400 825 600
798 600 825 800
798 200 832 400
773 0 807 200
771 800 806 1000
757 400 799 600
754 200 798 400
753 600 798 800
724 800 771 1000
723 0 773 200
706 400 757 600
702 200 754 400
700 600 753 800
660 0 723 200
656 800 724 1000
628 600 700 800
627 400 706 600
621 200 702 400
574 800 656 1000
574 0 660 200
530 200 621 400
529 400 627 600
528 600 628 800
472 800 574 1000
456 0 574 200
402 400 529 600
399 200 530 400
397 600 528 800
333 800 472 1000
308 0 456 200
249 200 399 400
244 400 402 600
236 600 397 800
170 800 333 1000
0 800 170 1000
0 600 236 800
0 400 244 600
0 200 249 400
0 0 308 200
900 400 905 600
900 200 906 400
890 200 900 400
890 0 904 200
888 800 902 1000
888 600 902 800
882 400 900 600
867 200 890 400
865 0 890 200
863 800 888 1000
863 600 888 800
856 400 882 600
839 0 865 200
838 200 867 400
809 200 838 400
809 0 839 200
808 400 856 600
807 600 863 800
804 800 863 1000
736 800 804 1000
736 600 807 800
736 400 808 600
736 200 809 400
733 0 809 200
655 200 736 400
640 0 733 200
639 400 736 600
638 600 736 800
632 800 736 1000
547 200 655 400
530 400 639 600
528 600 638 800
516 800 632 1000
514 0 640 200
418 200 547 400
385 400 530 600
383 600 528 800
368 0 514 200
366 800 516 1000
266 200 418 400
209 400 385 600
204 600 383 800
183 800 366 1000
0 800 183 1000
0 600 204 800
0 400 209 600
0 200 266 400
0 0 368 200
803 400 804 600
803 200 805 400
803 0 805 200
801 600 804 800
800 200 803 400
799 0 803 200
793 0 799 200
790 200 800 400
777 200 790 400
776 0 793 200
775 600 801 800
773 800 805 1000
769 400 803 600
743 200 777 400
740 0 776 200
735 600 775 800
731 800 773 1000
726 400 769 600
691 600 735 800
691 200 743 400
688 0 740 200
679 800 731 1000
672 400 726 600
611 400 672 600
610 800 679 1000
609 0 688 200
607 600 691 800
604 200 691 400
521 400 611 600
514 200 604 400
513 0 609 200
509 800 610 1000
505 600 607 800
410 0 513 200
409 200 514 400
399 400 521 600
382 600 505 800
381 800 509 1000
253 0 410 200
251 200 409 400
233 400 399 600
212 600 382 800
200 800 381 1000
0 800 200 1000
0 600 212 800
0 400 233 600
0 200 251 400
0 0 253 200
780 800 781 1000
780 400 781 600
778 200 781 400
773 200 778 400
771 800 780 1000
771 600 782 800
766 0 781 200
762 400 780 600
754 200 773 400
750 600 771 800
747 800 771 1000
717 800 747 1000
715 600 750 800
715 200 754 400
713 400 762 600
713 0 766 200
659 400 713 600
659 200 715 400
656 0 713 200
655 600 715 800
654 800 717 1000
590 800 654 1000
590 600 655 800
590 0 656 200
589 400 659 600
589 200 659 400
509 600 590 800
508 800 590 1000
508 0 590 200
506 400 589 600
502 200 589 400
417 600 509 800
412 800 508 1000
409 0 508 200
402 200 502 400
401 400 506 600
305 600 417 800
296 800 412 1000
291 0 409 200
275 200 402 400
265 400 401 600
161 600 305 800
150 800 296 1000
0 800 150 1000
0 600 161 800
0 400 265 600
0 200 275 400
0 0 291 200
817 200 818 400
816 600 819 800
815 800 818 1000
815 400 819 600
815 0 819 200
810 800 815 1000
808 200 817 400
807 600 816 800
805 400 815 600
805 0 815 200
795 400 805 600
794 200 808 400
793 800 810 1000
789 600 807 800
783 0 805 200
754 0 783 200
752 600 789 800
751 400 795 600
749 200 794 400
748 800 793 1000
707 0 754 200
703 400 751 600
702 600 752 800
699 200 749 400
697 800 748 1000
647 0 707 200
642 400 703 600
634 600 702 800
626 800 697 1000
624 200 699 400
541 600 634 800
538 400 642 600
538 0 647 200
512 200 624 400
511 800 626 1000
419 400 538 600
418 0 538 200
413 600 541 800
372 200 512 400
364 800 511 1000
269 400 419 600
259 600 413 800
183 800 364 1000
0 800 183 1000
0 600 259 800
0 400 269 600
0 200 372 400
0 0 418 200
749 800 750 1000
749 600 751 800
749 0 753 200
743 400 750 600
741 800 749 1000
738 0 749 200
737 600 749 800
735 200 754 400
713 200 735 400
712 600 737 800
712 0 738 200
711 800 741 1000
711 400 743 600
676 800 711 1000
676 600 712 800
676 0 712 200
675 400 711 600
675 200 713 400
636 0 676 200
627 200 675 400
624 600 676 800
622 400 675 600
621 800 676 1000
580 0 636 200
561 600 624 800
558 800 621 1000
558 200 627 400
551 400 622 600
503 0 580 200
478 200 558 400
468 400 551 600
463 800 558 1000
462 600 561 800
402 0 503 200
370 200 478 400
360 400 468 600
326 600 462 800
325 800 463 1000
264 0 402 200
219 200 370 400
207 400 360 600
171 600 326 800
168 800 325 1000
0 800 168 1000
0 600 171 800
0 400 207 600
0 200 219 400
0 0 264 200
853 200 855 400
853 0 856 200
851 800 855 1000
848 0 853 200
846 200 853 400
844 800 851 1000
844 400 856 600
843 600 856 800
828 800 844 1000
827 200 846 400
820 600 843 800
818 400 844 600
818 0 848 200
795 200 827 400
794 800 828 1000
783 600 820 800
777 400 818 600
776 0 818 200
752 200 795 400
751 800 794 1000
730 0 776 200
729 400 777 600
728 600 783 800
696 200 752 400
695 800 751 1000
667 0 730 200
663 400 729 600
657 600 728 800
620 800 695 1000
609 200 696 400
580 0 667 200
574 400 663 600
564 600 657 800
518 800 620 1000
506 200 609 400
471 0 580 200
446 400 574 600
432 600 564 800
381 800 518 1000
365 200 506 400
305 400 446 600
289 600 432 800
194 800 381 1000
0 800 194 1000
0 600 289 800
0 400 305 600
0 200 365 400
0 0 471 200
776 200 777 400
775 800 785 1000
774 600 784 800
773 0 784 200
764 800 775 1000
762 400 776 600
760 600 774 800
758 0 773 200
757 200 776 400
734 200 757 400
734 0 758 200
733 600 760 800
732 400 762 600
730 800 764 1000
697 400 732 600
695 800 730 1000
694 600 733 800
694 200 734 400
693 0 734 200
652 600 694 800
651 0 693 200
648 800 695 1000
646 400 697 600
640 200 694 400
585 200 640 400
585 0 651 200
578 400 646 600
576 800 648 1000
575 600 652 800
507 0 585 200
505 200 585 400
487 400 578 600
484 600 575 800
482 800 576 1000
409 200 505 400
401 0 507 200
378 400 487 600
374 600 484 800
368 800 482 1000
262 200 409 400
227 400 378 600
206 600 374 800
190 800 368 1000
0 800 190 1000
0 600 206 800
0 400 227 600
0 200 262 400
0 0 401 200
876 800 882 1000
872 200 878 400
870 0 878 200
868 800 876 1000
868 600 877 800
867 400 877 600
859 0 870 200
858 200 872 400
850 800 868 1000
850 600 868 800
848 400 867 600
829 600 850 800
829 0 859 200
827 200 858 400
819 800 850 1000
816 400 848 600
788 0 829 200
785 600 829 800
780 200 827 400
771 800 819 1000
765 400 816 600
734 600 785 800
716 800 771 1000
716 0 788 200
707 200 780 400
688 400 765 600
654 600 734 800
633 800 716 1000
625 0 716 200
614 200 707 400
594 400 688 600
554 600 654 800
530 800 633 1000
503 200 614 400
502 0 625 200
468 400 594 600
410 600 554 800
372 800 530 1000
331 0 502 200
330 200 503 400
293 400 468 600
229 600 410 800
191 800 372 1000
0 800 191 1000
0 600 229 800
0 400 293 600
0 200 330 400
0 0 331 200
824 0 826 200
821 200 824 400
820 800 824 1000
820 400 824 600
819 600 825 800
818 0 824 200
811 0 818 200
810 600 819 800
801 600 810 800
801 0 811 200
800 800 820 1000
799 400 820 600
799 200 821 400
777 0 801 200
775 800 800 1000
770 400 799 600
770 200 799 400
769 600 801 800
742 0 777 200
737 800 775 1000
731 600 769 800
731 200 770 400
729 400 770 600
697 0 742 200
684 800 737 1000
677 200 731 400
668 600 731 800
665 400 729 600
628 0 697 200
605 200 677 400
582 600 668 800
578 400 665 600
575 800 684 1000
511 0 628 200
482 200 605 400
458 600 582 800
451 400 578 600
444 800 575 1000
359 0 511 200
328 200 482 400
265 400 451 600
251 600 458 800
229 800 444 1000
0 800 229 1000
0 600 251 800
0 400 265 600
0 200 328 400
0 0 359 200
889 0 890 200
887 600 891 800
887 200 892 400
879 600 887 800
879 0 889 200
878 800 891 1000
876 400 889 600
873 200 887 400
859 400 876 600
856 200 873 400
853 0 879 200
852 800 878 1000
850 600 879 800
826 400 859 600
820 200 856 400
814 600 850 800
813 800 852 1000
813 0 853 200
771 200 820 400
760 800 813 1000
760 400 826 600
747 0 813 200
746 600 814 800
696 200 771 400
685 800 760 1000
681 400 760 600
668 0 747 200
663 600 746 800
584 0 668 200
576 600 663 800
574 400 681 600
570 800 685 1000
568 200 696 400
448 0 584 200
436 400 574 600
425 600 576 800
417 800 570 1000
411 200 568 400
287 0 448 200
243 200 411 400
239 400 436 600
224 600 425 800
209 800 417 1000
0 800 209 1000
0 600 224 800
0 400 239 600
0 200 243 400
0 0 287 200
844 200 845 400
842 400 845 600
841 800 846 1000
838 200 844 400
834 400 842 600
833 800 841 1000
832 0 848 200
829 600 846 800
815 800 833 1000
815 200 838 400
810 400 834 600
801 600 829 800
801 0 832 200
784 200 815 400
782 800 815 1000
777 400 810 600
765 600 801 800
765 0 801 200
728 0 765 200
726 600 765 800
726 400 777 600
724 200 784 400
719 800 782 1000
662 0 728 200
660 400 726 600
659 600 726 800
653 200 724 400
645 800 719 1000
569 800 645 1000
569 200 653 400
567 400 660 600
567 0 662 200
555 600 659 800
444 600 555 800
429 0 567 200
427 400 567 600
426 200 569 400
423 800 569 1000
269 0 429 200
256 200 426 400
238 400 427 600
237 600 444 800
215 800 423 1000
0 800 215 1000
0 600 237 800
0 400 238 600
0 200 256 400
0 0 269 200
890 0 896 200
888 200 894 400
887 800 893 1000
887 600 894 800
879 800 887 1000
879 600 887 800
879 0 890 200
877 200 888 400
865 0 879 200
863 600 879 800
861 800 879 1000
857 200 877 400
855 400 890 600
828 0 865 200
826 600 863 800
823 800 861 1000
817 200 857 400
814 400 855 600
771 400 814 600
768 200 817 400
767 800 823 1000
767 600 826 800
767 0 828 200
703 0 767 200
698 800 767 1000
696 200 768 400
695 400 771 600
688 600 767 800
622 0 703 200
589 800 698 1000
580 200 696 400
578 400 695 600
570 600 688 800
503 0 622 200
452 400 578 600
451 200 580 400
449 800 589 1000
428 600 570 800
355 0 503 200
291 200 451 400
275 400 452 600
243 600 428 800
234 800 449 1000
0 800 234 1000
0 600 243 800
0 400 275 600
0 200 291 400
0 0 355 200
901 600 902 800
901 400 909 600
901 0 915 200
885 0 901 200
884 600 901 800
883 800 901 1000
883 400 901 600
883 200 902 400
863 800 883 1000
863 600 884 800
860 200 883 400
860 0 885 200
857 400 883 600
835 600 863 800
834 800 863 1000
831 0 860 200
830 200 860 400
826 400 857 600
793 400 826 600
793 200 830 400
793 0 831 200
788 600 835 800
786 800 834 1000
742 400 793 600
731 800 786 1000
731 0 793 200
726 600 788 800
724 200 793 400
661 800 731 1000
661 0 731 200
652 200 724 400
650 600 726 800
647 400 742 600
565 0 661 200
537 200 652 400
534 800 661 1000
517 400 647 600
515 600 650 800
389 0 565 200
330 200 537 400
300 400 517 600
274 600 515 800
271 800 534 1000
0 800 271 1000
0 600 274 800
0 400 300 600
0 200 330 400
0 0 389 200
833 200 834 400
832 0 835 200
831 800 836 1000
828 400 833 600
828 200 833 400
827 600 833 800
826 0 832 200
824 800 831 1000
816 800 824 1000
815 400 828 600
814 600 827 800
812 0 826 200
809 200 828 400
794 800 816 1000
791 400 815 600
790 600 814 800
784 0 812 200
778 200 809 400
738 200 778 400
736 0 784 200
733 600 790 800
733 400 791 600
731 800 794 1000
665 800 731 1000
665 200 738 400
663 0 736 200
660 600 733 800
657 400 733 600
589 800 665 1000
573 0 663 200
570 600 660 800
570 200 665 400
559 400 657 600
487 800 589 1000
462 0 573 200
457 600 570 800
457 200 570 400
443 400 559 600
366 800 487 1000
333 200 457 400
314 400 443 600
303 600 457 800
207 800 366 1000
0 800 207 1000
0 600 303 800
0 400 314 600
0 200 333 400
0 0 462 200
830 800 834 1000
827 0 834 200
822 800 830 1000
822 600 832 800
822 400 836 600
821 200 837 400
810 0 827 200
805 600 822 800
803 800 822 1000
803 400 822 600
802 200 821 400
784 600 805 800
781 200 802 400
780 400 803 600
779 800 803 1000
778 0 810 200
747 200 781 400
744 0 778 200
743 800 779 1000
743 600 784 800
736 400 780 600
682 600 743 800
682 0 744 200
681 200 747 400
677 800 743 1000
666 400 736 600
610 600 682 800
603 800 677 1000
603 200 681 400
603 0 682 200
585 400 666 600
519 800 603 1000
509 600 610 800
488 0 603 200
485 200 603 400
466 400 585 600
400 800 519 1000
388 600 509 800
364 0 488 200
349 200 485 400
325 400 466 600
242 600 388 800
239 800 400 1000
0 800 239 1000
0 600 242 800
0 400 325 600
0 200 349 400
0 0 364 200
864 0 866 200
863 800 869 1000
854 800 863 1000
854 0 864 200
853 600 865 800
852 400 865 600
852 200 865 400
840 600 853 800
840 0 854 200
839 800 854 1000
834 400 852 600
833 200 852 400
809 400 834 600
808 800 839 1000
808 0 840 200
806 600 840 800
799 200 833 400
770 400 809 600
765 0 808 200
764 800 808 1000
759 600 806 800
749 200 799 400
720 400 770 600
712 0 765 200
708 800 764 1000
700 600 759 800
690 200 749 400
661 400 720 600
650 0 712 200
645 800 708 1000
636 600 700 800
625 200 690 400
593 400 661 600
580 0 650 200
566 600 636 800
564 800 645 1000
503 400 593 600
497 200 625 400
446 0 580 200
362 200 497 400
344 400 503 600
309 600 566 800
290 800 564 1000
0 800 290 1000
0 600 309 800
0 400 344 600
0 200 362 400
0 0 446 200
836 400 838 600
833 800 836 1000
833 400 836 600
832 200 839 400
831 0 839 200
830 600 844 800
815 0 831 200
812 600 830 800
809 200 832 400
807 400 833 600
806 800 833 1000
782 600 812 800
781 0 815 200
773 200 809 400
771 400 807 600
767 800 806 1000
741 600 782 800
740 0 781 200
727 400 771 600
727 200 773 400
720 800 767 1000
693 600 741 800
692 0 740 200
672 800 720 1000
672 200 727 400
671 400 727 600
637 600 693 800
629 0 692 200
609 200 672 400
608 800 672 1000
601 400 671 600
564 600 637 800
555 0 629 200
521 200 609 400
519 800 608 1000
508 400 601 600
467 600 564 800
419 200 521 400
417 800 519 1000
404 400 508 600
296 400 404 600
286 600 467 800
236 800 417 1000
0 800 236 1000
0 600 286 800
0 400 296 600
0 200 419 400
0 0 555 200
857 800 858 1000
857 0 860 200
856 200 859 400
853 800 857 1000
848 800 853 1000
845 200 856 400
845 0 857 200
844 400 859 600
842 600 867 800
821 800 848 1000
817 400 844 600
817 200 845 400
816 0 845 200
813 600 842 800
781 200 817 400
775 600 813 800
773 400 817 600
769 800 821 1000
764 0 816 200
727 200 781 400
718 400 773 600
717 600 775 800
710 800 769 1000
704 0 764 200
664 200 727 400
653 600 717 800
653 400 718 600
642 800 710 1000
632 0 704 200
591 200 664 400
571 400 653 600
560 800 642 1000
559 600 653 800
534 0 632 200
492 200 591 400
459 400 571 600
446 600 559 800
411 0 534 200
410 800 560 1000
338 200 492 400
302 400 459 600
281 600 446 800
225 800 410 1000
0 800 225 1000
0 600 281 800
0 400 302 600
0 200 338 400
0 0 411 200
882 800 884 1000
881 400 884 600
881 0 884 200
880 600 884 800
880 200 890 400
869 200 880 400
868 600 880 800
868 400 881 600
868 0 881 200
867 800 882 1000
853 600 868 800
851 200 869 400
847 800 867 1000
847 0 868 200
845 400 868 600
830 600 853 800
821 0 847 200
818 800 847 1000
817 200 851 400
811 400 845 600
789 600 830 800
777 800 818 1000
775 0 821 200
771 200 817 400
764 400 811 600
742 600 789 800
720 200 771 400
718 0 775 200
715 800 777 1000
695 400 764 600
673 600 742 800
642 800 715 1000
642 200 720 400
614 400 695 600
551 800 642 1000
547 600 673 800
508 200 642 400
473 400 614 600
401 600 547 800
392 800 551 1000
311 400 473 600
222 600 401 800
212 800 392 1000
0 800 212 1000
0 600 222 800
0 400 311 600
0 200 508 400
0 0 718 200
860 800 861 1000
860 600 863 800
858 200 871 400
856 400 870 600
843 200 858 400
843 0 861 200
840 800 860 1000
839 600 860 800
834 400 856 600
816 800 840 1000
815 0 843 200
814 200 843 400
810 600 839 800
804 400 834 600
767 400 804 600
766 600 810 800
766 200 814 400
764 0 815 200
761 800 816 1000
710 400 767 600
704 200 766 400
701 0 764 200
697 800 761 1000
697 600 766 800
634 200 704 400
623 600 697 800
621 800 697 1000
620 0 701 200
619 400 710 600
543 200 634 400
529 800 621 1000
526 600 623 800
517 400 619 600
517 0 620 200
440 200 543 400
413 400 517 600
403 600 526 800
386 0 517 200
373 800 529 1000
284 200 440 400
237 400 413 600
220 600 403 800
188 800 373 1000
0 800 188 1000
0 600 220 800
0 400 237 600
0 200 284 400
0 0 386 200
857 400 861 600
857 0 862 200
851 400 857 600
850 600 859 800
837 600 850 800
837 400 851 600
837 0 857 200
836 800 857 1000
835 200 858 400
807 200 835 400
805 400 837 600
805 0 837 200
803 600 837 800
802 800 836 1000
771 0 805 200
770 400 805 600
766 800 802 1000
766 600 803 800
766 200 807 400
725 600 766 800
724 200 766 400
716 800 766 1000
715 0 771 200
709 400 770 600
661 600 725 800
656 200 724 400
648 800 716 1000
637 400 709 600
635 0 715 200
571 200 656 400
549 400 637 600
548 800 648 1000
548 600 661 800
491 0 635 200
423 200 571 400
396 600 548 800
392 400 549 600
388 800 548 1000
330 0 491 200
254 200 423 400
218 400 392 600
212 600 396 800
197 800 388 1000
0 800 197 1000
0 600 212 800
0 400 218 600
0 200 254 400
0 0 330 200
753 0 754 200
752 400 754 600
751 200 753 400
750 0 753 200
749 600 753 800
744 800 755 1000
738 600 749 800
738 0 750 200
724 600 738 800
723 0 738 200
722 800 744 1000
721 200 751 400
719 400 752 600
679 800 722 1000
670 400 719 600
670 200 721 400
670 0 723 200
668 600 724 800
611 600 668 800
611 0 670 200
610 200 670 400
609 400 670 600
607 800 679 1000
534 200 610 400
534 0 611 200
531 400 609 600
530 600 611 800
526 800 607 1000
441 400 531 600
440 0 534 200
439 200 534 400
433 600 530 800
427 800 526 1000
338 200 439 400
335 0 440 200
333 400 441 600
312 800 427 1000
310 600 433 800
210 0 335 200
202 200 338 400
195 400 333 600
168 600 310 800
160 800 312 1000
0 800 160 1000
0 600 168 800
0 400 195 600
0 200 202 400
0 0 210 200
740 0 742 200
738 800 742 1000
738 200 743 400
737 400 747 600
727 0 740 200
725 600 740 800
722 800 738 1000
719 200 738 400
718 400 737 600
698 400 718 600
698 200 719 400
697 800 722 1000
697 600 725 800
697 0 727 200
667 400 698 600
665 0 697 200
663 200 698 400
662 800 697 1000
661 600 697 800
628 400 667 600
622 600 661 800
621 800 662 1000
621 200 663 400
621 0 665 200
577 200 621 400
576 0 621 200
574 800 621 1000
572 600 622 800
570 400 628 600
518 200 577 400
513 800 574 1000
510 600 572 800
503 400 570 600
503 0 576 200
441 200 518 400
427 600 510 800
413 800 513 1000
402 400 503 600
368 0 503 200
297 200 441 400
256 400 402 600
254 600 427 800
217 800 413 1000
0 800 217 1000
0 600 254 800
0 400 256 600
0 200 297 400
0 0 368 200
791 0 795 200
790 800 800 1000
788 600 798 800
788 400 799 600
774 600 788 800
774 400 788 600
774 200 791 400
772 0 791 200
771 800 790 1000
753 600 774 800
751 0 772 200
749 800 771 1000
749 400 774 600
749 200 774 400
716 400 749 600
715 800 749 1000
715 0 751 200
714 600 753 800
710 200 749 400
675 400 716 600
673 800 715 1000
671 600 714 800
670 0 715 200
664 200 710 400
623 0 670 200
617 200 664 400
615 600 671 800
612 400 675 600
606 800 673 1000
549 200 617 400
533 800 606 1000
524 600 615 800
521 400 612 600
521 0 623 200
446 200 549 400
423 800 533 1000
406 400 521 600
392 600 524 800
384 0 521 200
290 200 446 400
243 400 406 600
225 600 392 800
213 800 423 1000
0 800 213 1000
0 600 225 800
0 400 243 600
0 200 290 400
0 0 384 200
811 400 812 600
811 200 813 400
809 600 811 800
809 0 812 200
805 0 809 200
804 600 809 800
804 200 811 400
803 400 811 600
799 800 811 1000
789 400 803 600
788 200 804 400
787 0 805 200
785 600 804 800
779 800 799 1000
766 400 789 600
764 200 788 400
762 0 787 200
759 600 785 800
752 800 779 1000
730 200 764 400
729 400 766 600
723 0 762 200
720 600 759 800
712 800 752 1000
675 600 720 800
675 0 723 200
674 200 730 400
673 400 729 600
654 800 712 1000
614 0 675 200
585 800 654 1000
584 200 674 400
583 600 675 800
570 400 673 600
498 0 614 200
458 200 584 400
432 400 570 600
430 600 583 800
417 800 585 1000
284 200 458 400
240 400 432 600
237 600 430 800
218 800 417 1000
0 800 218 1000
0 600 237 800
0 400 240 600
0 200 284 400
0 0 498 200
763 400 765 600
761 400 763 600
759 800 765 1000
757 0 764 200
756 200 766 400
755 600 766 800
743 600 755 800
741 200 756 400
741 0 757 200
740 800 759 1000
740 400 761 600
718 0 741 200
715 600 743 800
712 800 740 1000
711 400 740 600
711 200 741 400
688 0 718 200
684 600 715 800
678 800 712 1000
677 400 711 600
676 200 711 400
647 600 684 800
645 0 688 200
632 800 678 1000
629 400 677 600
628 200 676 400
598 600 647 800
593 0 645 200
576 400 629 600
575 200 628 400
570 800 632 1000
530 600 598 800
520 0 593 200
502 400 576 600
493 800 570 1000
489 200 575 400
434 600 530 800
417 0 520 200
377 800 493 1000
370 200 489 400
344 400 502 600
267 600 434 800
200 800 377 1000
0 800 200 1000
0 600 267 800
0 400 344 600
0 200 370 400
0 0 417 200
881 400 884 600
880 200 884 400
875 0 883 200
874 800 882 1000
871 400 881 600
870 600 881 800
869 200 880 400
863 0 875 200
862 800 874 1000
857 600 870 800
856 200 869 400
852 400 871 600
830 400 852 600
830 200 856 400
830 0 863 200
829 800 862 1000
819 600 857 800
791 400 830 600
789 800 829 1000
789 0 830 200
788 200 830 400
772 600 819 800
741 0 789 200
737 800 789 1000
734 200 788 400
725 400 791 600
703 600 772 800
670 0 741 200
663 200 734 400
658 800 737 1000
641 400 725 600
619 600 703 800
578 200 663 400
563 800 658 1000
562 0 670 200
521 400 641 600
493 600 619 800
424 800 563 1000
389 0 562 200
386 200 578 400
324 400 521 600
292 600 493 800
218 800 424 1000
0 800 218 1000
0 600 292 800
0 400 324 600
0 200 386 400
0 0 389 200
754 200 755 400
753 800 754 1000
753 400 757 600
749 400 753 600
748 800 753 1000
747 200 754 400
747 0 759 200
746 600 762 800
732 400 749 600
730 800 748 1000
729 200 747 400
728 0 747 200
725 600 746 800
703 600 725 800
701 0 728 200
700 800 730 1000
700 400 732 600
697 200 729 400
669 600 703 800
666 0 701 200
662 200 697 400
659 800 700 1000
658 400 700 600
619 200 662 400
613 800 659 1000
608 400 658 600
606 0 666 200
604 600 669 800
535 400 608 600
529 0 606 200
521 600 604 800
517 200 619 400
508 800 613 1000
405 200 517 400
404 0 529 200
396 400 535 600
376 600 521 800
360 800 508 1000
235 0 404 200
234 200 405 400
223 400 396 600
198 600 376 800
180 800 360 1000
0 800 180 1000
0 600 198 800
0 400 223 600
0 200 234 400
0 0 235 200
840 0 841 200
838 800 841 1000
838 400 842 600
838 200 847 400
835 600 844 800
828 800 838 1000
822 600 835 800
822 400 838 600
822 200 838 400
822 0 840 200
807 800 828 1000
799 200 822 400
798 400 822 600
796 0 822 200
795 600 822 800
766 0 796 200
764 800 807 1000
752 400 798 600
750 200 799 400
745 600 795 800
712 800 764 1000
712 0 766 200
694 400 752 600
683 200 750 400
676 600 745 800
640 800 712 1000
638 0 712 200
619 400 694 600
601 600 676 800
599 200 683 400
553 0 638 200
514 200 599 400
512 600 601 800
511 400 619 600
510 800 640 1000
384 200 514 400
381 600 512 800
374 800 510 1000
374 400 511 600
221 200 384 400
209 400 374 600
204 600 381 800
191 800 374 1000
0 800 191 1000
0 600 204 800
0 400 209 600
0 200 221 400
0 0 553 200
863 600 867 800
862 0 867 200
861 400 871 600
860 200 871 400
851 0 862 200
850 400 861 600
849 800 863 1000
849 600 863 800
843 200 860 400
829 0 851 200
825 400 850 600
822 800 849 1000
812 200 843 400
811 600 849 800
771 600 811 800
770 200 812 400
769 800 822 1000
769 400 825 600
758 0 829 200
699 200 770 400
697 400 769 600
696 800 769 1000
696 600 771 800
682 0 758 200
623 200 699 400
620 600 696 800
617 400 697 600
612 800 696 1000
595 0 682 200
520 800 612 1000
518 200 623 400
514 600 620 800
505 400 617 600
480 0 595 200
390 400 505 600
388 200 518 400
384 600 514 800
373 800 520 1000
330 0 480 200
230 200 388 400
220 400 390 600
208 600 384 800
193 800 373 1000
0 800 193 1000
0 600 208 800
0 400 220 600
0 200 230 400
0 0 330 200
818 0 824 200
813 400 827 600
806 200 820 400
804 800 819 1000
803 600 821 800
799 0 818 200
793 400 813 600
782 200 806 400
780 800 804 1000
779 600 803 800
768 400 793 600
768 0 799 200
746 800 780 1000
744 600 779 800
743 200 782 400
727 400 768 600
726 0 768 200
698 200 743 400
694 600 744 800
692 800 746 1000
671 400 727 600
670 0 726 200
634 800 692 1000
634 200 698 400
628 600 694 800
602 400 671 600
600 0 670 200
547 600 628 800
537 800 634 1000
534 200 634 400
501 400 602 600
498 0 600 200
444 600 547 800
431 800 537 1000
426 200 534 400
393 400 501 600
383 0 498 200
325 600 444 800
305 200 426 400
303 800 431 1000
250 400 393 600
178 600 325 800
155 800 303 1000
0 800 155 1000
0 600 178 800
0 400 250 600
0 200 305 400
0 0 383 200
775 400 779 600
772 600 780 800
770 800 779 1000
761 800 770 1000
761 600 772 800
760 400 775 600
760 0 776 200
759 200 777 400
738 800 761 1000
736 0 760 200
735 400 760 600
734 200 759 400
733 600 761 800
708 0 736 200
706 200 734 400
705 400 735 600
697 600 733 800
695 800 738 1000
662 400 705 600
662 200 706 400
662 0 708 200
646 800 695 1000
643 600 697 800
606 200 662 400
605 0 662 200
604 400 662 600
585 800 646 1000
578 600 643 800
538 0 605 200
531 200 606 400
526 400 604 600
505 800 585 1000
498 600 578 800
443 200 531 400
436 0 538 200
417 400 526 600
380 600 498 800
367 800 505 1000
298 0 436 200
292 200 443 400
253 400 417 600
208 600 380 800
187 800 367 1000
0 800 187 1000
0 600 208 800
0 400 253 600
0 200 292 400
0 0 298 200
764 400 771 600
764 0 773 200
762 800 771 1000
750 600 764 800
748 400 764 600
747 0 764 200
744 800 762 1000
743 200 769 400
719 400 748 600
715 800 744 1000
714 200 743 400
714 0 747 200
713 600 750 800
681 400 719 600
676 200 714 400
675 800 715 1000
673 600 713 800
673 0 714 200
633 200 676 400
629 0 673 200
628 400 681 600
617 600 673 800
616 800 675 1000
572 200 633 400
567 400 628 600
565 0 629 200
552 600 617 800
549 800 616 1000
494 400 567 600
491 0 565 200
490 200 572 400
464 800 549 1000
462 600 552 800
391 200 490 400
390 400 494 600
383 0 491 200
352 600 462 800
349 800 464 1000
268 0 383 200
258 200 391 400
249 400 390 600
201 600 352 800
190 800 349 1000
0 800 190 1000
0 600 201 800
0 400 249 600
0 200 258 400
0 0 268 200
776 800 777 1000
775 800 776 1000
775 400 777 600
775 200 777 400
770 200 775 400
769 600 780 800
762 800 775 1000
762 400 775 600
762 0 777 200
755 200 770 400
750 600 769 800
743 0 762 200
742 400 762 600
740 800 762 1000
731 200 755 400
726 600 750 800
716 400 742 600
715 0 743 200
709 800 740 1000
678 800 709 1000
672 600 726 800
660 0 715 200
659 400 716 600
659 200 731 400
603 800 678 1000
594 600 672 800
578 400 659 600
578 0 660 200
577 200 659 400
517 800 603 1000
507 600 594 800
484 200 577 400
480 400 578 600
476 0 578 200
414 800 517 1000
403 600 507 800
377 200 484 400
362 400 480 600
358 0 476 200
256 200 377 400
238 400 362 600
234 600 403 800
229 800 414 1000
0 800 229 1000
0 600 234 800
0 400 238 600
0 200 256 400
0 0 358 200
836 200 837 400
835 800 837 1000
832 800 835 1000
832 400 838 600
831 0 839 200
829 600 837 800
824 200 836 400
820 400 832 600
819 800 832 1000
816 600 829 800
807 200 824 400
800 800 819 1000
800 400 820 600
800 0 831 200
767 400 800 600
765 800 800 1000
765 200 807 400
764 600 816 800
743 0 800 200
708 400 767 600
704 800 765 1000
703 600 764 800
702 200 765 400
674 0 743 200
633 600 703 800
633 400 708 600
624 200 702 400
613 800 704 1000
583 0 674 200
539 400 633 600
534 600 633 800
523 200 624 400
511 800 613 1000
479 0 583 200
414 200 523 400
408 600 534 800
408 400 539 600
370 800 511 1000
336 0 479 200
266 200 414 400
258 400 408 600
254 600 408 800
206 800 370 1000
0 800 206 1000
0 600 254 800
0 400 258 600
0 200 266 400
0 0 336 200
839 800 841 1000
838 200 843 400
838 0 843 200
833 800 839 1000
827 800 833 1000
827 200 838 400
827 0 838 200
825 600 842 800
825 400 844 600
803 200 827 400
800 0 827 200
798 400 825 600
797 800 827 1000
794 600 825 800
762 600 794 800
761 800 797 1000
761 400 798 600
761 0 800 200
760 200 803 400
709 200 760 400
707 0 761 200
706 800 761 1000
706 600 762 800
693 400 761 600
634 600 706 800
634 0 707 200
633 800 706 1000
633 200 709 400
615 400 693 600
537 400 615 600
536 600 634 800
531 800 633 1000
530 0 634 200
527 200 633 400
427 400 537 600
426 600 536 800
417 200 527 400
410 800 531 1000
399 0 530 200
281 200 417 400
279 400 427 600
253 600 426 800
217 800 410 1000
0 800 217 1000
0 600 253 800
0 400 279 600
0 200 281 400
0 0 399 200
884 800 886 1000
884 0 889 200
878 800 884 1000
870 800 878 1000
870 0 884 200
869 400 885 600
868 200 887 400
867 600 888 800
845 200 868 400
843 800 870 1000
838 600 867 800
836 0 870 200
833 400 869 600
806 200 845 400
804 800 843 1000
797 600 838 800
794 0 836 200
791 400 833 600
757 200 806 400
753 800 804 1000
746 600 797 800
742 0 794 200
737 400 791 600
689 600 746 800
681 0 742 200
675 400 737 600
674 800 753 1000
674 200 757 400
570 200 674 400
569 400 675 600
569 0 681 200
568 600 689 800
552 800 674 1000
436 400 569 600
434 600 568 800
432 0 569 200
426 200 570 400
408 800 552 1000
267 0 432 200
255 200 426 400
245 400 436 600
241 600 434 800
204 800 408 1000
0 800 204 1000
0 600 241 800
0 400 245 600
0 200 255 400
0 0 267 200
802 600 804 800
801 400 805 600
801 200 805 400
799 800 806 1000
794 0 808 200
777 0 794 200
768 800 799 1000
768 200 801 400
765 400 801 600
763 600 802 800
738 0 777 200
729 800 768 1000
729 200 768 400
725 400 765 600
723 600 763 800
697 0 738 200
687 800 729 1000
687 200 729 400
680 400 725 600
678 600 723 800
651 0 697 200
639 200 687 400
637 800 687 1000
629 400 680 600
626 600 678 800
596 0 651 200
584 200 639 400
575 800 637 1000
560 600 626 800
556 400 629 600
518 0 596 200
491 200 584 400
480 800 575 1000
465 600 560 800
455 400 556 600
413 0 518 200
385 200 491 400
348 400 455 600
347 600 465 800
345 800 480 1000
197 400 348 600
184 600 347 800
178 800 345 1000
0 800 178 1000
0 600 184 800
0 400 197 600
0 200 385 400
0 0 413 200
813 200 816 400
811 600 814 800
811 0 816 200
806 400 813 600
804 800 813 1000
801 600 811 800
801 200 813 400
798 0 811 200
788 600 801 800
786 200 801 400
784 800 804 1000
784 400 806 600
775 0 798 200
765 600 788 800
762 200 786 400
759 800 784 1000
759 400 784 600
749 0 775 200
732 400 759 600
730 200 762 400
726 800 759 1000
724 600 765 800
702 0 749 200
676 600 724 800
671 200 730 400
670 400 732 600
662 800 726 1000
635 0 702 200
608 600 676 800
601 400 670 600
592 800 662 1000
590 200 671 400
521 600 608 800
511 400 601 600
500 200 590 400
496 800 592 1000
418 600 521 800
405 400 511 600
388 200 500 400
376 800 496 1000
280 400 405 600
267 600 418 800
190 800 376 1000
0 800 190 1000
0 600 267 800
0 400 280 600
0 200 388 400
0 0 635 200
