931 0 936 500
926 0 931 500
902 0 926 500
876 0 902 500
874 500 937 1000
811 500 874 1000
809 0 876 500
739 500 811 1000
732 0 809 500
659 500 739 1000
631 0 732 500
523 0 631 500
515 500 659 1000
359 0 523 500
351 500 515 1000
193 0 359 500
180 500 351 1000
0 500 180 1000
0 0 193 500
958 500 960 1000
954 500 958 1000
953 0 959 500
930 500 954 1000
920 0 953 500
887 500 930 1000
871 0 920 500
824 500 887 1000
800 0 871 500
746 500 824 1000
704 0 800 500
648 500 746 1000
594 0 704 500
474 0 594 500
458 500 648 1000
257 0 474 500
234 500 458 1000
0 500 234 1000
0 0 257 500
953 500 954 1000
952 0 958 500
946 500 953 1000
928 500 946 1000
908 500 928 1000
899 0 952 500
839 500 908 1000
824 0 899 500
739 0 824 500
738 500 839 1000
632 500 738 1000
617 0 739 500
509 500 632 1000
481 0 617 500
359 500 509 1000
330 0 481 500
207 500 359 1000
0 500 207 1000
0 0 330 500
946 500 947 1000
941 500 946 1000
938 0 957 500
917 0 938 500
909 500 941 1000
882 0 917 500
872 500 909 1000
845 0 882 500
830 500 872 1000
801 0 845 500
767 500 830 1000
686 500 767 1000
668 0 801 500
501 500 686 1000
473 0 668 500
270 0 473 500
269 500 501 1000
0 500 269 1000
0 0 270 500
938 0 945 500
935 500 944 1000
927 0 938 500
924 500 935 1000
912 500 924 1000
893 500 912 1000
873 500 893 1000
869 0 927 500
807 0 869 500
804 500 873 1000
725 0 807 500
691 500 804 1000
609 0 725 500
548 500 691 1000
454 0 609 500
297 0 454 500
282 500 548 1000
0 500 282 1000
0 0 297 500
920 500 922 1000
914 500 920 1000
913 0 927 500
889 500 914 1000
888 0 913 500
859 500 889 1000
843 0 888 500
812 500 859 1000
788 0 843 500
748 500 812 1000
721 0 788 500
677 500 748 1000
622 0 721 500
480 0 622 500
469 500 677 1000
263 0 480 500
236 500 469 1000
0 500 236 1000
0 0 263 500
962 0 967 500
953 0 962 500
945 500 966 1000
920 0 953 500
904 500 945 1000
865 0 920 500
846 500 904 1000
799 0 865 500
774 500 846 1000
704 0 799 500
666 500 774 1000
595 0 704 500
556 500 666 1000
459 0 595 500
413 500 556 1000
265 0 459 500
210 500 413 1000
0 500 210 1000
0 0 265 500
936 500 942 1000
936 0 950 500
921 500 936 1000
920 0 936 500
905 500 921 1000
896 0 920 500
881 500 905 1000
853 500 881 1000
811 0 896 500
722 0 811 500
718 500 853 1000
586 0 722 500
579 500 718 1000
434 500 579 1000
430 0 586 500
267 0 430 500
251 500 434 1000
0 500 251 1000
0 0 267 500
954 500 960 1000
953 0 963 500
935 0 953 500
934 500 954 1000
915 0 935 500
910 500 934 1000
883 500 910 1000
871 0 915 500
833 500 883 1000
819 0 871 500
781 500 833 1000
752 0 819 500
709 500 781 1000
604 500 709 1000
488 500 604 1000
365 500 488 1000
187 500 365 1000
0 500 187 1000
0 0 752 500
911 500 915 1000
906 0 919 500
896 500 911 1000
888 0 906 500
873 500 896 1000
857 0 888 500
841 500 873 1000
824 0 857 500
804 500 841 1000
756 0 824 500
734 500 804 1000
684 0 756 500
628 500 734 1000
562 0 684 500
505 500 628 1000
363 500 505 1000
186 500 363 1000
0 500 186 1000
0 0 562 500
946 500 952 1000
938 500 946 1000
936 0 953 500
920 500 938 1000
909 0 936 500
875 0 909 500
873 500 920 1000
815 0 875 500
812 500 873 1000
752 0 815 500
746 500 812 1000
655 500 746 1000
654 0 752 500
557 500 655 1000
516 0 654 500
307 0 516 500
304 500 557 1000
0 500 304 1000
0 0 307 500
960 0 963 500
958 500 963 1000
949 500 958 1000
932 500 949 1000
929 0 960 500
894 0 929 500
885 500 932 1000
820 500 885 1000
815 0 894 500
733 0 815 500
717 500 820 1000
597 500 717 1000
595 0 733 500
442 500 597 1000
428 0 595 500
248 0 428 500
238 500 442 1000
0 500 238 1000
0 0 248 500
901 500 906 1000
880 500 901 1000
880 0 903 500
854 500 880 1000
852 0 880 500
824 500 854 1000
819 0 852 500
785 0 819 500
782 500 824 1000
741 0 785 500
719 500 782 1000
625 500 719 1000
618 0 741 500
463 0 618 500
432 500 625 1000
263 0 463 500
229 500 432 1000
0 500 229 1000
0 0 263 500
