941 747 946 830
939 249 946 332
934 498 942 581
934 166 950 249
933 581 950 664
925 664 952 747
914 747 941 830
912 249 939 332
904 498 934 581
902 581 933 664
897 0 943 83
894 415 944 498
891 332 942 415
886 830 955 913
884 913 972 996
881 83 973 166
813 249 912 332
765 332 891 415
761 415 894 498
757 0 897 83
746 498 904 581
740 581 902 664
713 83 881 166
705 913 884 996
704 830 886 913
704 747 914 830
702 664 925 747
691 166 934 249
559 249 813 332
510 332 765 415
485 415 761 498
455 498 746 581
441 581 740 664
398 664 702 747
371 747 704 830
369 830 704 913
358 913 705 996
0 913 358 996
0 830 369 913
0 747 371 830
0 664 398 747
0 581 441 664
0 498 455 581
0 415 485 498
0 332 510 415
0 249 559 332
0 166 691 249
0 83 713 166
0 0 757 83
939 830 944 913
939 581 950 664
937 332 948 415
933 498 954 581
927 249 964 332
914 0 955 83
895 830 939 913
882 498 933 581
882 332 937 415
870 581 939 664
868 664 944 747
868 415 947 498
864 83 948 166
858 166 953 249
854 913 954 996
854 747 955 830
813 249 927 332
791 0 914 83
757 332 882 415
739 415 868 498
738 664 868 747
722 747 854 830
710 913 854 996
709 830 895 913
695 498 882 581
682 581 870 664
667 83 864 166
660 166 858 249
613 249 813 332
550 332 757 415
528 415 739 498
482 498 695 581
460 581 682 664
451 664 738 747
411 747 722 830
397 830 709 913
378 913 710 996
0 913 378 996
0 830 397 913
0 747 411 830
0 664 451 747
0 581 460 664
0 498 482 581
0 415 528 498
0 332 550 415
0 249 613 332
0 166 660 249
0 83 667 166
0 0 791 83
944 498 957 581
944 332 957 415
942 747 957 830
940 830 972 913
940 664 984 747
940 415 987 498
922 249 973 332
920 83 972 166
916 913 980 996
916 581 986 664
886 166 962 249
859 332 944 415
858 498 944 581
856 747 942 830
853 415 940 498
848 664 940 747
844 830 940 913
825 249 922 332
818 581 916 664
816 913 916 996
754 332 859 415
744 415 853 498
713 830 844 913
710 498 858 581
702 747 856 830
690 664 848 747
650 913 816 996
645 581 818 664
634 249 825 332
558 332 754 415
539 415 744 498
500 498 710 581
429 581 645 664
419 664 690 747
418 747 702 830
414 830 713 913
331 913 650 996
0 913 331 996
0 830 414 913
0 747 418 830
0 664 419 747
0 581 429 664
0 498 500 581
0 415 539 498
0 332 558 415
0 249 634 332
0 166 886 249
0 83 920 166
0 0 993 83
928 500 932 625
925 125 932 250
920 750 930 875
920 250 938 375
919 625 943 750
919 375 945 500
919 0 946 125
918 875 947 1000
889 875 918 1000
888 250 920 375
883 750 920 875
881 375 919 500
879 625 919 750
879 125 925 250
877 500 928 625
866 0 919 125
827 375 881 500
825 125 879 250
823 625 879 750
820 500 877 625
820 250 888 375
812 750 883 875
807 875 889 1000
735 250 820 375
734 375 827 500
715 125 825 250
712 625 823 750
708 500 820 625
674 750 812 875
662 875 807 1000
586 375 734 500
583 250 735 375
560 625 712 750
552 500 708 625
512 750 674 875
494 875 662 1000
417 375 586 500
374 500 552 625
366 625 560 750
313 750 512 875
289 875 494 1000
0 875 289 1000
0 750 313 875
0 625 366 750
0 500 374 625
0 375 417 500
0 250 583 375
0 125 715 250
0 0 866 125
952 750 954 875
949 750 952 875
942 750 949 875
942 0 958 125
940 125 959 250
939 625 958 750
939 250 962 375
937 500 973 625
937 375 973 500
936 875 974 1000
900 0 942 125
889 875 936 1000
888 375 937 500
887 500 937 625
886 625 939 750
885 750 942 875
872 125 940 250
869 250 939 375
814 0 900 125
785 125 872 250
779 250 869 375
777 500 887 625
773 750 885 875
773 625 886 750
772 375 888 500
771 875 889 1000
682 0 814 125
653 125 785 250
638 250 779 375
629 375 772 500
628 500 777 625
616 625 773 750
587 875 771 1000
582 750 773 875
441 125 653 250
414 250 638 375
404 375 629 500
384 500 628 625
367 625 616 750
312 750 582 875
308 875 587 1000
0 875 308 1000
0 750 312 875
0 625 367 750
0 500 384 625
0 375 404 500
0 250 414 375
0 125 441 250
0 0 682 125
960 500 966 625
957 875 967 1000
950 500 960 625
947 875 957 1000
933 500 950 625
929 875 947 1000
928 750 963 875
926 125 962 250
924 250 961 375
921 375 961 500
918 625 961 750
912 0 963 125
862 375 921 500
862 250 924 375
860 125 926 250
859 875 929 1000
859 500 933 625
851 750 928 875
839 625 918 750
826 0 912 125
773 250 862 375
772 375 862 500
748 625 839 750
748 125 860 250
736 750 851 875
730 875 859 1000
725 500 859 625
687 0 826 125
625 375 772 500
624 250 773 375
555 500 725 625
553 875 730 1000
541 750 736 875
540 125 748 250
536 625 748 750
411 250 624 375
398 375 625 500
321 500 555 625
297 625 536 750
296 750 541 875
286 875 553 1000
0 875 286 1000
0 750 296 875
0 625 297 750
0 500 321 625
0 375 398 500
0 250 411 375
0 125 540 250
0 0 687 125
950 625 952 750
950 375 957 500
935 625 950 750
934 375 950 500
934 250 952 375
933 125 954 250
930 0 955 125
927 500 953 625
922 750 951 875
918 875 954 1000
895 125 933 250
893 375 934 500
893 250 934 375
885 500 927 625
882 0 930 125
880 625 935 750
865 750 922 875
861 875 918 1000
802 875 861 1000
801 750 865 875
796 0 882 125
794 625 880 750
794 500 885 625
792 125 895 250
783 250 893 375
773 375 893 500
652 250 783 375
652 125 792 250
597 375 773 500
592 0 796 125
590 500 794 625
582 625 794 750
578 750 801 875
576 875 802 1000
419 125 652 250
385 250 652 375
321 375 597 500
309 500 590 625
299 625 582 750
295 750 578 875
290 875 576 1000
0 875 290 1000
0 750 295 875
0 625 299 750
0 500 309 625
0 375 321 500
0 250 385 375
0 125 419 250
0 0 592 125
955 500 956 625
955 125 958 250
954 875 962 1000
954 750 963 875
951 0 965 125
945 250 963 375
944 375 966 500
929 750 954 875
926 875 954 1000
926 125 955 250
924 625 955 750
924 500 955 625
910 0 951 125
900 250 945 375
898 375 944 500
873 500 924 625
868 125 926 250
863 625 924 750
862 750 929 875
858 875 926 1000
802 0 910 125
784 375 898 500
783 250 900 375
739 875 858 1000
736 625 863 750
735 500 873 625
721 750 862 875
715 125 868 250
626 250 783 375
625 375 784 500
580 875 739 1000
572 500 735 625
560 625 736 750
541 750 721 875
534 125 715 250
441 250 626 375
412 375 625 500
357 500 572 625
335 625 560 750
315 750 541 875
298 875 580 1000
0 875 298 1000
0 750 315 875
0 625 335 750
0 500 357 625
0 375 412 500
0 250 441 375
0 125 534 250
0 0 802 125
945 250 959 375
944 0 959 125
942 750 958 875
942 625 959 750
942 125 959 250
936 500 956 625
935 375 960 500
910 375 935 500
907 500 936 625
907 0 944 125
904 625 942 750
898 750 942 875
894 875 946 1000
889 125 942 250
886 250 945 375
844 500 907 625
827 875 894 1000
825 750 898 875
823 625 904 750
821 375 910 500
813 0 907 125
795 125 889 250
777 250 886 375
733 500 844 625
711 625 823 750
708 375 821 500
701 750 825 875
691 875 827 1000
656 125 795 250
635 250 777 375
560 375 708 500
554 625 711 750
554 500 733 625
496 750 701 875
484 875 691 1000
425 250 635 375
345 375 560 500
335 500 554 625
324 625 554 750
260 750 496 875
243 875 484 1000
0 875 243 1000
0 750 260 875
0 625 324 750
0 500 335 625
0 375 345 500
0 250 425 375
0 125 656 250
0 0 813 125
946 375 947 500
945 250 958 375
944 750 964 875
938 125 961 250
922 375 946 500
913 500 949 625
910 625 948 750
907 875 946 1000
903 750 944 875
902 250 945 375
902 0 949 125
887 125 938 250
860 500 913 625
848 250 902 375
845 0 902 125
843 750 903 875
841 875 907 1000
841 375 922 500
829 625 910 750
802 125 887 250
758 0 845 125
755 250 848 375
748 375 841 500
736 875 841 1000
724 625 829 750
721 750 843 875
720 500 860 625
662 125 802 250
611 250 755 375
603 375 748 500
577 625 724 750
570 500 720 625
561 750 721 875
558 875 736 1000
474 125 662 250
371 250 611 375
362 375 603 500
324 500 570 625
316 625 577 750
291 750 561 875
285 875 558 1000
0 875 285 1000
0 750 291 875
0 625 316 750
0 500 324 625
0 375 362 500
0 250 371 375
0 125 474 250
0 0 758 125
938 625 943 750
938 250 945 375
934 500 944 625
933 750 944 875
927 625 938 750
925 250 938 375
925 125 940 250
925 0 950 125
922 875 950 1000
920 375 950 500
889 625 927 750
882 375 920 500
881 875 922 1000
876 125 925 250
875 250 925 375
875 0 925 125
874 750 933 875
873 500 934 625
803 500 873 625
801 750 874 875
799 875 881 1000
796 625 889 750
771 250 875 375
771 125 876 250
770 375 882 500
762 0 875 125
657 250 771 375
655 125 771 250
639 375 770 500
634 500 803 625
628 875 799 1000
623 625 796 750
602 750 801 875
561 0 762 125
447 125 655 250
438 250 657 375
406 375 639 500
390 500 634 625
369 625 623 750
330 750 602 875
325 875 628 1000
0 875 325 1000
0 750 330 875
0 625 369 750
0 500 390 625
0 375 406 500
0 250 438 375
0 125 447 250
0 0 561 125
957 500 959 625
953 500 957 625
948 500 953 625
948 250 969 375
946 750 971 875
945 625 971 750
945 0 971 125
944 125 983 250
943 875 983 1000
943 375 985 500
900 875 943 1000
898 625 945 750
898 0 945 125
895 125 944 250
893 250 948 375
892 500 948 625
890 750 946 875
885 375 943 500
838 875 900 1000
832 0 898 125
816 375 885 500
815 750 890 875
815 250 893 375
812 625 898 750
802 125 895 250
799 500 892 625
742 875 838 1000
732 0 832 125
704 750 815 875
704 375 816 500
696 625 812 750
674 125 802 250
669 500 799 625
665 250 815 375
515 125 674 250
506 250 665 375
502 375 704 500
464 500 669 625
440 625 696 750
409 750 704 875
407 875 742 1000
0 875 407 1000
0 750 409 875
0 625 440 750
0 500 464 625
0 375 502 500
0 250 506 375
0 125 515 250
0 0 732 125
956 125 957 250
955 250 968 375
953 625 970 750
949 375 966 500
948 750 976 875
936 500 973 625
933 875 974 1000
922 0 964 125
906 125 956 250
882 875 933 1000
881 500 936 625
881 375 949 500
881 250 955 375
877 625 953 750
872 750 948 875
841 0 922 125
821 125 906 250
797 875 882 1000
793 250 881 375
788 625 877 750
788 500 881 625
788 375 881 500
769 750 872 875
734 0 841 125
713 125 821 250
675 375 788 500
673 500 788 625
673 250 793 375
672 875 797 1000
663 625 788 750
641 750 769 875
584 125 713 250
531 625 663 750
529 250 673 375
491 750 641 875
486 375 675 500
475 500 673 625
467 875 672 1000
325 625 531 750
264 750 491 875
239 875 467 1000
0 875 239 1000
0 750 264 875
0 625 325 750
0 500 475 625
0 375 486 500
0 250 529 375
0 125 584 250
0 0 734 125
