811 896 942 1000
334 940 811 1000
894 0 1000 472
811 472 1000 896
334 472 811 940
334 0 894 472
0 0 334 1000
0 920 493 1000
888 0 1000 388
859 388 1000 775
493 775 987 1000
493 388 859 775
493 0 888 388
0 0 493 920
832 859 973 1000
0 917 343 1000
343 899 832 1000
832 438 1000 859
343 438 832 899
343 0 1000 438
0 0 343 917
781 880 919 1000
781 633 1000 880
606 633 781 1000
606 362 1000 633
270 362 606 1000
270 0 1000 362
0 0 270 1000
991 0 1000 568
840 778 1000 972
840 568 1000 778
518 568 840 1000
0 608 518 1000
518 0 991 568
0 0 518 608
0 992 339 1000
339 974 656 1000
930 476 1000 979
656 476 930 979
339 476 656 974
339 0 1000 476
0 0 339 992
986 327 1000 674
580 854 983 1000
580 674 983 854
580 327 986 674
274 327 580 1000
274 0 1000 327
0 0 274 1000
937 781 1000 850
988 0 1000 586
937 586 1000 781
0 814 514 1000
514 586 937 1000
514 0 988 586
0 0 514 814
756 873 948 1000
942 0 1000 655
756 655 1000 873
0 879 491 1000
491 655 756 1000
491 0 942 655
0 0 491 879
819 302 1000 676
768 676 1000 985
369 676 768 1000
0 641 369 1000
369 302 819 676
369 0 1000 302
0 0 369 641
911 863 1000 937
557 863 911 1000
805 346 1000 863
557 346 805 863
305 346 557 1000
305 0 1000 346
0 0 305 1000
698 881 957 1000
281 916 698 1000
698 604 1000 881
281 604 698 916
710 0 1000 604
281 0 710 604
0 0 281 1000
0 974 328 1000
651 956 918 1000
651 638 1000 956
328 638 651 1000
748 0 1000 638
328 0 748 638
0 0 328 974
985 397 1000 758
972 0 1000 397
484 758 960 1000
0 732 484 1000
484 397 985 758
484 0 972 397
0 0 484 732
0 990 450 1000
450 983 860 1000
980 0 1000 625
860 625 1000 960
450 625 860 983
450 0 980 625
0 0 450 990
994 0 1000 302
0 839 300 1000
589 650 977 1000
589 302 1000 650
300 302 589 1000
300 0 994 302
0 0 300 839
539 963 847 1000
847 660 1000 981
539 660 847 963
818 0 1000 660
0 702 539 1000
539 0 818 660
0 0 539 702
279 808 532 1000
821 303 1000 727
532 727 979 1000
532 303 821 727
279 303 532 808
279 0 1000 303
0 0 279 1000
881 0 1000 403
823 403 1000 949
356 771 823 1000
0 617 356 1000
356 403 823 771
356 0 881 403
0 0 356 617
984 0 1000 392
0 959 402 1000
847 392 1000 793
402 793 962 1000
402 392 847 793
402 0 984 392
0 0 402 959
845 323 1000 678
723 678 1000 964
399 678 723 1000
399 323 845 678
399 0 1000 323
0 510 399 1000
0 0 399 510
