742 0 808 500
530 0 742 500
456 500 751 1000
0 500 456 1000
0 0 530 500
898 0 901 1000
894 0 898 1000
869 0 894 1000
725 0 869 1000
0 0 725 1000
713 0 843 500
585 500 720 1000
425 500 585 1000
0 500 425 1000
0 0 713 500
756 500 816 1000
666 0 808 500
480 500 756 1000
0 500 480 1000
0 0 666 500
691 0 698 500
595 0 691 500
582 500 961 1000
0 500 582 1000
0 0 595 500
767 500 785 1000
738 500 767 1000
482 500 738 1000
0 500 482 1000
0 0 983 500
718 500 868 1000
435 0 739 500
390 500 718 1000
0 500 390 1000
0 0 435 500
773 500 861 1000
688 0 825 500
618 500 773 1000
0 500 618 1000
0 0 688 500
528 500 555 1000
491 500 528 1000
299 500 491 1000
0 500 299 1000
0 0 932 500
869 0 885 1000
815 0 869 1000
723 0 815 1000
597 0 723 1000
0 0 597 1000
722 0 873 500
494 0 722 500
467 500 836 1000
0 500 467 1000
0 0 494 500
776 500 874 1000
744 0 867 500
434 500 776 1000
0 500 434 1000
0 0 744 500
881 0 891 1000
870 0 881 1000
749 0 870 1000
604 0 749 1000
0 0 604 1000
754 500 841 1000
493 0 793 500
383 500 754 1000
0 500 383 1000
0 0 493 500
817 500 901 1000
690 500 817 1000
461 500 690 1000
0 500 461 1000
0 0 889 500
709 0 823 500
585 0 709 500
488 500 829 1000
0 500 488 1000
0 0 585 500
804 500 887 1000
700 0 813 500
518 500 804 1000
0 500 518 1000
0 0 700 500
732 0 747 500
628 0 732 500
536 500 759 1000
0 500 536 1000
0 0 628 500
760 0 779 500
656 0 760 500
640 500 916 1000
0 500 640 1000
0 0 656 500
806 0 811 500
776 0 806 500
466 500 869 1000
0 500 466 1000
0 0 776 500
581 500 671 1000
557 0 784 500
293 500 581 1000
0 500 293 1000
0 0 557 500
747 0 753 500
706 500 777 1000
532 500 706 1000
0 500 532 1000
0 0 747 500
749 0 823 500
667 0 749 500
516 500 962 1000
0 500 516 1000
0 0 667 500
571 0 597 500
522 0 571 500
518 500 922 1000
0 500 518 1000
0 0 522 500
551 500 645 1000
453 500 551 1000
253 500 453 1000
0 500 253 1000
0 0 838 500
800 0 862 500
527 0 800 500
427 500 807 1000
0 500 427 1000
0 0 527 500
675 0 680 500
634 0 675 500
530 500 915 1000
0 500 530 1000
0 0 634 500
746 0 757 500
599 0 746 500
568 500 964 1000
0 500 568 1000
0 0 599 500
845 500 885 1000
569 500 845 1000
288 500 569 1000
0 500 288 1000
0 0 919 500
684 500 731 1000
640 0 857 500
428 500 684 1000
0 500 428 1000
0 0 640 500
718 0 728 500
604 0 718 500
554 500 789 1000
0 500 554 1000
0 0 604 500
517 500 627 1000
394 500 517 1000
201 500 394 1000
0 500 201 1000
0 0 855 500
813 500 861 1000
808 0 939 500
635 500 813 1000
0 500 635 1000
0 0 808 500
787 0 790 1000
767 0 787 1000
669 0 767 1000
566 0 669 1000
0 0 566 1000
735 500 762 1000
664 500 735 1000
382 500 664 1000
0 500 382 1000
0 0 841 500
744 0 883 500
639 500 811 1000
326 500 639 1000
0 500 326 1000
0 0 744 500
605 500 721 1000
462 500 605 1000
293 500 462 1000
0 500 293 1000
0 0 920 500
719 0 739 500
652 0 719 500
436 500 778 1000
0 500 436 1000
0 0 652 500
828 0 844 1000
810 0 828 1000
688 0 810 1000
528 0 688 1000
0 0 528 1000
788 0 820 500
748 0 788 500
699 500 980 1000
0 500 699 1000
0 0 748 500
728 500 771 1000
559 0 731 500
432 500 728 1000
0 500 432 1000
0 0 559 500
517 500 588 1000
392 500 517 1000
249 500 392 1000
0 500 249 1000
0 0 920 500
627 500 632 1000
556 500 627 1000
371 500 556 1000
0 500 371 1000
0 0 798 500
763 500 768 1000
755 500 763 1000
680 500 755 1000
0 500 680 1000
0 0 850 500
776 0 872 500
598 500 869 1000
309 500 598 1000
0 500 309 1000
0 0 776 500
631 0 636 500
588 0 631 500
485 500 811 1000
0 500 485 1000
0 0 588 500
738 500 758 1000
641 500 738 1000
392 500 641 1000
0 500 392 1000
0 0 803 500
