823 200 827 300
819 400 826 500
818 500 830 600
817 700 830 800
815 800 833 900
806 100 827 200
796 900 830 1000
791 300 828 400
779 200 823 300
774 400 819 500
771 700 817 800
771 500 818 600
770 600 826 700
757 800 815 900
734 900 796 1000
734 100 806 200
714 300 791 400
697 400 774 500
692 700 771 800
688 500 771 600
686 600 770 700
685 200 779 300
661 800 757 900
637 100 734 200
631 900 734 1000
610 300 714 400
592 400 697 500
575 500 688 600
544 200 685 300
543 600 686 700
541 700 692 800
507 800 661 900
476 900 631 1000
427 300 610 400
404 400 592 500
381 500 575 600
343 600 543 700
319 700 541 800
276 800 507 900
241 900 476 1000
0 900 241 1000
0 800 276 900
0 700 319 800
0 600 343 700
0 500 381 600
0 400 404 500
0 300 427 400
0 200 544 300
0 100 637 200
0 0 952 100
825 600 834 700
825 400 836 500
805 400 825 500
804 600 825 700
804 100 831 200
803 700 832 800
801 500 833 600
799 900 833 1000
799 800 835 900
793 0 840 100
790 200 851 300
786 300 853 400
732 900 799 1000
732 800 799 900
726 0 793 100
714 300 786 400
714 200 790 300
713 500 801 600
712 700 803 800
711 400 805 500
708 600 804 700
700 100 804 200
626 900 732 1000
621 800 732 900
598 700 712 800
596 300 714 400
591 200 714 300
584 600 708 700
582 500 713 600
578 400 711 500
552 0 726 100
518 100 700 200
409 200 591 300
394 300 596 400
373 400 578 500
362 500 582 600
358 600 584 700
338 700 598 800
320 800 621 900
314 900 626 1000
0 900 314 1000
0 800 320 900
0 700 338 800
0 600 358 700
0 500 362 600
0 400 373 500
0 300 394 400
0 200 409 300
0 100 518 200
0 0 552 100
858 100 866 200
856 500 869 600
856 300 869 400
839 300 856 400
838 400 860 500
837 800 860 900
837 200 868 300
836 600 869 700
835 900 876 1000
831 700 872 800
811 100 858 200
808 500 856 600
780 600 836 700
779 200 837 300
775 800 837 900
769 700 831 800
765 900 835 1000
763 400 838 500
758 300 839 400
729 100 811 200
723 500 808 600
694 600 780 700
668 300 758 400
663 700 769 800
657 900 765 1000
650 400 763 500
649 800 775 900
646 200 779 300
585 500 723 600
555 600 694 700
523 300 668 400
497 800 649 900
496 400 650 500
494 900 657 1000
485 700 663 800
395 500 585 600
345 600 555 700
274 700 485 800
269 800 497 900
265 900 494 1000
0 900 265 1000
0 800 269 900
0 700 274 800
0 600 345 700
0 500 395 600
0 400 496 500
0 300 523 400
0 200 646 300
0 100 729 200
0 0 937 100
840 500 845 600
838 700 843 800
835 900 854 1000
834 0 853 100
827 300 847 400
821 400 847 500
820 600 847 700
813 200 842 300
805 0 834 100
785 600 820 700
785 400 821 500
777 300 827 400
775 800 844 900
765 900 835 1000
765 700 838 800
765 500 840 600
764 100 842 200
731 200 813 300
723 0 805 100
677 900 765 1000
676 700 765 800
676 500 765 600
676 300 777 400
673 800 775 900
672 600 785 700
669 400 785 500
646 100 764 200
612 200 731 300
545 600 672 700
542 300 676 400
540 700 676 800
527 900 677 1000
524 500 676 600
521 800 673 900
517 400 669 500
359 500 524 600
357 600 545 700
339 700 540 800
320 800 521 900
296 900 527 1000
0 900 296 1000
0 800 320 900
0 700 339 800
0 600 357 700
0 500 359 600
0 400 517 500
0 300 542 400
0 200 612 300
0 100 646 200
0 0 723 100
874 0 876 100
872 900 880 1000
870 400 880 500
867 500 877 600
859 0 874 100
852 500 867 600
849 700 875 800
847 800 874 900
847 300 877 400
845 200 875 300
838 400 870 500
813 800 847 900
812 500 852 600
808 700 849 800
795 200 845 300
791 300 847 400
780 400 838 500
773 0 859 100
771 900 872 1000
761 100 879 200
759 600 880 700
638 100 761 200
636 600 759 700
634 900 771 1000
627 400 780 500
626 300 791 400
626 200 795 300
622 700 808 800
621 800 813 900
617 500 812 600
568 0 773 100
428 100 638 200
408 200 626 300
405 300 626 400
404 400 627 500
386 500 617 600
378 600 636 700
325 800 621 900
325 700 622 800
321 900 634 1000
0 900 321 1000
0 800 325 900
0 700 325 800
0 600 378 700
0 500 386 600
0 400 404 500
0 300 405 400
0 200 408 300
0 100 428 200
0 0 568 100
746 700 750 800
744 900 748 1000
741 700 746 800
741 600 750 700
741 300 757 400
740 0 759 100
720 600 741 700
718 0 740 100
717 300 741 400
716 700 741 800
715 900 744 1000
714 800 746 900
714 500 753 600
711 100 757 200
705 400 754 500
704 200 755 300
667 0 718 100
663 300 717 400
660 500 714 600
650 400 705 500
646 200 704 300
646 100 711 200
643 700 716 800
639 800 714 900
639 600 720 700
632 900 715 1000
579 300 663 400
565 400 650 500
564 500 660 600
531 200 646 300
531 100 646 200
524 700 643 800
519 600 639 700
458 300 579 400
426 400 565 500
423 500 564 600
372 600 519 700
358 700 524 800
352 800 639 900
337 900 632 1000
0 900 337 1000
0 800 352 900
0 700 358 800
0 600 372 700
0 500 423 600
0 400 426 500
0 300 458 400
0 200 531 300
0 100 531 200
0 0 667 100
848 500 850 600
847 200 850 300
846 800 849 900
844 600 850 700
844 300 852 400
844 100 860 200
842 900 859 1000
839 700 857 800
828 200 847 300
823 300 844 400
822 800 846 900
810 700 839 800
796 200 828 300
790 300 823 400
788 800 822 900
785 100 844 200
783 0 854 100
771 600 844 700
768 400 849 500
766 500 848 600
756 900 842 1000
695 100 785 200
660 500 766 600
660 400 768 500
651 600 771 700
630 900 756 1000
628 0 783 100
627 800 788 900
623 300 790 400
618 200 796 300
613 700 810 800
490 100 695 200
398 200 618 300
396 300 623 400
392 400 660 500
385 500 660 600
370 600 651 700
325 700 613 800
324 800 627 900
316 900 630 1000
0 900 316 1000
0 800 324 900
0 700 325 800
0 600 370 700
0 500 385 600
0 400 392 500
0 300 396 400
0 200 398 300
0 100 490 200
0 0 628 100
857 125 858 250
856 250 858 375
855 750 858 875
854 500 857 625
854 375 858 500
853 0 867 125
840 375 854 500
839 250 856 375
839 125 857 250
837 625 857 750
836 875 857 1000
833 750 855 875
830 0 853 125
813 125 839 250
804 0 830 125
794 750 833 875
793 875 836 1000
793 375 840 500
789 625 837 750
786 250 839 375
782 500 854 625
712 250 786 375
708 500 782 625
705 625 789 750
701 375 793 500
700 875 793 1000
700 750 794 875
700 125 813 250
566 125 700 250
565 250 712 375
551 375 701 500
546 625 705 750
539 500 708 625
517 750 700 875
516 875 700 1000
379 125 566 250
355 250 565 375
338 375 551 500
325 500 539 625
315 625 546 750
285 750 517 875
267 875 516 1000
0 875 267 1000
0 750 285 875
0 625 315 750
0 500 325 625
0 375 338 500
0 250 355 375
0 125 379 250
0 0 804 125
904 375 905 500
902 750 907 875
902 500 916 625
887 750 902 875
887 0 906 125
886 875 906 1000
884 625 905 750
884 125 909 250
878 375 904 500
874 500 902 625
873 250 905 375
839 125 884 250
826 250 873 375
822 500 874 625
819 375 878 500
818 0 887 125
811 625 884 750
806 750 887 875
804 875 886 1000
748 125 839 250
730 250 826 375
709 750 806 875
707 875 804 1000
706 375 819 500
704 0 818 125
703 500 822 625
692 625 811 750
621 125 748 250
601 250 730 375
559 875 707 1000
555 750 709 875
544 375 706 500
541 0 704 125
530 500 703 625
519 625 692 750
438 125 621 250
417 250 601 375
339 375 544 500
321 500 530 625
303 625 519 750
294 750 555 875
286 875 559 1000
0 875 286 1000
0 750 294 875
0 625 303 750
0 500 321 625
0 375 339 500
0 250 417 375
0 125 438 250
0 0 541 125
826 375 827 500
825 500 826 625
824 875 826 1000
824 250 827 375
819 250 824 375
818 500 825 625
817 875 824 1000
817 750 826 875
815 125 827 250
814 625 831 750
809 0 828 125
796 250 819 375
783 0 809 125
782 875 817 1000
780 375 826 500
765 750 817 875
762 125 815 250
761 625 814 750
761 500 818 625
738 250 796 375
721 875 782 1000
701 750 765 875
689 500 761 625
688 625 761 750
687 0 783 125
675 375 780 500
656 125 762 250
629 250 738 375
608 875 721 1000
582 750 701 875
554 500 689 625
548 625 688 750
534 375 675 500
512 125 656 250
483 250 629 375
459 875 608 1000
433 750 582 875
380 375 534 500
375 500 554 625
368 625 548 750
243 750 433 875
241 875 459 1000
0 875 241 1000
0 750 243 875
0 625 368 750
0 500 375 625
0 375 380 500
0 250 483 375
0 125 512 250
0 0 687 125
815 250 818 375
815 0 820 125
813 875 819 1000
809 0 815 125
805 750 815 875
805 125 821 250
802 500 820 625
798 375 819 500
784 0 809 125
773 500 802 625
766 125 805 250
758 750 805 875
755 875 813 1000
754 625 818 750
748 250 815 375
731 375 798 500
716 0 784 125
701 500 773 625
687 125 766 250
671 625 754 750
668 875 755 1000
664 750 758 875
649 250 748 375
631 375 731 500
598 500 701 625
573 125 687 250
557 625 671 750
549 750 664 875
545 875 668 1000
520 250 649 375
501 375 631 500
462 500 598 625
433 125 573 250
415 625 557 750
404 750 549 875
396 875 545 1000
367 250 520 375
337 375 501 500
291 500 462 625
235 625 415 750
222 750 404 875
213 875 396 1000
0 875 213 1000
0 750 222 875
0 625 235 750
0 500 291 625
0 375 337 500
0 250 367 375
0 125 433 250
0 0 716 125
863 250 866 375
862 125 865 250
857 250 863 375
849 250 857 375
849 125 862 250
848 375 864 500
847 500 870 625
847 0 876 125
841 750 872 875
838 625 869 750
836 875 873 1000
804 125 849 250
803 250 849 375
800 500 847 625
800 0 847 125
799 375 848 500
784 625 838 750
775 875 836 1000
775 750 841 875
733 125 804 250
726 375 799 500
720 500 800 625
715 0 800 125
711 250 803 375
678 750 775 875
677 875 775 1000
672 625 784 750
619 125 733 250
583 0 715 125
574 250 711 375
572 375 726 500
551 500 720 625
505 875 677 1000
505 750 678 875
497 625 672 750
443 125 619 250
393 250 574 375
383 375 572 500
340 500 551 625
269 625 497 750
268 750 505 875
259 875 505 1000
0 875 259 1000
0 750 268 875
0 625 269 750
0 500 340 625
0 375 383 500
0 250 393 375
0 125 443 250
0 0 583 125
