806 250 809 500
803 250 806 500
802 750 813 1000
792 250 803 500
789 500 806 750
782 750 802 1000
782 0 807 250
753 0 782 250
743 500 789 750
743 250 792 500
730 750 782 1000
699 0 753 250
687 250 743 500
680 500 743 750
609 500 680 750
608 250 687 500
600 0 699 250
596 750 730 1000
473 250 608 500
458 0 600 250
453 500 609 750
431 750 596 1000
307 250 473 500
271 500 453 750
249 750 431 1000
0 750 249 1000
0 500 271 750
0 250 307 500
0 0 458 250
898 500 909 750
893 250 905 500
889 750 903 1000
875 250 893 500
866 750 889 1000
865 500 898 750
864 0 914 250
809 0 864 250
802 500 865 750
800 750 866 1000
798 250 875 500
712 500 802 750
710 750 800 1000
694 0 809 250
683 250 798 500
594 750 710 1000
594 500 712 750
566 0 694 250
549 250 683 500
459 500 594 750
444 750 594 1000
371 0 566 250
354 250 549 500
261 500 459 750
227 750 444 1000
0 750 227 1000
0 500 261 750
0 250 354 500
0 0 371 250
927 750 935 1000
917 0 934 250
908 750 927 1000
906 250 929 500
905 500 928 750
877 500 905 750
877 250 906 500
875 750 908 1000
875 0 917 250
832 0 875 250
831 500 877 750
819 750 875 1000
818 250 877 500
756 250 818 500
738 750 819 1000
733 0 832 250
707 500 831 750
609 0 733 250
595 750 738 1000
593 250 756 500
539 500 707 750
434 0 609 250
414 250 593 500
337 500 539 750
328 750 595 1000
0 750 328 1000
0 500 337 750
0 250 414 500
0 0 434 250
883 750 884 1000
882 0 898 250
880 250 900 500
868 500 892 750
854 250 880 500
850 0 882 250
849 750 883 1000
831 500 868 750
807 750 849 1000
801 0 850 250
790 250 854 500
762 500 831 750
738 750 807 1000
729 0 801 250
716 250 790 500
681 500 762 750
636 750 738 1000
603 250 716 500
600 0 729 250
549 500 681 750
489 750 636 1000
449 0 600 250
434 250 603 500
319 500 549 750
253 750 489 1000
0 750 253 1000
0 500 319 750
0 250 434 500
0 0 449 250
903 0 904 250
898 750 907 1000
898 250 912 500
888 0 903 250
887 500 904 750
881 750 898 1000
881 250 898 500
868 500 887 750
862 0 888 250
847 750 881 1000
844 250 881 500
824 0 862 250
820 500 868 750
794 750 847 1000
776 250 844 500
756 0 824 250
703 750 794 1000
703 500 820 750
658 250 776 500
619 0 756 250
540 500 703 750
534 750 703 1000
482 250 658 500
286 500 540 750
271 750 534 1000
0 750 271 1000
0 500 286 750
0 250 482 500
0 0 619 250
913 0 914 250
909 250 915 500
906 0 913 250
901 250 909 500
898 0 906 250
889 250 901 500
884 500 917 750
883 750 922 1000
843 750 883 1000
841 500 884 750
840 250 889 500
840 0 898 250
782 0 840 250
779 250 840 500
776 750 843 1000
758 500 841 750
685 0 782 250
671 750 776 1000
628 250 779 500
600 500 758 750
516 0 685 250
475 750 671 1000
425 250 628 500
390 500 600 750
258 750 475 1000
0 750 258 1000
0 500 390 750
0 250 425 500
0 0 516 250
871 0 880 250
869 500 880 750
863 750 874 1000
859 250 872 500
852 500 869 750
824 500 852 750
824 250 859 500
823 750 863 1000
822 0 871 250
773 500 824 750
769 250 824 500
759 0 822 250
755 750 823 1000
685 0 759 250
676 250 769 500
672 500 773 750
648 750 755 1000
570 0 685 250
530 750 648 1000
524 250 676 500
515 500 672 750
396 0 570 250
293 250 524 500
282 500 515 750
269 750 530 1000
0 750 269 1000
0 500 282 750
0 250 293 500
0 0 396 250
815 0 816 250
812 250 819 500
800 250 812 500
799 750 822 1000
798 500 823 750
784 0 815 250
763 250 800 500
761 500 798 750
759 750 799 1000
740 0 784 250
716 500 761 750
706 750 759 1000
697 250 763 500
665 0 740 250
640 500 716 750
626 750 706 1000
616 250 697 500
570 0 665 250
544 500 640 750
515 750 626 1000
499 250 616 500
431 0 570 250
346 250 499 500
337 500 544 750
276 750 515 1000
0 750 276 1000
0 500 337 750
0 250 346 500
0 0 431 250
880 250 881 500
879 250 880 500
878 500 883 750
875 750 892 1000
874 0 895 250
854 250 879 500
847 750 875 1000
847 500 878 750
837 0 874 250
801 250 854 500
792 500 847 750
784 750 847 1000
748 0 837 250
651 0 748 250
646 750 784 1000
637 500 792 750
637 250 801 500
485 0 651 250
476 750 646 1000
464 250 637 500
455 500 637 750
291 0 485 250
256 250 464 500
247 500 455 750
243 750 476 1000
0 750 243 1000
0 500 247 750
0 250 256 500
0 0 291 250
881 0 883 250
879 0 881 250
874 0 879 250
873 500 881 750
869 250 891 500
835 250 869 500
833 500 873 750
833 0 874 250
831 750 883 1000
756 750 831 1000
756 0 833 250
752 500 833 750
751 250 835 500
665 250 751 500
658 500 752 750
643 0 756 250
640 750 756 1000
521 0 643 250
496 750 640 1000
489 500 658 750
487 250 665 500
342 0 521 250
306 250 487 500
291 500 489 750
265 750 496 1000
0 750 265 1000
0 500 291 750
0 250 306 500
0 0 342 250
861 250 866 500
860 750 870 1000
852 0 869 250
844 250 861 500
840 750 860 1000
825 0 852 250
814 250 844 500
808 750 840 1000
808 500 864 750
766 0 825 250
752 250 814 500
745 750 808 1000
741 500 808 750
698 0 766 250
670 500 741 750
664 750 745 1000
664 250 752 500
567 250 664 500
566 750 664 1000
562 500 670 750
441 750 566 1000
441 250 567 500
432 500 562 750
308 750 441 1000
154 750 308 1000
0 750 154 1000
0 500 432 750
0 250 441 500
0 0 698 250
916 750 918 1000
915 500 922 750
912 250 922 500
902 500 915 750
901 750 916 1000
901 0 920 250
891 250 912 500
875 0 901 250
873 750 901 1000
863 250 891 500
829 250 863 500
822 0 875 250
818 750 873 1000
818 500 902 750
724 750 818 1000
715 500 818 750
710 0 822 250
707 250 829 500
602 750 724 1000
585 500 715 750
561 0 710 250
541 250 707 500
336 250 541 500
312 500 585 750
302 750 602 1000
0 750 302 1000
0 500 312 750
0 250 336 500
0 0 561 250
806 750 808 1000
805 0 811 250
800 500 810 750
797 250 811 500
788 0 805 250
780 250 797 500
757 250 780 500
756 0 788 250
748 500 800 750
743 750 806 1000
679 750 743 1000
677 250 757 500
674 0 756 250
663 500 748 750
584 0 674 250
576 250 677 500
569 750 679 1000
542 500 663 750
449 250 576 500
429 0 584 250
410 750 569 1000
382 500 542 750
286 250 449 500
215 500 382 750
212 750 410 1000
0 750 212 1000
0 500 215 750
0 250 286 500
0 0 429 250
841 250 842 500
837 250 841 500
828 500 842 750
825 750 841 1000
824 0 846 250
800 0 824 250
796 750 825 1000
796 500 828 750
796 250 837 500
748 0 800 250
739 250 796 500
731 750 796 1000
730 500 796 750
680 0 748 250
655 500 730 750
643 250 739 500
601 750 731 1000
549 0 680 250
457 750 601 1000
457 250 643 500
455 500 655 750
342 0 549 250
244 250 457 500
238 500 455 750
236 750 457 1000
0 750 236 1000
0 500 238 750
0 250 244 500
0 0 342 250
869 0 875 250
864 750 874 1000
863 250 875 500
862 500 875 750
849 250 863 500
842 500 862 750
839 0 869 250
830 750 864 1000
808 250 849 500
784 750 830 1000
780 0 839 250
773 500 842 750
739 250 808 500
658 250 739 500
657 500 773 750
651 0 780 250
646 750 784 1000
517 500 657 750
508 0 651 250
501 750 646 1000
499 250 658 500
343 0 508 250
317 250 499 500
310 500 517 750
258 750 501 1000
0 750 258 1000
0 500 310 750
0 250 317 500
0 0 343 250
930 750 932 1000
928 500 934 750
927 250 935 500
925 0 933 250
911 250 927 500
910 750 930 1000
908 500 928 750
901 0 925 250
882 750 910 1000
881 250 911 500
850 750 882 1000
848 250 881 500
847 0 901 250
838 500 908 750
774 0 847 250
758 500 838 750
751 250 848 500
737 750 850 1000
621 250 751 500
617 0 774 250
600 500 758 750
544 750 737 1000
397 250 621 500
375 500 600 750
283 750 544 1000
0 750 283 1000
0 500 375 750
0 250 397 500
0 0 617 250
872 0 880 250
867 750 876 1000
846 750 867 1000
840 500 875 750
840 250 876 500
829 0 872 250
786 0 829 250
784 500 840 750
784 250 840 500
768 750 846 1000
702 0 786 250
690 500 784 750
684 250 784 500
665 750 768 1000
595 0 702 250
577 250 684 500
572 500 690 750
542 750 665 1000
471 0 595 250
444 250 577 500
430 500 572 750
395 750 542 1000
276 250 444 500
249 500 430 750
207 750 395 1000
0 750 207 1000
0 500 249 750
0 250 276 500
0 0 471 250
919 500 934 750
913 0 931 250
912 250 930 500
899 500 919 750
896 750 934 1000
853 750 896 1000
846 500 899 750
843 0 913 250
842 250 912 500
771 250 842 500
769 500 846 750
766 0 843 250
761 750 853 1000
677 250 771 500
665 500 769 750
661 0 766 250
654 750 761 1000
564 250 677 500
548 0 661 250
533 750 654 1000
524 500 665 750
399 0 548 250
392 250 564 500
302 500 524 750
267 750 533 1000
0 750 267 1000
0 500 302 750
0 250 392 500
0 0 399 250
845 250 853 500
844 0 853 250
827 250 845 500
804 250 827 500
804 0 844 250
803 500 848 750
801 750 846 1000
751 0 804 250
745 500 803 750
744 250 804 500
741 750 801 1000
682 500 745 750
681 0 751 250
673 250 744 500
670 750 741 1000
591 250 673 500
585 500 682 750
580 0 681 250
559 750 670 1000
472 500 585 750
465 250 591 500
426 750 559 1000
331 250 465 500
290 500 472 750
229 750 426 1000
0 750 229 1000
0 500 290 750
0 250 331 500
0 0 580 250
829 0 832 250
825 0 829 250
819 0 825 250
818 500 834 750
816 750 839 1000
814 250 837 500
794 0 819 250
792 500 818 750
788 750 816 1000
781 250 814 500
751 750 788 1000
750 500 792 750
736 0 794 250
721 250 781 500
656 250 721 500
645 0 736 250
643 750 751 1000
635 500 750 750
535 250 656 500
509 0 645 250
490 750 643 1000
479 500 635 750
363 250 535 500
286 500 479 750
265 750 490 1000
0 750 265 1000
0 500 286 750
0 250 363 500
0 0 509 250
890 250 892 500
885 250 890 500
883 750 893 1000
883 500 897 750
867 250 885 500
865 750 883 1000
864 500 883 750
863 0 896 250
831 750 865 1000
825 500 864 750
821 250 867 500
817 0 863 250
782 750 831 1000
772 250 821 500
757 500 825 750
740 0 817 250
677 250 772 500
661 750 782 1000
625 500 757 750
591 0 740 250
523 250 677 500
503 750 661 1000
454 500 625 750
277 500 454 750
267 750 503 1000
0 750 267 1000
0 500 277 750
0 250 523 500
0 0 591 250
885 250 902 500
883 750 902 1000
880 500 900 750
860 0 888 250
851 250 885 500
845 750 883 1000
840 500 880 750
809 250 851 500
796 500 840 750
794 750 845 1000
794 0 860 250
725 500 796 750
722 750 794 1000
706 0 794 250
692 250 809 500
599 750 722 1000
592 500 725 750
569 0 706 250
555 250 692 500
449 750 599 1000
440 500 592 750
392 0 569 250
376 250 555 500
258 500 440 750
250 750 449 1000
0 750 250 1000
0 500 258 750
0 250 376 500
0 0 392 250
809 750 811 1000
809 0 813 250
798 750 809 1000
794 0 809 250
793 250 814 500
792 500 820 750
756 250 793 500
754 750 798 1000
748 500 792 750
748 0 794 250
699 250 756 500
688 500 748 750
686 0 748 250
685 750 754 1000
618 500 688 750
610 750 685 1000
606 0 686 250
604 250 699 500
502 250 604 500
500 750 610 1000
498 500 618 750
471 0 606 250
360 250 502 500
317 500 498 750
288 750 500 1000
0 750 288 1000
0 500 317 750
0 250 360 500
0 0 471 250
844 500 845 750
840 750 846 1000
833 750 840 1000
833 500 844 750
830 0 847 250
812 0 830 250
810 750 833 1000
808 500 833 750
800 250 849 500
759 500 808 750
759 0 812 250
756 750 810 1000
739 250 800 500
692 0 759 250
682 500 759 750
678 750 756 1000
651 250 739 500
596 0 692 250
581 500 682 750
572 750 678 1000
540 250 651 500
475 0 596 250
408 250 540 500
333 500 581 750
288 750 572 1000
0 750 288 1000
0 500 333 750
0 250 408 500
0 0 475 250
876 500 888 750
871 0 894 250
869 750 894 1000
838 750 869 1000
837 0 871 250
833 500 876 750
826 250 878 500
773 0 837 250
771 750 838 1000
762 500 833 750
753 250 826 500
688 500 762 750
686 750 771 1000
672 0 773 250
647 250 753 500
579 750 686 1000
579 500 688 750
562 0 672 250
528 250 647 500
428 500 579 750
409 750 579 1000
387 0 562 250
352 250 528 500
249 500 428 750
215 750 409 1000
0 750 215 1000
0 500 249 750
0 250 352 500
0 0 387 250
910 500 912 750
904 250 913 500
904 0 915 250
899 750 913 1000
894 500 910 750
888 0 904 250
871 0 888 250
865 500 894 750
863 750 899 1000
862 250 904 500
827 0 871 250
815 250 862 500
814 500 865 750
804 750 863 1000
743 250 815 500
733 0 827 250
712 500 814 750
678 750 804 1000
581 0 733 250
568 250 743 500
532 500 712 750
481 750 678 1000
343 250 568 500
306 500 532 750
246 750 481 1000
0 750 246 1000
0 500 306 750
0 250 343 500
0 0 581 250
863 250 867 500
860 0 866 250
857 500 863 750
849 750 868 1000
836 0 860 250
833 500 857 750
800 500 833 750
800 0 836 250
791 750 849 1000
791 250 863 500
726 0 800 250
724 500 800 750
708 250 791 500
705 750 791 1000
628 0 726 250
601 750 705 1000
596 250 708 500
593 500 724 750
495 0 628 250
468 750 601 1000
456 250 596 500
441 500 593 750
304 250 456 500
263 500 441 750
256 750 468 1000
0 750 256 1000
0 500 263 750
0 250 304 500
0 0 495 250
929 0 933 250
928 500 932 750
924 250 931 500
921 0 929 250
919 500 928 750
902 750 932 1000
893 250 924 500
880 0 921 250
874 500 919 750
847 250 893 500
841 750 902 1000
806 0 880 250
799 500 874 750
761 250 847 500
752 750 841 1000
710 500 799 750
665 250 761 500
655 750 752 1000
584 500 710 750
539 250 665 500
523 750 655 1000
444 500 584 750
373 250 539 500
274 500 444 750
263 750 523 1000
0 750 263 1000
0 500 274 750
0 250 373 500
0 0 806 250
849 0 851 250
848 250 857 500
840 750 850 1000
840 500 850 750
826 500 840 750
826 250 848 500
826 0 849 250
812 750 840 1000
783 750 812 1000
781 250 826 500
778 500 826 750
776 0 826 250
712 500 778 750
709 750 783 1000
696 0 776 250
693 250 781 500
619 750 709 1000
616 500 712 750
583 0 696 250
572 250 693 500
481 500 616 750
475 750 619 1000
371 250 572 500
268 500 481 750
243 750 475 1000
0 750 243 1000
0 500 268 750
0 250 371 500
0 0 583 250
