896 625 902 750
896 250 907 375
893 375 909 500
891 875 915 1000
891 500 923 625
891 0 923 125
880 125 918 250
878 750 919 875
835 750 878 875
832 875 891 1000
818 625 896 750
817 250 896 375
809 0 891 125
806 375 893 500
803 500 891 625
782 125 880 250
735 750 835 875
732 875 832 1000
701 500 803 625
701 0 809 125
695 375 806 500
691 250 817 375
683 625 818 750
645 125 782 250
548 0 701 125
459 125 645 250
448 250 691 375
440 375 695 500
429 500 701 625
394 625 683 750
390 750 735 875
382 875 732 1000
0 875 382 1000
0 750 390 875
0 625 394 750
0 500 429 625
0 375 440 500
0 250 448 375
0 125 459 250
0 0 548 125
948 125 951 250
945 500 962 625
934 250 951 375
929 125 948 250
925 500 945 625
924 375 948 500
923 875 951 1000
919 625 950 750
916 750 948 875
916 0 952 125
879 0 916 125
877 750 916 875
872 625 919 750
866 125 929 250
855 875 923 1000
850 500 925 625
848 250 934 375
833 375 924 500
756 250 848 375
740 375 833 500
731 500 850 625
704 875 855 1000
697 625 872 750
686 750 877 875
682 0 879 125
631 125 866 250
515 250 756 375
493 375 740 500
470 500 731 625
423 625 697 750
372 750 686 875
361 875 704 1000
0 875 361 1000
0 750 372 875
0 625 423 750
0 500 470 625
0 375 493 500
0 250 515 375
0 125 631 250
0 0 682 125
895 750 899 875
888 750 895 875
886 875 901 1000
882 625 898 750
882 125 902 250
880 375 902 500
873 500 896 625
859 250 897 375
841 375 880 500
839 625 882 750
838 875 886 1000
833 750 888 875
793 250 859 375
788 500 873 625
785 125 882 250
732 750 833 875
732 375 841 500
725 625 839 750
724 875 838 1000
678 250 793 375
654 125 785 250
648 500 788 625
590 750 732 875
587 375 732 500
574 875 724 1000
572 625 725 750
516 250 678 375
421 375 587 500
404 500 648 625
325 625 572 750
323 750 590 875
301 875 574 1000
0 875 301 1000
0 750 323 875
0 625 325 750
0 500 404 625
0 375 421 500
0 250 516 375
0 125 654 250
0 0 941 125
969 650 1000 677
0 987 139 1000
929 677 1000 703
444 961 500 1000
697 703 707 1000
139 964 223 1000
925 604 1000 650
930 479 1000 540
609 917 661 1000
661 876 697 1000
500 915 558 1000
558 902 609 1000
223 925 300 1000
300 913 368 1000
697 677 929 703
661 677 697 876
661 650 969 677
810 540 1000 604
811 361 1000 430
609 650 661 917
368 814 444 1000
609 604 925 650
558 604 609 902
558 540 810 604
500 540 558 915
780 151 1000 255
760 255 1000 361
500 479 930 540
444 479 500 961
444 430 1000 479
368 430 444 814
368 361 811 430
757 0 1000 151
300 361 368 913
300 255 760 361
223 255 300 925
223 151 780 255
139 151 223 964
139 0 757 151
0 0 139 987
895 500 902 600
883 0 913 100
880 900 912 1000
877 200 914 300
876 300 919 400
870 400 915 500
840 500 895 600
839 700 896 800
839 600 903 700
835 800 910 900
824 100 907 200
791 900 880 1000
787 200 877 300
775 300 876 400
760 0 883 100
737 400 870 500
689 100 824 200
679 500 840 600
674 600 839 700
663 800 835 900
661 700 839 800
610 900 791 1000
572 200 787 300
549 300 775 400
489 400 737 500
424 500 679 600
410 600 674 700
393 700 661 800
364 800 663 900
306 900 610 1000
0 900 306 1000
0 800 364 900
0 700 393 800
0 600 410 700
0 500 424 600
0 400 489 500
0 300 549 400
0 200 572 300
0 100 689 200
0 0 760 100
918 900 927 1000
913 200 926 300
909 100 931 200
907 300 935 400
892 800 929 900
872 900 918 1000
868 600 928 700
864 500 926 600
864 400 930 500
862 700 929 800
853 0 921 100
831 100 909 200
826 200 913 300
816 300 907 400
771 500 864 600
752 400 864 500
743 600 868 700
736 700 862 800
708 0 853 100
699 900 872 1000
697 800 892 900
625 100 831 200
612 200 826 300
601 300 816 400
520 400 752 500
508 500 771 600
449 600 743 700
414 700 736 800
362 800 697 900
350 900 699 1000
0 900 350 1000
0 800 362 900
0 700 414 800
0 600 449 700
0 500 508 600
0 400 520 500
0 300 601 400
0 200 612 300
0 100 625 200
0 0 708 100
906 700 907 800
904 700 906 800
901 200 907 300
897 700 904 800
895 400 921 500
893 800 922 900
891 900 943 1000
890 100 951 200
888 300 957 400
886 500 956 600
856 600 932 700
850 0 927 100
805 800 893 900
805 700 897 800
794 100 890 200
783 300 888 400
773 500 886 600
767 400 895 500
714 600 856 700
644 700 805 800
640 800 805 900
635 900 891 1000
633 200 901 300
515 300 783 400
487 400 767 500
486 500 773 600
424 600 714 700
336 700 644 800
329 800 640 900
318 900 635 1000
0 900 318 1000
0 800 329 900
0 700 336 800
0 600 424 700
0 500 486 600
0 400 487 500
0 300 515 400
0 200 633 300
0 100 794 200
0 0 850 100
883 800 898 900
882 900 917 1000
882 400 919 500
882 300 919 400
881 200 922 300
857 100 913 200
824 400 882 500
813 300 882 400
812 800 883 900
808 900 882 1000
803 700 886 800
800 500 891 600
783 200 881 300
782 0 895 100
777 600 897 700
711 100 857 200
674 400 824 500
643 500 800 600
621 200 783 300
595 600 777 700
592 700 803 800
586 900 808 1000
584 800 812 900
575 300 813 400
432 400 674 500
396 500 643 600
343 700 592 800
343 600 595 700
327 800 584 900
326 900 586 1000
0 900 326 1000
0 800 327 900
0 700 343 800
0 600 343 700
0 500 396 600
0 400 432 500
0 300 575 400
0 200 621 300
0 100 711 200
0 0 782 100
862 700 873 800
862 500 876 600
860 100 876 200
858 600 877 700
844 0 871 100
838 300 873 400
813 600 858 700
810 100 860 200
797 500 862 600
793 800 867 900
791 900 866 1000
784 700 862 800
784 200 873 300
771 400 864 500
741 300 838 400
698 100 810 200
653 400 771 500
649 900 791 1000
637 200 784 300
634 800 793 900
625 700 784 800
620 500 797 600
610 600 813 700
527 300 741 400
439 400 653 500
402 500 620 600
378 600 610 700
375 700 625 800
374 800 634 900
347 900 649 1000
0 900 347 1000
0 800 374 900
0 700 375 800
0 600 378 700
0 500 402 600
0 400 439 500
0 300 527 400
0 200 637 300
0 100 698 200
0 0 844 100
909 400 911 500
906 900 913 1000
902 500 916 600
897 200 914 300
893 600 912 700
892 0 916 100
890 800 920 900
873 900 906 1000
858 500 902 600
852 200 897 300
843 600 893 700
842 0 892 100
840 800 890 900
839 100 913 200
836 700 917 800
833 300 919 400
814 400 909 500
741 500 858 600
730 200 852 300
710 300 833 400
696 600 843 700
687 700 836 800
660 800 840 900
657 900 873 1000
587 400 814 500
452 600 696 700
452 500 741 600
384 700 687 800
356 800 660 900
352 900 657 1000
0 900 352 1000
0 800 356 900
0 700 384 800
0 600 452 700
0 500 452 600
0 400 587 500
0 300 710 400
0 200 730 300
0 100 839 200
0 0 842 100
888 600 889 700
886 900 892 1000
880 400 889 500
878 0 904 100
877 100 920 200
829 400 880 500
826 600 888 700
824 800 892 900
823 200 895 300
799 900 886 1000
799 500 895 600
795 700 892 800
795 300 896 400
776 0 878 100
761 100 877 200
682 500 799 600
677 700 795 800
676 300 795 400
671 900 799 1000
671 600 826 700
668 800 824 900
663 400 829 500
633 200 823 300
448 300 676 400
416 400 663 500
415 500 682 600
396 600 671 700
391 700 677 800
372 800 668 900
336 900 671 1000
0 900 336 1000
0 800 372 900
0 700 391 800
0 600 396 700
0 500 415 600
0 400 416 500
0 300 448 400
0 200 633 300
0 100 761 200
0 0 776 100
932 100 948 200
925 0 946 100
924 500 950 600
923 600 949 700
921 400 968 500
888 900 940 1000
879 100 932 200
869 600 923 700
864 500 924 600
863 0 925 100
798 0 863 100
794 100 879 200
778 500 864 600
756 600 869 700
752 900 888 1000
752 400 921 500
751 300 938 400
742 700 941 800
741 800 941 900
738 200 947 300
573 0 798 100
567 100 794 200
501 200 738 300
498 300 751 400
491 400 752 500
479 500 778 600
444 600 756 700
424 700 742 800
400 800 741 900
389 900 752 1000
0 900 389 1000
0 800 400 900
0 700 424 800
0 600 444 700
0 500 479 600
0 400 491 500
0 300 498 400
0 200 501 300
0 100 567 200
0 0 573 100
248 991 320 1000
979 269 1000 325
936 715 1000 736
943 617 1000 672
320 940 379 1000
935 559 1000 617
379 935 440 1000
726 715 936 736
685 885 726 1000
916 498 1000 559
571 910 630 1000
865 672 1000 715
508 898 571 1000
685 715 726 885
685 672 865 715
440 883 508 1000
630 843 685 1000
630 672 685 843
160 825 248 1000
805 325 1000 407
630 617 943 672
571 617 630 910
571 559 935 617
0 868 160 1000
508 559 571 898
742 407 1000 498
508 498 916 559
440 498 508 883
440 407 742 498
379 407 440 935
379 325 805 407
320 325 379 940
320 269 979 325
694 0 1000 123
248 269 320 991
248 199 1000 269
160 199 248 825
160 123 1000 199
160 0 694 123
0 0 160 868
872 125 878 250
868 750 878 875
849 750 868 875
841 125 872 250
839 375 872 500
839 250 876 375
838 875 877 1000
837 500 880 625
835 0 879 125
834 625 887 750
783 375 839 500
776 625 834 750
774 0 835 125
766 875 838 1000
764 500 837 625
759 250 839 375
758 125 841 250
755 750 849 875
662 250 759 375
651 125 758 250
645 500 764 625
643 375 783 500
621 625 776 750
608 875 766 1000
595 750 755 875
482 125 651 250
471 250 662 375
446 375 643 500
411 500 645 625
361 625 621 750
321 750 595 875
313 875 608 1000
0 875 313 1000
0 750 321 875
0 625 361 750
0 500 411 625
0 375 446 500
0 250 471 375
0 125 482 250
0 0 774 125
895 375 897 500
893 750 898 875
889 375 895 500
887 750 893 875
886 500 899 625
886 250 907 375
885 625 906 750
884 875 907 1000
857 875 884 1000
856 625 885 750
854 375 889 500
850 250 886 375
849 500 886 625
845 750 887 875
800 750 845 875
794 500 849 625
787 875 857 1000
785 625 856 750
782 375 854 500
778 250 850 375
719 750 800 875
703 625 785 750
702 500 794 625
680 375 782 500
674 250 778 375
670 875 787 1000
537 250 674 375
515 375 680 500
492 500 702 625
487 625 703 750
449 750 719 875
370 875 670 1000
0 875 370 1000
0 750 449 875
0 625 487 750
0 500 492 625
0 375 515 500
0 250 537 375
0 125 903 250
0 0 904 125
903 625 906 750
899 250 907 375
882 125 906 250
875 625 903 750
866 250 899 375
863 875 908 1000
861 750 908 875
859 500 910 625
858 375 912 500
854 0 911 125
793 750 861 875
792 250 866 375
775 375 858 500
770 0 854 125
767 500 859 625
766 875 863 1000
766 625 875 750
759 125 882 250
646 250 792 375
628 375 775 500
604 0 770 125
599 500 767 625
592 625 766 750
584 125 759 250
577 750 793 875
546 875 766 1000
413 250 646 375
385 375 628 500
355 500 599 625
340 625 592 750
324 750 577 875
292 875 546 1000
0 875 292 1000
0 750 324 875
0 625 340 750
0 500 355 625
0 375 385 500
0 250 413 375
0 125 584 250
0 0 604 125
863 875 869 1000
863 0 874 125
860 500 877 625
859 625 881 750
858 125 885 250
856 250 883 375
846 375 879 500
829 750 867 875
819 875 863 1000
810 125 858 250
806 625 859 750
803 0 863 125
784 375 846 500
780 500 860 625
776 250 856 375
715 125 810 250
711 625 806 750
704 875 819 1000
702 750 829 875
650 375 784 500
642 250 776 375
639 500 780 625
563 625 711 750
554 125 715 250
536 875 704 1000
533 750 702 875
450 250 642 375
445 375 650 500
430 500 639 625
339 625 563 750
285 750 533 875
271 875 536 1000
0 875 271 1000
0 750 285 875
0 625 339 750
0 500 430 625
0 375 445 500
0 250 450 375
0 125 554 250
0 0 803 125
921 125 926 250
914 875 922 1000
910 125 921 250
909 500 930 625
906 0 929 125
902 375 936 500
902 250 942 375
898 625 941 750
857 375 902 500
850 250 902 375
846 0 906 125
845 500 909 625
845 125 910 250
832 625 898 750
830 750 929 875
810 875 914 1000
748 375 857 500
730 500 845 625
724 250 850 375
718 125 845 250
702 750 830 875
687 625 832 750
682 0 846 125
646 875 810 1000
508 0 682 125
503 125 718 250
502 250 724 375
498 375 748 500
457 500 730 625
405 625 687 750
359 875 646 1000
359 750 702 875
0 875 359 1000
0 750 359 875
0 625 405 750
0 500 457 625
0 375 498 500
0 250 502 375
0 125 503 250
0 0 508 125
933 750 941 875
927 375 936 500
925 625 948 750
920 500 944 625
914 250 942 375
913 0 948 125
892 750 933 875
892 125 935 250
887 875 938 1000
871 625 925 750
869 375 927 500
856 500 920 625
842 0 913 125
811 125 892 250
805 750 892 875
799 875 887 1000
799 250 914 375
722 0 842 125
689 125 811 250
671 250 799 375
667 875 799 1000
657 750 805 875
637 500 856 625
636 375 869 500
626 625 871 750
423 125 689 250
405 250 671 375
367 375 636 500
360 500 637 625
347 625 626 750
342 750 657 875
334 875 667 1000
0 875 334 1000
0 750 342 875
0 625 347 750
0 500 360 625
0 375 367 500
0 250 405 375
0 125 423 250
0 0 722 125
847 750 849 875
846 875 849 1000
844 250 856 375
843 0 857 125
842 375 857 500
832 500 861 625
826 125 856 250
821 625 853 750
814 750 847 875
813 875 846 1000
787 625 821 750
783 500 832 625
782 375 842 500
782 0 843 125
778 250 844 375
742 875 813 1000
742 750 814 875
724 125 826 250
658 0 782 125
655 500 783 625
653 625 787 750
643 250 778 375
640 375 782 500
572 875 742 1000
569 750 742 875
539 125 724 250
443 250 643 375
435 375 640 500
422 500 655 625
416 625 653 750
298 750 569 875
295 875 572 1000
0 875 295 1000
0 750 298 875
0 625 416 750
0 500 422 625
0 375 435 500
0 250 443 375
0 125 539 250
0 0 658 125
995 616 1000 641
391 995 452 1000
0 996 142 1000
978 579 1000 616
516 979 557 1000
933 641 1000 658
979 430 1000 495
977 294 1000 365
648 856 663 1000
663 658 1000 665
648 658 663 856
142 951 207 1000
604 899 648 1000
648 641 933 658
935 218 1000 294
557 885 604 1000
452 878 516 1000
315 892 391 1000
648 616 995 641
604 616 648 899
604 579 978 616
557 579 604 885
890 0 1000 136
516 579 557 979
790 495 1000 579
777 136 1000 218
516 495 790 579
452 495 516 878
452 430 979 495
391 430 452 995
207 658 315 1000
391 365 1000 430
315 365 391 892
315 294 977 365
315 218 935 294
207 218 315 658
142 218 207 951
142 136 777 218
142 0 890 136
0 0 142 996
860 500 861 625
859 750 862 875
856 125 866 250
854 250 868 375
853 875 870 1000
853 625 872 750
824 625 853 750
821 0 861 125
820 500 860 625
815 125 856 250
812 750 859 875
804 875 853 1000
801 250 854 375
795 375 863 500
751 0 821 125
744 500 820 625
743 625 824 750
717 250 801 375
716 875 804 1000
700 375 795 500
694 125 815 250
691 750 812 875
615 500 744 625
603 625 743 750
575 250 717 375
558 875 716 1000
528 750 691 875
483 375 700 500
396 500 615 625
374 625 603 750
293 750 528 875
290 875 558 1000
0 875 290 1000
0 750 293 875
0 625 374 750
0 500 396 625
0 375 483 500
0 250 575 375
0 125 694 250
0 0 751 125
905 0 921 125
897 125 916 250
895 750 921 875
892 500 919 625
892 375 933 500
880 250 925 375
831 375 892 500
830 500 892 625
825 750 895 875
825 125 897 250
824 625 913 750
823 875 920 1000
781 250 880 375
721 750 825 875
717 625 824 750
714 875 823 1000
713 125 825 250
712 500 830 625
710 375 831 500
658 250 781 375
588 500 712 625
585 375 710 500
582 875 714 1000
579 750 721 875
569 625 717 750
563 125 713 250
497 250 658 375
412 375 585 500
408 500 588 625
343 625 569 750
308 750 579 875
297 875 582 1000
0 875 297 1000
0 750 308 875
0 625 343 750
0 500 408 625
0 375 412 500
0 250 497 375
0 125 563 250
0 0 905 125
875 700 880 800
872 800 877 900
872 500 878 600
871 400 882 500
867 100 878 200
863 700 875 800
863 600 900 700
858 900 896 1000
836 200 887 300
818 0 881 100
817 300 886 400
787 400 871 500
778 100 867 200
764 700 863 800
763 600 863 700
760 800 872 900
756 500 872 600
729 900 858 1000
707 200 836 300
686 300 817 400
642 400 787 500
618 600 763 700
573 700 764 800
568 800 760 900
537 500 756 600
506 900 729 1000
391 600 618 700
336 700 573 800
320 800 568 900
254 900 506 1000
0 900 254 1000
0 800 320 900
0 700 336 800
0 600 391 700
0 500 537 600
0 400 642 500
0 300 686 400
0 200 707 300
0 100 778 200
0 0 818 100
825 600 826 700
825 0 830 100
820 200 830 300
812 600 825 700
806 0 825 100
800 700 829 800
799 500 853 600
795 900 879 1000
793 800 884 900
786 400 878 500
777 300 874 400
774 100 875 200
715 200 820 300
653 300 777 400
646 400 786 500
644 800 793 900
634 0 806 100
618 500 799 600
614 900 795 1000
614 700 800 800
613 600 812 700
565 100 774 200
505 200 715 300
442 300 653 400
434 400 646 500
400 500 618 600
394 600 613 700
389 700 614 800
356 800 644 900
318 900 614 1000
0 900 318 1000
0 800 356 900
0 700 389 800
0 600 394 700
0 500 400 600
0 400 434 500
0 300 442 400
0 200 505 300
0 100 565 200
0 0 634 100
835 900 844 1000
828 400 840 500
823 700 836 800
817 500 846 600
816 800 849 900
816 200 850 300
813 300 850 400
795 600 836 700
793 900 835 1000
765 500 817 600
764 400 828 500
751 200 816 300
727 600 795 700
694 400 764 500
689 500 765 600
686 900 793 1000
682 300 813 400
678 800 816 900
676 700 823 800
579 600 727 700
524 300 682 400
519 400 694 500
504 900 686 1000
499 500 689 600
483 700 676 800
481 800 678 900
371 600 579 700
272 700 483 800
266 800 481 900
262 900 504 1000
0 900 262 1000
0 800 266 900
0 700 272 800
0 600 371 700
0 500 499 600
0 400 519 500
0 300 524 400
0 200 751 300
0 100 895 200
0 0 945 100
901 900 912 1000
898 500 910 600
894 100 910 200
882 500 898 600
877 100 894 200
876 900 901 1000
874 300 923 400
856 800 922 900
855 400 926 500
825 200 905 300
823 600 913 700
818 700 909 800
790 500 882 600
778 300 874 400
777 900 876 1000
755 400 855 500
754 800 856 900
674 900 777 1000
652 400 755 500
645 800 754 900
638 500 790 600
636 600 823 700
627 700 818 800
580 300 778 400
451 400 652 500
436 500 638 600
417 600 636 700
407 700 627 800
388 800 645 900
351 900 674 1000
0 900 351 1000
0 800 388 900
0 700 407 800
0 600 417 700
0 500 436 600
0 400 451 500
0 300 580 400
0 200 825 300
0 100 877 200
0 0 909 100
872 700 902 800
871 300 905 400
868 0 902 100
867 600 902 700
855 400 891 500
851 200 888 300
850 500 890 600
825 100 873 200
819 900 875 1000
814 800 872 900
810 0 868 100
807 600 867 700
801 700 872 800
767 200 851 300
757 400 855 500
753 300 871 400
726 500 850 600
697 100 825 200
655 600 807 700
629 700 801 800
616 800 814 900
614 900 819 1000
548 200 767 300
519 300 753 400
518 400 757 500
472 500 726 600
399 600 655 700
372 700 629 800
320 800 616 900
314 900 614 1000
0 900 314 1000
0 800 320 900
0 700 372 800
0 600 399 700
0 500 472 600
0 400 518 500
0 300 519 400
0 200 548 300
0 100 697 200
0 0 810 100
870 100 875 200
869 300 876 400
869 200 884 300
867 600 883 700
850 300 869 400
848 200 869 300
838 100 870 200
835 600 867 700
827 500 871 600
822 900 874 1000
819 400 875 500
816 700 896 800
814 800 902 900
758 200 848 300
723 800 814 900
714 700 816 800
702 900 822 1000
702 500 827 600
700 600 835 700
681 400 819 500
677 100 838 200
671 300 850 400
576 200 758 300
484 300 671 400
479 400 681 500
476 500 702 600
465 600 700 700
441 700 714 800
364 900 702 1000
364 800 723 900
0 900 364 1000
0 800 364 900
0 700 441 800
0 600 465 700
0 500 476 600
0 400 479 500
0 300 484 400
0 200 576 300
0 100 677 200
0 0 905 100
146 998 227 1000
960 608 1000 649
468 954 511 1000
951 392 1000 445
918 498 1000 545
896 649 1000 693
685 866 728 1000
568 883 620 1000
0 951 146 1000
685 693 728 866
511 865 568 1000
854 445 1000 498
907 148 1000 233
685 649 896 693
227 864 299 1000
870 233 1000 309
620 841 685 1000
811 545 1000 608
620 649 685 841
402 807 468 1000
620 608 960 649
568 608 620 883
568 545 811 608
815 309 1000 392
511 545 568 865
511 498 918 545
468 498 511 954
468 445 854 498
846 0 1000 148
402 445 468 807
402 392 951 445
299 682 402 1000
402 309 815 392
299 309 402 682
299 233 870 309
227 233 299 864
227 148 907 233
146 148 227 998
146 0 846 148
0 0 146 951
941 0 945 125
939 750 946 875
938 875 951 1000
934 125 949 250
932 625 950 750
919 375 941 500
908 625 932 750
908 125 934 250
906 0 941 125
902 750 939 875
898 875 938 1000
898 250 968 375
895 500 969 625
833 125 908 250
826 375 919 500
796 500 895 625
790 750 902 875
790 625 908 750
775 250 898 375
771 875 898 1000
695 125 833 250
657 375 826 500
626 500 796 625
612 750 790 875
606 625 790 750
572 875 771 1000
568 250 775 375
438 375 657 500
402 500 626 625
363 625 606 750
355 750 612 875
312 875 572 1000
0 875 312 1000
0 750 355 875
0 625 363 750
0 500 402 625
0 375 438 500
0 250 568 375
0 125 695 250
0 0 906 125
917 625 932 750
916 0 933 125
911 250 943 375
889 375 923 500
885 500 922 625
883 875 929 1000
877 750 929 875
863 0 916 125
861 625 917 750
853 125 923 250
837 250 911 375
815 375 889 500
802 500 885 625
799 875 883 1000
788 750 877 875
771 625 861 750
770 0 863 125
757 125 853 250
726 250 837 375
681 500 802 625
679 375 815 500
655 875 799 1000
620 0 770 125
613 750 788 875
596 625 771 750
572 125 757 250
540 250 726 375
491 375 679 500
488 500 681 625
380 625 596 750
371 750 613 875
358 875 655 1000
0 875 358 1000
0 750 371 875
0 625 380 750
0 500 488 625
0 375 491 500
0 250 540 375
0 125 572 250
0 0 620 125
864 750 865 875
863 250 866 375
861 750 864 875
854 250 863 375
851 125 865 250
846 0 866 125
842 875 867 1000
835 750 861 875
808 0 846 125
807 250 854 375
790 125 851 250
770 750 835 875
762 875 842 1000
758 500 865 625
756 375 865 500
755 625 870 750
685 0 808 125
666 250 807 375
647 125 790 250
625 750 770 875
610 625 755 750
610 375 756 500
595 875 762 1000
589 500 758 625
501 0 685 125
446 125 647 250
441 250 666 375
373 375 610 500
348 500 589 625
340 625 610 750
334 750 625 875
298 875 595 1000
0 875 298 1000
0 750 334 875
0 625 340 750
0 500 348 625
0 375 373 500
0 250 441 375
0 125 446 250
0 0 501 125
866 750 876 875
866 125 889 250
864 625 890 750
864 250 897 375
860 875 894 1000
835 0 870 125
832 375 872 500
828 500 873 625
786 625 864 750
780 875 860 1000
780 125 866 250
779 750 866 875
775 250 864 375
745 0 835 125
738 500 828 625
738 375 832 500
682 750 779 875
675 125 780 250
665 250 775 375
664 625 786 750
655 875 780 1000
605 500 738 625
597 375 738 500
534 750 682 875
512 625 664 750
502 875 655 1000
472 250 665 375
391 375 597 500
390 500 605 625
289 625 512 750
286 750 534 875
251 875 502 1000
0 875 251 1000
0 750 286 875
0 625 289 750
0 500 390 625
0 375 391 500
0 250 472 375
0 125 675 250
0 0 745 125
860 750 863 875
854 875 860 1000
853 375 862 500
851 625 871 750
846 500 866 625
845 250 869 375
841 125 866 250
830 750 860 875
821 875 854 1000
806 250 845 375
796 500 846 625
794 625 851 750
792 375 853 500
769 125 841 250
718 500 796 625
713 625 794 750
705 375 792 500
703 250 806 375
699 750 830 875
687 875 821 1000
633 125 769 250
567 375 705 500
561 250 703 375
551 500 718 625
541 625 713 750
511 875 687 1000
503 750 699 875
367 375 567 500
342 500 551 625
319 625 541 750
274 750 503 875
262 875 511 1000
0 875 262 1000
0 750 274 875
0 625 319 750
0 500 342 625
0 375 367 500
0 250 561 375
0 125 633 250
0 0 861 125
891 750 892 875
891 125 894 250
878 625 893 750
876 375 892 500
874 125 891 250
872 500 892 625
872 250 894 375
871 0 907 125
841 750 891 875
838 875 894 1000
815 250 872 375
813 500 872 625
804 0 871 125
803 125 874 250
798 625 878 750
795 375 876 500
754 875 838 1000
754 750 841 875
716 250 815 375
695 375 795 500
671 0 804 125
668 500 813 625
636 125 803 250
629 625 798 750
580 875 754 1000
570 750 754 875
531 250 716 375
497 375 695 500
469 500 668 625
409 625 629 750
331 750 570 875
328 875 580 1000
0 875 328 1000
0 750 331 875
0 625 409 750
0 500 469 625
0 375 497 500
0 250 531 375
0 125 636 250
0 0 671 125
865 500 877 625
852 500 865 625
852 0 875 125
850 750 875 875
848 375 874 500
848 125 889 250
847 875 889 1000
846 625 893 750
842 250 890 375
794 125 848 250
789 875 847 1000
786 625 846 750
784 750 850 875
783 0 852 125
782 500 852 625
777 375 848 500
769 250 842 375
717 125 794 250
701 0 783 125
696 500 782 625
682 375 777 500
673 250 769 375
605 750 784 875
604 625 786 750
602 875 789 1000
527 125 717 250
471 250 673 375
462 375 682 500
447 500 696 625
330 625 604 750
319 750 605 875
312 875 602 1000
0 875 312 1000
0 750 319 875
0 625 330 750
0 500 447 625
0 375 462 500
0 250 471 375
0 125 527 250
0 0 701 125
987 636 1000 672
989 465 1000 520
979 117 1000 184
723 736 733 1000
955 263 1000 322
143 959 213 1000
935 520 1000 580
378 922 442 1000
676 890 723 1000
537 885 596 1000
869 580 1000 636
0 941 143 1000
723 704 1000 736
676 704 723 890
879 184 1000 263
676 672 1000 704
676 636 987 672
213 837 293 1000
596 825 676 1000
596 636 676 825
596 580 869 636
860 0 1000 117
537 580 596 885
442 766 537 1000
537 520 935 580
293 708 378 1000
537 465 989 520
708 372 1000 465
442 465 537 766
378 465 442 922
378 372 708 465
378 322 1000 372
293 322 378 708
293 263 955 322
213 263 293 837
213 184 879 263
143 184 213 959
143 117 979 184
143 0 860 117
0 0 143 941
