969 125 972 250
967 500 971 625
963 500 967 625
963 250 970 375
950 125 969 250
940 250 963 375
932 500 963 625
931 375 978 500
930 0 978 125
927 750 975 875
926 875 986 1000
926 625 989 750
886 125 950 250
872 250 940 375
854 500 932 625
852 375 931 500
847 875 926 1000
846 625 926 750
843 0 930 125
837 750 927 875
789 125 886 250
754 375 852 500
752 500 854 625
750 250 872 375
723 875 847 1000
720 625 846 750
707 750 837 875
656 125 789 250
613 250 750 375
607 500 752 625
605 375 754 500
573 875 723 1000
567 625 720 750
552 750 707 875
497 125 656 250
387 250 613 375
372 375 605 500
361 500 607 625
320 625 567 750
299 750 552 875
297 875 573 1000
0 875 297 1000
0 750 299 875
0 625 320 750
0 500 361 625
0 375 372 500
0 250 387 375
0 125 497 250
0 0 843 125
981 0 988 125
980 125 988 250
971 125 980 250
971 0 981 125
968 625 984 750
967 250 983 375
965 875 985 1000
965 375 989 500
964 750 991 875
950 500 983 625
934 0 971 125
933 125 971 250
909 875 965 1000
902 750 964 875
901 625 968 750
899 250 967 375
896 375 965 500
880 500 950 625
862 125 933 250
862 0 934 125
824 875 909 1000
817 750 902 875
812 250 899 375
809 625 901 750
782 500 880 625
775 375 896 500
741 0 862 125
721 125 862 250
641 500 782 625
633 375 775 500
631 250 812 375
623 625 809 750
616 750 817 875
610 875 824 1000
501 125 721 250
397 250 631 375
378 375 633 500
376 500 641 625
349 625 623 750
339 750 616 875
326 875 610 1000
0 875 326 1000
0 750 339 875
0 625 349 750
0 500 376 625
0 375 378 500
0 250 397 375
0 125 501 250
0 0 741 125
985 0 998 125
982 500 997 625
964 375 990 500
959 0 985 125
958 125 985 250
953 500 982 625
951 875 990 1000
949 625 992 750
947 250 992 375
945 750 991 875
911 125 958 250
900 625 949 750
897 250 947 375
894 750 945 875
894 500 953 625
892 875 951 1000
890 0 959 125
889 375 964 500
825 125 911 250
806 750 894 875
799 375 889 500
795 625 900 750
791 250 897 375
786 500 894 625
772 0 890 125
771 875 892 1000
694 125 825 250
651 250 791 375
645 500 786 625
643 625 795 750
640 375 799 500
605 0 772 125
590 750 806 875
547 875 771 1000
461 125 694 250
401 250 651 375
381 375 640 500
378 625 643 750
378 500 645 625
319 750 590 875
274 875 547 1000
0 875 274 1000
0 750 319 875
0 625 378 750
0 500 378 625
0 375 381 500
0 250 401 375
0 125 461 250
0 0 605 125
972 875 977 1000
966 875 972 1000
965 500 973 625
956 500 965 625
951 875 966 1000
948 250 983 375
948 0 984 125
945 375 990 500
942 750 990 875
941 625 991 750
933 125 993 250
880 625 941 750
877 750 942 875
876 250 948 375
872 375 945 500
871 875 951 1000
869 500 956 625
859 0 948 125
842 125 933 250
785 750 877 875
773 375 872 500
768 500 869 625
765 875 871 1000
764 625 880 750
757 250 876 375
715 0 859 125
697 125 842 250
606 250 757 375
600 625 764 750
591 500 768 625
583 875 765 1000
581 375 773 500
579 750 785 875
508 0 715 125
467 125 697 250
375 250 606 375
344 375 581 500
343 500 591 625
341 625 600 750
311 750 579 875
298 875 583 1000
0 875 298 1000
0 750 311 875
0 625 341 750
0 500 343 625
0 375 344 500
0 250 375 375
0 125 467 250
0 0 508 125
979 0 982 125
978 500 982 625
973 500 978 625
969 875 982 1000
969 625 985 750
969 250 987 375
951 875 969 1000
949 250 969 375
948 625 969 750
947 0 979 125
946 750 982 875
943 125 991 250
939 375 988 500
923 500 973 625
889 125 943 250
884 375 939 500
882 0 947 125
881 250 949 375
878 750 946 875
876 625 948 750
875 875 951 1000
844 500 923 625
799 750 878 875
789 875 875 1000
787 625 876 750
757 0 882 125
748 125 889 250
737 250 881 375
702 375 884 500
662 500 844 625
604 625 787 750
597 875 789 1000
597 750 799 875
548 0 757 125
534 125 748 250
511 250 737 375
476 375 702 500
384 500 662 625
314 625 604 750
301 750 597 875
299 875 597 1000
0 875 299 1000
0 750 301 875
0 625 314 750
0 500 384 625
0 375 476 500
0 250 511 375
0 125 534 250
0 0 548 125
971 250 974 375
970 500 974 625
964 0 981 125
953 250 971 375
950 500 970 625
949 750 972 875
949 125 977 250
945 875 979 1000
942 375 977 500
941 625 985 750
891 625 941 750
890 375 942 500
889 875 945 1000
889 750 949 875
889 250 953 375
886 0 964 125
870 500 950 625
869 125 949 250
790 500 870 625
784 125 869 250
782 250 889 375
781 625 891 750
777 375 890 500
771 0 886 125
764 875 889 1000
758 750 889 875
646 250 782 375
636 125 784 250
624 625 781 750
624 500 790 625
610 375 777 500
574 750 758 875
574 0 771 125
551 875 764 1000
421 125 636 250
406 250 646 375
367 375 610 500
355 500 624 625
352 625 624 750
302 750 574 875
276 875 551 1000
0 875 276 1000
0 750 302 875
0 625 352 750
0 500 355 625
0 375 367 500
0 250 406 375
0 125 421 250
0 0 574 125
965 375 967 500
964 0 980 125
961 500 985 625
947 625 974 750
946 750 976 875
945 875 978 1000
943 125 983 250
942 250 986 375
916 375 965 500
910 500 961 625
891 125 943 250
890 875 945 1000
889 750 946 875
889 625 947 750
883 250 942 375
856 375 916 500
825 125 891 250
822 875 890 1000
820 750 889 875
820 625 889 750
816 500 910 625
789 250 883 375
757 375 856 500
720 625 820 750
719 750 820 875
715 500 816 625
713 125 825 250
703 875 822 1000
667 250 789 375
634 375 757 500
595 750 719 875
575 875 703 1000
575 625 720 750
558 500 715 625
531 125 713 250
482 250 667 375
446 375 634 500
369 500 558 625
361 625 575 750
341 750 595 875
299 875 575 1000
0 875 299 1000
0 750 341 875
0 625 361 750
0 500 369 625
0 375 446 500
0 250 482 375
0 125 531 250
0 0 964 125
963 250 964 375
958 250 963 375
956 625 963 750
955 500 973 625
951 375 986 500
949 750 985 875
944 0 980 125
943 875 988 1000
941 125 990 250
892 125 941 250
890 0 944 125
889 875 943 1000
888 250 958 375
886 625 956 750
884 500 955 625
880 375 951 500
876 750 949 875
816 125 892 250
813 875 889 1000
812 0 890 125
790 750 876 875
790 375 880 500
789 250 888 375
787 625 886 750
784 500 884 625
709 0 812 125
659 750 790 875
652 625 787 750
646 875 813 1000
644 125 816 250
614 250 789 375
606 375 790 500
600 500 784 625
524 0 709 125
458 125 644 250
411 250 614 375
379 375 606 500
367 500 600 625
366 625 652 750
358 750 659 875
333 875 646 1000
0 875 333 1000
0 750 358 875
0 625 366 750
0 500 367 625
0 375 379 500
0 250 411 375
0 125 458 250
0 0 524 125
989 125 992 250
988 750 991 875
988 250 993 375
979 750 988 875
967 250 988 375
966 875 989 1000
962 500 993 625
960 625 992 750
957 375 993 500
951 125 989 250
951 0 993 125
925 250 967 375
916 625 960 750
912 375 957 500
909 500 962 625
908 875 966 1000
908 750 979 875
876 0 951 125
869 125 951 250
841 250 925 375
815 375 912 500
800 500 909 625
799 750 908 875
795 625 916 750
778 875 908 1000
734 0 876 125
719 125 869 250
689 250 841 375
659 375 815 500
617 625 795 750
617 500 800 625
602 750 799 875
572 875 778 1000
519 0 734 125
501 125 719 250
444 250 689 375
410 375 659 500
355 500 617 625
350 625 617 750
328 750 602 875
295 875 572 1000
0 875 295 1000
0 750 328 875
0 625 350 750
0 500 355 625
0 375 410 500
0 250 444 375
0 125 501 250
0 0 519 125
972 250 975 375
971 125 976 250
971 0 977 125
965 0 971 125
961 625 972 750
953 0 965 125
948 625 961 750
948 125 971 250
947 250 972 375
945 500 973 625
944 875 974 1000
942 750 975 875
941 375 979 500
901 875 944 1000
896 750 942 875
894 375 941 500
890 625 948 750
885 125 948 250
882 250 947 375
879 500 945 625
879 0 953 125
814 625 890 750
804 250 882 375
798 500 879 625
797 125 885 250
793 375 894 500
789 750 896 875
787 875 901 1000
698 625 814 750
675 375 793 500
659 750 789 875
655 250 804 375
645 500 798 625
633 875 787 1000
627 125 797 250
481 250 655 375
461 375 675 500
401 500 645 625
393 625 698 750
353 750 659 875
326 875 633 1000
0 875 326 1000
0 750 353 875
0 625 393 750
0 500 401 625
0 375 461 500
0 250 481 375
0 125 627 250
0 0 879 125
990 875 993 1000
990 750 993 875
989 375 995 500
983 750 990 875
980 875 990 1000
979 250 992 375
975 625 991 750
974 500 992 625
965 750 983 875
958 125 992 250
953 0 994 125
946 375 989 500
927 625 975 750
925 250 979 375
920 500 974 625
918 875 980 1000
896 125 958 250
863 625 927 750
854 250 925 375
846 875 918 1000
845 500 920 625
845 375 946 500
845 0 953 125
844 750 965 875
766 125 896 250
733 625 863 750
710 500 845 625
705 750 844 875
705 375 845 500
705 250 854 375
695 875 846 1000
612 125 766 250
567 625 733 750
538 750 705 875
511 875 695 1000
508 250 705 375
492 375 705 500
482 500 710 625
328 625 567 750
290 750 538 875
259 875 511 1000
0 875 259 1000
0 750 290 875
0 625 328 750
0 500 482 625
0 375 492 500
0 250 508 375
0 125 612 250
0 0 845 125
981 125 986 250
974 125 981 250
971 750 982 875
970 500 985 625
970 375 989 500
964 250 983 375
951 125 974 250
945 375 970 500
942 750 971 875
939 500 970 625
938 875 987 1000
936 0 986 125
933 625 994 750
874 0 936 125
871 875 938 1000
866 625 933 750
865 500 939 625
864 750 942 875
862 375 945 500
861 125 951 250
850 250 964 375
743 125 861 250
740 375 862 500
739 500 865 625
737 0 874 125
734 875 871 1000
724 750 864 875
724 625 866 750
707 250 850 375
596 375 740 500
592 500 739 625
584 875 734 1000
572 750 724 875
543 625 724 750
529 125 743 250
488 250 707 375
372 375 596 500
366 500 592 625
303 625 543 750
300 750 572 875
293 875 584 1000
0 875 293 1000
0 750 300 875
0 625 303 750
0 500 366 625
0 375 372 500
0 250 488 375
0 125 529 250
0 0 737 125
959 875 973 1000
956 750 974 875
956 500 983 625
952 250 981 375
948 125 979 250
947 625 979 750
926 0 966 125
918 875 959 1000
905 125 948 250
904 625 947 750
903 250 952 375
902 750 956 875
902 500 956 625
902 375 966 500
837 250 903 375
834 125 905 250
830 375 902 500
829 750 902 875
828 625 904 750
826 875 918 1000
826 0 926 125
796 500 902 625
719 875 826 1000
719 750 829 875
718 625 828 750
701 0 826 125
690 125 834 250
685 250 837 375
671 375 830 500
635 500 796 625
548 750 719 875
538 625 718 750
527 875 719 1000
504 0 701 125
484 125 690 250
478 250 685 375
449 375 671 500
407 500 635 625
305 625 538 750
301 750 548 875
274 875 527 1000
0 875 274 1000
0 750 301 875
0 625 305 750
0 500 407 625
0 375 449 500
0 250 478 375
0 125 484 250
0 0 504 125
977 750 983 875
970 0 978 125
967 375 982 500
964 500 980 625
964 250 986 375
963 625 985 750
955 875 977 1000
954 750 977 875
946 0 970 125
920 750 954 875
909 0 946 125
908 875 955 1000
906 625 963 750
906 375 967 500
901 250 964 375
897 500 964 625
896 125 983 250
808 250 901 375
801 125 896 250
798 500 897 625
798 375 906 500
797 625 906 750
793 875 908 1000
789 750 920 875
777 0 909 125
643 0 777 125
639 125 801 250
636 250 808 375
625 375 798 500
623 625 797 750
620 500 798 625
606 875 793 1000
592 750 789 875
423 0 643 125
418 125 639 250
405 250 636 375
393 375 625 500
381 500 620 625
375 625 623 750
335 750 592 875
306 875 606 1000
0 875 306 1000
0 750 335 875
0 625 375 750
0 500 381 625
0 375 393 500
0 250 405 375
0 125 418 250
0 0 423 125
979 875 986 1000
974 0 982 125
971 625 982 750
969 750 985 875
968 250 986 375
963 375 981 500
953 875 979 1000
949 125 983 250
948 500 982 625
939 0 974 125
929 750 969 875
929 625 971 750
923 250 968 375
918 375 963 500
907 875 953 1000
893 125 949 250
886 500 948 625
875 0 939 125
855 625 929 750
851 750 929 875
843 250 923 375
835 375 918 500
800 500 886 625
799 875 907 1000
785 125 893 250
740 750 851 875
734 625 855 750
719 250 843 375
710 375 835 500
658 125 785 250
656 875 799 1000
655 500 800 625
587 750 740 875
575 625 734 750
549 250 719 375
533 375 710 500
461 875 656 1000
457 500 655 625
372 625 575 750
367 750 587 875
232 875 461 1000
0 875 232 1000
0 750 367 875
0 625 372 750
0 500 457 625
0 375 533 500
0 250 549 375
0 125 658 250
0 0 875 125
981 0 992 100
976 600 987 700
971 100 984 200
970 400 984 500
969 700 989 800
967 900 988 1000
966 800 987 900
956 0 981 100
943 400 970 500
943 100 971 200
940 600 976 700
940 500 983 600
937 300 985 400
936 200 985 300
876 600 940 700
875 500 940 600
872 400 943 500
872 100 943 200
868 800 966 900
864 700 969 800
851 900 967 1000
839 0 956 100
813 200 936 300
789 300 937 400
721 400 872 500
692 700 864 800
691 500 875 600
686 600 876 700
680 100 872 200
652 900 851 1000
652 800 868 900
584 200 813 300
558 300 789 400
487 400 721 500
448 500 691 600
404 600 686 700
395 700 692 800
343 800 652 900
340 900 652 1000
0 900 340 1000
0 800 343 900
0 700 395 800
0 600 404 700
0 500 448 600
0 400 487 500
0 300 558 400
0 200 584 300
0 100 680 200
0 0 839 100
977 500 988 600
975 900 988 1000
971 0 985 100
970 600 987 700
966 800 990 900
954 400 992 500
938 700 977 800
932 900 975 1000
910 400 954 500
921 800 966 900
932 300 983 400
919 200 978 300
911 600 970 700
911 100 980 200
896 0 971 100
894 500 977 600
806 0 896 100
799 100 911 200
798 600 911 700
797 800 921 900
794 900 932 1000
793 700 938 800
768 200 919 300
775 300 932 400
750 400 910 500
729 500 894 600
617 700 793 800
612 100 799 200
593 900 794 1000
592 800 797 900
588 600 798 700
556 200 768 300
527 400 750 500
540 300 775 400
491 500 729 600
349 600 588 700
344 700 617 800
318 800 592 900
297 900 593 1000
0 900 297 1000
0 800 318 900
0 700 344 800
0 600 349 700
0 500 491 600
0 400 527 500
0 300 540 400
0 200 556 300
0 100 612 200
0 0 806 100
969 400 971 500
964 400 969 500
964 300 971 400
964 0 974 100
961 200 977 300
960 100 979 200
958 600 984 700
955 800 983 900
955 500 985 600
948 700 981 800
939 900 994 1000
899 200 961 300
886 400 964 500
877 300 964 400
865 500 955 600
861 600 958 700
857 800 955 900
839 900 939 1000
839 700 948 800
827 0 964 100
818 100 960 200
752 200 899 300
712 400 886 500
696 300 877 400
682 500 865 600
653 700 839 800
651 900 839 1000
648 600 861 700
640 800 857 900
603 0 827 100
591 100 818 200
525 200 752 300
459 300 696 400
451 400 712 500
411 500 682 600
372 600 648 700
366 700 653 800
347 800 640 900
339 900 651 1000
0 900 339 1000
0 800 347 900
0 700 366 800
0 600 372 700
0 500 411 600
0 400 451 500
0 300 459 400
0 200 525 300
0 100 591 200
0 0 603 100
972 300 975 400
965 200 974 300
963 500 973 600
961 300 972 400
954 400 979 500
951 0 983 100
949 700 982 800
943 900 977 1000
937 800 974 900
936 100 976 200
933 600 975 700
918 200 965 300
915 500 963 600
912 300 961 400
895 700 949 800
889 400 954 500
885 0 951 100
861 900 943 1000
854 800 937 900
852 100 936 200
844 600 933 700
799 400 889 500
796 700 895 800
794 500 915 600
793 200 918 300
780 300 912 400
724 900 861 1000
714 800 854 900
712 100 852 200
702 600 844 700
646 700 796 800
616 200 793 300
602 300 780 400
601 400 799 500
551 500 794 600
445 600 702 700
373 700 646 800
368 800 714 900
365 900 724 1000
0 900 365 1000
0 800 368 900
0 700 373 800
0 600 445 700
0 500 551 600
0 400 601 500
0 300 602 400
0 200 616 300
0 100 712 200
0 0 885 100
979 500 984 600
978 800 985 900
976 200 988 300
970 600 986 700
969 400 986 500
969 300 987 400
957 900 979 1000
950 100 999 200
930 500 979 600
898 100 950 200
922 200 976 300
928 0 987 100
895 900 957 1000
894 300 969 400
891 600 970 700
886 400 969 500
882 800 978 900
879 700 979 800
818 200 922 300
817 500 930 600
766 800 882 900
765 300 894 400
749 700 879 800
747 600 891 700
740 900 895 1000
729 400 886 500
660 500 817 600
657 200 818 300
585 600 747 700
583 700 749 800
573 300 765 400
556 800 766 900
528 900 740 1000
515 400 729 500
445 500 660 600
359 700 583 800
359 600 585 700
313 800 556 900
273 900 528 1000
0 900 273 1000
0 800 313 900
0 700 359 800
0 600 359 700
0 500 445 600
0 400 515 500
0 300 573 400
0 200 657 300
0 100 898 200
0 0 928 100
967 200 969 300
965 100 979 200
965 0 979 100
962 300 980 400
961 900 980 1000
961 800 990 900
961 500 994 600
954 400 988 500
935 600 976 700
929 700 972 800
917 800 961 900
909 400 954 500
906 900 961 1000
906 300 962 400
906 0 965 100
902 200 967 300
899 100 965 200
892 500 961 600
865 600 935 700
853 700 929 800
838 800 917 900
829 400 909 500
810 200 902 300
808 900 906 1000
794 300 906 400
779 100 899 200
765 500 892 600
723 600 865 700
705 700 853 800
657 800 838 900
625 200 810 300
608 300 794 400
605 400 829 500
576 900 808 1000
532 500 765 600
485 600 723 700
446 700 705 800
375 800 657 900
290 900 576 1000
0 900 290 1000
0 800 375 900
0 700 446 800
0 600 485 700
0 500 532 600
0 400 605 500
0 300 608 400
0 200 625 300
0 100 779 200
0 0 906 100
981 0 990 100
979 300 991 400
971 200 985 300
967 700 985 800
966 900 989 1000
962 800 996 900
961 100 996 200
960 600 995 700
960 500 997 600
943 400 986 500
915 500 960 600
914 600 960 700
914 100 961 200
913 900 966 1000
911 200 971 300
906 700 967 800
900 800 962 900
874 400 943 500
904 300 979 400
829 700 906 800
827 200 911 300
815 800 900 900
816 300 904 400
775 400 874 500
789 900 913 1000
761 100 914 200
750 600 914 700
748 500 915 600
658 200 827 300
641 700 829 800
618 800 815 900
571 900 789 1000
542 400 775 500
567 300 816 400
495 500 748 600
488 600 750 700
371 700 641 800
344 800 618 900
286 900 571 1000
0 900 286 1000
0 800 344 900
0 700 371 800
0 600 488 700
0 500 495 600
0 400 542 500
0 300 567 400
0 200 658 300
0 100 761 200
0 0 981 100
979 600 980 700
976 800 980 900
974 900 983 1000
971 0 981 100
968 500 982 600
967 200 982 300
946 200 967 300
940 500 968 600
939 700 982 800
934 300 980 400
932 600 979 700
927 100 980 200
916 0 971 100
915 900 974 1000
912 800 976 900
912 400 983 500
862 700 939 800
860 200 946 300
854 500 940 600
846 300 934 400
843 600 932 700
818 800 912 900
809 900 915 1000
807 0 916 100
805 100 927 200
789 400 912 500
730 500 854 600
708 600 843 700
693 200 860 300
675 700 862 800
649 300 846 400
618 800 818 900
587 400 789 500
577 900 809 1000
491 500 730 600
461 600 708 700
424 700 675 800
354 800 618 900
289 900 577 1000
0 900 289 1000
0 800 354 900
0 700 424 800
0 600 461 700
0 500 491 600
0 400 587 500
0 300 649 400
0 200 693 300
0 100 805 200
0 0 807 100
967 700 969 800
964 200 973 300
963 100 972 200
963 0 974 100
962 900 991 1000
959 300 994 400
950 500 986 600
939 800 980 900
932 400 974 500
931 600 975 700
910 100 963 200
909 200 964 300
890 0 963 100
889 700 967 800
882 900 962 1000
879 300 959 400
858 800 939 900
851 400 932 500
849 600 931 700
846 500 950 600
791 200 909 300
791 100 910 200
753 300 879 400
708 500 846 600
704 400 851 500
697 600 849 700
696 800 858 900
694 0 890 100
692 700 889 800
676 900 882 1000
581 100 791 200
566 200 791 300
525 300 753 400
450 400 704 500
404 500 708 600
386 600 697 700
371 700 692 800
367 800 696 900
345 900 676 1000
0 900 345 1000
0 800 367 900
0 700 371 800
0 600 386 700
0 500 404 600
0 400 450 500
0 300 525 400
0 200 566 300
0 100 581 200
0 0 694 100
