839 100 841 200
823 700 842 800
822 800 850 900
820 900 848 1000
820 400 849 500
819 500 852 600
816 600 851 700
809 300 845 400
809 200 850 300
768 200 809 300
765 300 809 400
761 600 816 700
757 500 819 600
757 400 820 500
756 800 822 900
753 900 820 1000
752 700 823 800
693 300 765 400
683 500 757 600
681 200 768 300
672 600 761 700
662 700 752 800
659 900 753 1000
658 800 756 900
656 400 757 500
590 300 693 400
543 400 656 500
540 900 659 1000
533 200 681 300
531 500 683 600
504 800 658 900
501 700 662 800
497 600 672 700
410 300 590 400
361 400 543 500
349 500 531 600
314 600 497 700
299 700 501 800
288 800 504 900
282 900 540 1000
0 900 282 1000
0 800 288 900
0 700 299 800
0 600 314 700
0 500 349 600
0 400 361 500
0 300 410 400
0 200 533 300
0 100 839 200
0 0 968 100
757 332 760 415
755 747 769 830
752 913 777 996
752 249 783 332
748 581 784 664
737 166 773 249
735 830 779 913
725 415 772 498
718 498 767 581
710 0 760 83
696 581 748 664
679 830 735 913
679 166 737 249
671 913 752 996
671 249 752 332
670 664 760 747
665 747 755 830
665 83 758 166
661 332 757 415
627 415 725 498
616 498 718 581
597 0 710 83
581 581 696 664
539 913 671 996
533 83 665 166
529 747 665 830
528 830 679 913
519 664 670 747
504 166 679 249
488 249 671 332
469 332 661 415
425 415 627 498
404 498 616 581
367 581 581 664
299 664 519 747
288 747 529 830
281 830 528 913
274 913 539 996
0 913 274 996
0 830 281 913
0 747 288 830
0 664 299 747
0 581 367 664
0 498 404 581
0 415 425 498
0 332 469 415
0 249 488 332
0 166 504 249
0 83 533 166
0 0 597 83
788 249 806 332
787 913 807 996
786 415 809 498
784 83 810 166
781 498 814 581
753 166 790 249
750 249 788 332
745 83 784 166
741 332 790 415
736 415 786 498
725 498 781 581
723 913 787 996
719 581 789 664
712 664 789 747
711 830 797 913
711 747 823 830
635 166 753 249
631 249 750 332
624 83 745 166
604 415 736 498
597 332 741 415
580 498 725 581
569 581 719 664
559 747 711 830
557 664 712 747
556 830 711 913
552 913 723 996
444 83 624 166
434 166 635 249
416 249 631 332
378 332 597 415
373 415 604 498
340 498 580 581
323 581 569 664
307 664 557 747
295 747 559 830
288 830 556 913
277 913 552 996
0 913 277 996
0 830 288 913
0 747 295 830
0 664 307 747
0 581 323 664
0 498 340 581
0 415 373 498
0 332 378 415
0 249 416 332
0 166 434 249
0 83 444 166
0 0 982 83
877 83 878 166
876 830 881 913
876 0 883 83
875 415 887 498
863 830 876 913
862 415 875 498
859 83 877 166
857 498 878 581
857 249 881 332
855 913 880 996
854 332 900 415
851 166 899 249
846 664 899 747
842 747 895 830
840 581 894 664
799 83 859 166
793 913 855 996
788 166 851 249
787 332 854 415
787 249 857 332
785 830 863 913
775 498 857 581
772 415 862 498
739 581 840 664
736 747 842 830
731 664 846 747
710 0 876 83
633 83 799 166
611 166 788 249
598 249 787 332
591 332 787 415
563 415 772 498
562 498 775 581
470 581 739 664
460 664 731 747
448 747 736 830
442 830 785 913
433 913 793 996
0 913 433 996
0 830 442 913
0 747 448 830
0 664 460 747
0 581 470 664
0 498 562 581
0 415 563 498
0 332 591 415
0 249 598 332
0 166 611 249
0 83 633 166
0 0 710 83
862 0 865 83
861 664 867 747
859 830 865 913
854 664 861 747
843 332 864 415
843 83 878 166
840 166 879 249
830 498 870 581
820 0 862 83
819 249 863 332
808 830 859 913
808 747 863 830
807 415 872 498
805 581 870 664
803 913 870 996
768 83 843 166
741 249 819 332
741 166 840 249
683 581 805 664
677 913 803 996
673 415 807 498
672 747 808 830
667 830 808 913
667 498 830 581
667 332 843 415
661 664 854 747
626 0 820 83
553 83 768 166
504 249 741 332
504 166 741 249
419 332 667 415
417 415 673 498
411 498 667 581
402 581 683 664
372 664 661 747
371 747 672 830
353 830 667 913
344 913 677 996
0 913 344 996
0 830 353 913
0 747 371 830
0 664 372 747
0 581 402 664
0 498 411 581
0 415 417 498
0 332 419 415
0 249 504 332
0 166 504 249
0 83 553 166
0 0 626 83
698 83 702 166
695 498 704 581
694 664 710 747
693 913 715 996
693 830 718 913
693 166 721 249
691 332 722 415
690 747 723 830
689 249 723 332
671 415 709 498
660 581 699 664
654 498 695 581
649 830 693 913
644 249 689 332
643 747 690 830
639 166 693 249
633 332 691 415
631 913 693 996
631 664 694 747
631 83 698 166
583 498 654 581
583 415 671 498
566 581 660 664
552 830 649 913
538 747 643 830
526 83 631 166
521 664 631 747
519 166 639 249
514 249 644 332
493 332 633 415
485 913 631 996
436 415 583 498
417 498 583 581
395 581 566 664
345 664 521 747
339 747 538 830
335 830 552 913
250 913 485 996
0 913 250 996
0 830 335 913
0 747 339 830
0 664 345 747
0 581 395 664
0 498 417 581
0 415 436 498
0 332 493 415
0 249 514 332
0 166 519 249
0 83 526 166
0 0 898 83
759 83 763 166
758 581 762 664
753 664 761 747
751 415 764 498
751 0 767 83
749 913 768 996
747 332 771 415
747 249 779 332
743 747 776 830
743 166 782 249
726 498 770 581
706 0 751 83
697 747 743 830
696 166 743 249
695 249 747 332
694 332 747 415
693 664 753 747
688 913 749 996
679 415 751 498
677 581 758 664
676 83 759 166
674 830 760 913
634 498 726 581
590 166 696 249
569 581 677 664
565 664 693 747
563 747 697 830
558 249 695 332
555 332 694 415
512 830 674 913
500 913 688 996
478 415 679 498
418 498 634 581
340 581 569 664
336 664 565 747
327 747 563 830
269 830 512 913
257 913 500 996
0 913 257 996
0 830 269 913
0 747 327 830
0 664 336 747
0 581 340 664
0 498 418 581
0 415 478 498
0 332 555 415
0 249 558 332
0 166 590 249
0 83 676 166
0 0 706 83
767 664 770 747
763 498 770 581
761 332 771 415
760 581 778 664
757 83 778 166
745 664 767 747
745 415 780 498
742 830 781 913
735 249 779 332
715 581 760 664
714 498 763 581
712 332 761 415
690 830 742 913
690 664 745 747
686 415 745 498
686 83 757 166
681 913 768 996
681 747 778 830
680 166 779 249
622 249 735 332
568 415 686 498
568 332 712 415
564 498 714 581
563 581 715 664
537 830 690 913
536 664 690 747
526 166 680 249
524 747 681 830
511 913 681 996
447 249 622 332
388 332 568 415
377 415 568 498
373 498 564 581
367 581 563 664
335 664 536 747
311 747 524 830
305 830 537 913
267 913 511 996
0 913 267 996
0 830 305 913
0 747 311 830
0 664 335 747
0 581 367 664
0 498 373 581
0 415 377 498
0 332 388 415
0 249 447 332
0 166 526 249
0 83 686 166
0 0 863 83
706 415 707 498
705 83 713 166
702 581 713 664
701 830 714 913
699 664 717 747
697 913 725 996
686 332 723 415
684 747 723 830
668 0 708 83
665 415 706 498
664 83 705 166
663 498 707 581
661 166 707 249
644 913 697 996
644 664 699 747
644 581 702 664
642 830 701 913
636 249 710 332
591 332 686 415
569 0 668 83
561 498 663 581
556 415 665 498
551 83 664 166
528 581 644 664
525 664 644 747
513 913 644 996
508 830 642 913
502 747 684 830
479 166 661 249
447 249 636 332
386 332 591 415
349 415 556 498
346 498 561 581
308 664 525 747
308 581 528 664
279 747 502 830
271 830 508 913
270 913 513 996
0 913 270 996
0 830 271 913
0 747 279 830
0 664 308 747
0 581 308 664
0 498 346 581
0 415 349 498
0 332 386 415
0 249 447 332
0 166 479 249
0 83 551 166
0 0 569 83
812 664 821 747
812 249 824 332
809 913 830 996
809 747 832 830
809 166 850 249
767 913 809 996
761 166 809 249
752 249 812 332
748 664 812 747
745 747 809 830
744 581 816 664
739 830 816 913
739 498 817 581
738 332 823 415
732 415 818 498
726 83 813 166
678 913 767 996
657 166 761 249
645 249 752 332
630 332 738 415
620 415 732 498
612 498 739 581
610 581 744 664
607 664 748 747
595 830 739 913
594 747 745 830
574 83 726 166
517 913 678 996
490 166 657 249
456 249 645 332
439 332 630 415
421 415 620 498
405 498 612 581
395 581 610 664
389 664 607 747
373 747 594 830
360 830 595 913
266 913 517 996
0 913 266 996
0 830 360 913
0 747 373 830
0 664 389 747
0 581 395 664
0 498 405 581
0 415 421 498
0 332 439 415
0 249 456 332
0 166 490 249
0 83 574 166
0 0 991 83
866 249 872 332
866 166 881 249
863 747 878 830
861 581 887 664
861 83 890 166
859 830 895 913
823 747 863 830
821 83 861 166
818 830 859 913
818 581 861 664
818 415 867 498
816 498 866 581
815 332 868 415
806 249 866 332
803 166 866 249
799 664 877 747
796 913 880 996
782 0 867 83
719 249 806 332
706 83 821 166
700 332 815 415
682 664 799 747
674 581 818 664
667 498 816 581
662 415 818 498
647 830 818 913
647 747 823 830
607 913 796 996
596 166 803 249
500 249 719 332
480 332 700 415
441 415 662 498
434 498 667 581
419 581 674 664
405 664 682 747
367 747 647 830
359 830 647 913
314 913 607 996
0 913 314 996
0 830 359 913
0 747 367 830
0 664 405 747
0 581 419 664
0 498 434 581
0 415 441 498
0 332 480 415
0 249 500 332
0 166 596 249
0 83 706 166
0 0 782 83
813 249 814 332
812 747 823 830
808 830 820 913
805 581 819 664
805 498 821 581
804 913 823 996
804 166 825 249
803 332 828 415
802 415 831 498
802 83 832 166
800 664 830 747
768 664 800 747
767 913 804 996
766 581 805 664
765 830 808 913
765 747 812 830
753 249 813 332
742 332 803 415
740 83 802 166
735 415 802 498
734 498 805 581
733 166 804 249
690 581 766 664
640 498 734 581
624 913 767 996
623 664 768 747
610 747 765 830
603 830 765 913
563 166 733 249
562 249 753 332
550 332 742 415
541 415 735 498
438 498 640 581
435 581 690 664
364 664 623 747
350 747 610 830
341 830 603 913
328 913 624 996
0 913 328 996
0 830 341 913
0 747 350 830
0 664 364 747
0 581 435 664
0 498 438 581
0 415 541 498
0 332 550 415
0 249 562 332
0 166 563 249
0 83 740 166
0 0 872 83
742 83 743 166
741 83 742 166
735 83 741 166
731 581 743 664
729 0 745 83
725 166 743 249
710 0 729 83
705 581 731 664
701 83 735 166
694 498 742 581
692 249 742 332
688 664 763 747
686 830 761 913
684 747 760 830
682 415 758 498
679 332 760 415
677 913 760 996
642 166 725 249
616 83 701 166
594 415 682 498
591 332 679 415
589 249 692 332
588 498 694 581
586 581 705 664
558 913 677 996
554 747 684 830
554 664 688 747
551 830 686 913
506 166 642 249
439 249 589 332
429 332 591 415
410 415 594 498
386 498 588 581
367 581 586 664
324 664 554 747
323 747 554 830
289 830 551 913
284 913 558 996
0 913 284 996
0 830 289 913
0 747 323 830
0 664 324 747
0 581 367 664
0 498 386 581
0 415 410 498
0 332 429 415
0 249 439 332
0 166 506 249
0 83 616 166
0 0 710 83
806 913 807 996
805 913 806 996
805 747 807 830
805 249 807 332
804 83 809 166
796 83 804 166
792 913 805 996
787 249 805 332
786 664 808 747
786 332 813 415
784 166 814 249
777 830 814 913
777 498 838 581
771 581 834 664
768 0 833 83
731 83 796 166
719 166 784 249
716 332 786 415
712 249 787 332
711 913 792 996
693 830 777 913
680 0 768 83
679 581 771 664
668 498 777 581
666 664 786 747
664 747 805 830
662 415 809 498
571 83 731 166
558 166 719 249
551 249 712 332
541 332 716 415
487 415 662 498
479 498 668 581
462 581 679 664
423 664 666 747
408 747 664 830
402 830 693 913
379 913 711 996
0 913 379 996
0 830 402 913
0 747 408 830
0 664 423 747
0 581 462 664
0 498 479 581
0 415 487 498
0 332 541 415
0 249 551 332
0 166 558 249
0 83 571 166
0 0 680 83
772 100 773 200
771 100 772 200
770 600 772 700
769 100 771 200
768 200 775 300
767 800 775 900
766 900 775 1000
765 500 774 600
759 100 769 200
758 200 768 300
755 800 767 900
753 900 766 1000
751 400 785 500
749 700 784 800
749 300 784 400
719 100 759 200
711 900 753 1000
711 800 755 900
702 200 758 300
690 300 749 400
686 400 751 500
679 700 749 800
678 500 765 600
674 600 770 700
617 100 719 200
604 800 711 900
588 900 711 1000
571 200 702 300
557 300 690 400
544 700 679 800
543 500 678 600
543 400 686 500
531 600 674 700
398 300 557 400
369 400 543 500
365 500 543 600
349 600 531 700
337 700 544 800
328 800 604 900
309 900 588 1000
0 900 309 1000
0 800 328 900
0 700 337 800
0 600 349 700
0 500 365 600
0 400 369 500
0 300 398 400
0 200 571 300
0 100 617 200
0 0 864 100
768 900 769 1000
767 600 773 700
766 500 772 600
764 700 775 800
761 400 776 500
754 300 778 400
738 700 764 800
738 600 767 700
733 500 766 600
732 100 770 200
725 900 768 1000
724 200 783 300
723 800 783 900
713 0 777 100
688 300 754 400
687 400 761 500
663 600 738 700
655 500 733 600
653 700 738 800
638 800 723 900
638 100 732 200
629 200 724 300
628 900 725 1000
607 0 713 100
566 400 687 500
562 300 688 400
535 600 663 700
522 700 653 800
518 500 655 600
498 100 638 200
496 800 638 900
484 900 628 1000
484 200 629 300
396 300 562 400
389 400 566 500
313 500 518 600
311 600 535 700
295 700 522 800
264 800 496 900
249 900 484 1000
0 900 249 1000
0 800 264 900
0 700 295 800
0 600 311 700
0 500 313 600
0 400 389 500
0 300 396 400
0 200 484 300
0 100 498 200
0 0 607 100
758 100 762 200
756 700 763 800
756 600 763 700
752 800 760 900
752 300 761 400
751 900 760 1000
749 0 759 100
748 100 758 200
741 400 760 500
737 600 756 700
735 700 756 800
734 500 767 600
729 200 766 300
706 300 752 400
687 500 734 600
685 700 735 800
684 600 737 700
684 400 741 500
672 0 749 100
671 800 752 900
650 100 748 200
647 900 751 1000
624 200 729 300
593 300 706 400
562 500 687 600
558 600 684 700
555 400 684 500
538 700 685 800
509 800 671 900
509 0 672 100
480 100 650 200
476 900 647 1000
453 200 624 300
407 300 593 400
362 400 555 500
358 500 562 600
338 600 558 700
318 700 538 800
286 800 509 900
244 900 476 1000
0 900 244 1000
0 800 286 900
0 700 318 800
0 600 338 700
0 500 358 600
0 400 362 500
0 300 407 400
0 200 453 300
0 100 480 200
0 0 509 100
892 200 894 300
889 300 892 400
887 100 893 200
886 900 894 1000
886 600 898 700
880 0 896 100
874 400 894 500
870 500 896 600
868 800 894 900
867 700 894 800
860 200 892 300
852 900 886 1000
848 100 887 200
840 300 889 400
831 0 880 100
817 400 874 500
808 500 870 600
803 800 868 900
784 900 852 1000
777 100 848 200
776 200 860 300
774 700 867 800
771 600 886 700
715 0 831 100
699 300 840 400
675 400 817 500
653 500 808 600
604 100 777 200
596 600 771 700
594 700 774 800
593 200 776 300
580 900 784 1000
579 800 803 900
468 300 699 400
434 400 675 500
400 500 653 600
338 600 596 700
317 700 594 800
294 800 579 900
291 900 580 1000
0 900 291 1000
0 800 294 900
0 700 317 800
0 600 338 700
0 500 400 600
0 400 434 500
0 300 468 400
0 200 593 300
0 100 604 200
0 0 715 100
846 800 852 900
843 500 852 600
842 200 852 300
840 900 851 1000
832 800 846 900
829 500 843 600
815 800 832 900
810 500 829 600
808 900 840 1000
806 200 842 300
806 100 848 200
805 600 848 700
805 300 853 400
802 400 853 500
796 700 851 800
747 400 802 500
737 700 796 800
736 500 810 600
729 100 806 200
727 300 805 400
726 600 805 700
725 900 808 1000
725 800 815 900
703 200 806 300
617 800 725 900
612 300 727 400
602 600 726 700
597 900 725 1000
592 500 736 600
589 700 737 800
585 400 747 500
548 100 729 200
517 200 703 300
411 300 612 400
355 400 585 500
349 500 592 600
345 600 602 700
329 700 589 800
326 800 617 900
304 900 597 1000
0 900 304 1000
0 800 326 900
0 700 329 800
0 600 345 700
0 500 349 600
0 400 355 500
0 300 411 400
0 200 517 300
0 100 548 200
0 0 908 100
800 700 807 800
799 400 812 500
799 300 815 400
798 900 814 1000
796 500 814 600
795 200 815 300
794 600 825 700
791 100 826 200
787 800 822 900
755 500 796 600
745 800 787 900
745 200 795 300
744 900 798 1000
739 600 794 700
735 400 799 500
733 300 799 400
732 700 800 800
719 100 791 200
683 500 755 600
669 200 745 300
665 900 744 1000
651 300 733 400
646 700 732 800
645 400 735 500
641 600 739 700
636 800 745 900
594 100 719 200
541 500 683 600
527 200 669 300
516 900 665 1000
500 300 651 400
485 600 641 700
474 800 636 900
472 400 645 500
468 700 646 800
363 500 541 600
298 600 485 700
280 700 468 800
261 800 474 900
259 900 516 1000
0 900 259 1000
0 800 261 900
0 700 280 800
0 600 298 700
0 500 363 600
0 400 472 500
0 300 500 400
0 200 527 300
0 100 594 200
0 0 819 100
864 200 867 300
860 200 864 300
855 200 860 300
851 600 869 700
851 0 870 100
850 500 871 600
847 300 868 400
842 100 877 200
839 400 874 500
837 900 873 1000
831 700 867 800
828 800 871 900
797 300 847 400
796 200 855 300
779 600 851 700
779 0 851 100
777 500 850 600
768 100 842 200
759 400 839 500
753 900 837 1000
743 800 828 900
743 700 831 800
702 200 796 300
692 300 797 400
671 600 779 700
671 0 779 100
667 500 777 600
647 400 759 500
647 100 768 200
621 900 753 1000
609 700 743 800
603 800 743 900
543 200 702 300
525 300 692 400
476 400 647 500
472 500 667 600
461 600 671 700
371 700 609 800
361 800 603 900
330 900 621 1000
0 900 330 1000
0 800 361 900
0 700 371 800
0 600 461 700
0 500 472 600
0 400 476 500
0 300 525 400
0 200 543 300
0 100 647 200
0 0 671 100
864 900 866 1000
863 500 873 600
862 700 875 800
862 100 880 200
860 300 883 400
852 200 882 300
833 400 866 500
824 300 860 400
820 100 862 200
819 500 863 600
818 900 864 1000
816 700 862 800
815 600 870 700
814 800 874 900
776 200 852 300
744 300 824 400
732 100 820 200
726 900 818 1000
725 500 819 600
715 800 814 900
712 600 815 700
711 700 816 800
710 400 833 500
645 200 776 300
598 100 732 200
597 300 744 400
576 900 726 1000
560 800 715 900
558 500 725 600
544 600 712 700
539 700 711 800
536 400 710 500
458 200 645 300
403 300 597 400
337 400 536 500
333 500 558 600
318 600 544 700
310 700 539 800
305 800 560 900
298 900 576 1000
0 900 298 1000
0 800 305 900
0 700 310 800
0 600 318 700
0 500 333 600
0 400 337 500
0 300 403 400
0 200 458 300
0 100 598 200
0 0 874 100
865 700 866 800
865 0 871 100
863 100 869 200
859 900 873 1000
853 400 871 500
849 500 868 600
845 600 866 700
820 600 845 700
819 500 849 600
816 400 853 500
813 100 863 200
813 0 865 100
807 900 859 1000
806 700 865 800
806 200 868 300
805 800 872 900
805 300 884 400
733 500 819 600
730 400 816 500
717 0 813 100
715 600 820 700
699 100 813 200
688 200 806 300
684 700 806 800
678 800 805 900
675 900 807 1000
668 300 805 400
580 400 730 500
578 500 733 600
553 600 715 700
512 700 684 800
499 900 675 1000
492 800 678 900
479 300 668 400
391 400 580 500
377 500 578 600
351 600 553 700
296 700 512 800
265 800 492 900
251 900 499 1000
0 900 251 1000
0 800 265 900
0 700 296 800
0 600 351 700
0 500 377 600
0 400 391 500
0 300 479 400
0 200 688 300
0 100 699 200
0 0 717 100
710 100 714 200
707 900 713 1000
705 400 711 500
704 600 712 700
700 800 713 900
685 800 700 900
683 600 704 700
681 900 707 1000
679 400 705 500
679 200 711 300
678 300 718 400
673 700 720 800
673 0 724 100
672 500 727 600
648 100 710 200
614 200 679 300
611 300 678 400
597 0 673 100
593 400 679 500
580 700 673 800
578 500 672 600
577 600 683 700
575 900 681 1000
575 800 685 900
535 100 648 200
498 200 614 300
491 300 611 400
468 400 593 500
454 700 580 800
445 600 577 700
445 500 578 600
440 900 575 1000
431 800 575 900
345 300 491 400
317 400 468 500
287 500 445 600
266 600 445 700
258 700 454 800
228 800 431 900
226 900 440 1000
0 900 226 1000
0 800 228 900
0 700 258 800
0 600 266 700
0 500 287 600
0 400 317 500
0 300 345 400
0 200 498 300
0 100 535 200
0 0 597 100
