871 200 876 400
865 600 872 800
845 400 886 600
779 200 871 400
777 800 878 1000
751 600 865 800
728 400 845 600
652 200 779 400
647 800 777 1000
619 600 751 800
586 400 728 600
473 200 652 400
395 400 586 600
385 600 619 800
375 800 647 1000
0 800 375 1000
0 600 385 800
0 400 395 600
0 200 473 400
0 0 958 200
906 0 908 500
903 500 913 1000
894 0 906 500
889 500 903 1000
879 0 894 500
863 500 889 1000
852 0 879 500
834 500 863 1000
822 0 852 500
792 500 834 1000
775 0 822 500
712 500 792 1000
687 0 775 500
617 500 712 1000
591 0 687 500
504 500 617 1000
361 500 504 1000
218 500 361 1000
0 500 218 1000
0 0 591 500
885 0 916 250
857 250 889 500
853 0 885 250
848 750 900 1000
831 500 888 750
778 0 853 250
774 250 857 500
744 500 831 750
739 750 848 1000
665 0 778 250
648 250 774 500
563 750 739 1000
552 500 744 750
449 250 648 500
353 500 552 750
307 750 563 1000
0 750 307 1000
0 500 353 750
0 250 449 500
0 0 665 250
913 750 926 1000
912 250 931 500
894 500 914 750
892 750 913 1000
882 250 912 500
833 250 882 500
823 500 894 750
818 750 892 1000
748 500 823 750
724 750 818 1000
683 250 833 500
588 500 748 750
520 750 724 1000
474 250 683 500
348 500 588 750
278 750 520 1000
0 750 278 1000
0 500 348 750
0 250 474 500
0 0 963 250
855 800 880 1000
848 0 877 200
835 400 876 600
820 600 883 800
791 200 858 400
787 800 855 1000
779 0 848 200
761 400 835 600
731 600 820 800
665 0 779 200
631 800 787 1000
591 200 791 400
524 400 761 600
488 600 731 800
339 800 631 1000
0 800 339 1000
0 600 488 800
0 400 524 600
0 200 591 400
0 0 665 200
903 600 928 800
893 200 963 400
887 0 957 200
826 600 903 800
794 0 887 200
793 400 929 600
778 800 924 1000
736 200 893 400
665 600 826 800
628 400 793 600
612 800 778 1000
560 200 736 400
444 400 628 600
419 600 665 800
351 800 612 1000
0 800 351 1000
0 600 419 800
0 400 444 600
0 200 560 400
0 0 794 200
894 0 933 200
846 400 907 600
837 200 898 400
820 0 894 200
792 800 917 1000
787 600 922 800
703 400 846 600
686 200 837 400
639 0 820 200
596 800 792 1000
583 600 787 800
477 200 686 400
455 400 703 600
317 600 583 800
313 800 596 1000
0 800 313 1000
0 600 317 800
0 400 455 600
0 200 477 400
0 0 639 200
883 600 885 800
881 800 885 1000
873 600 883 800
870 400 915 600
844 0 901 200
811 600 873 800
803 400 870 600
792 200 890 400
772 800 881 1000
728 0 844 200
644 200 792 400
606 800 772 1000
567 400 803 600
560 600 811 800
335 800 606 1000
0 800 335 1000
0 600 560 800
0 400 567 600
0 200 644 400
0 0 728 200
928 0 955 200
906 800 951 1000
902 600 948 800
892 400 945 600
851 800 906 1000
846 0 928 200
843 200 973 400
755 600 902 800
741 400 892 600
691 0 846 200
643 200 843 400
614 800 851 1000
489 400 741 600
476 600 755 800
324 800 614 1000
0 800 324 1000
0 600 476 800
0 400 489 600
0 200 643 400
0 0 691 200
879 200 895 400
859 200 879 400
858 400 898 600
836 600 880 800
832 0 913 200
824 800 930 1000
740 400 858 600
736 200 859 400
665 600 836 800
647 0 832 200
600 800 824 1000
508 200 736 400
479 400 740 600
403 600 665 800
320 800 600 1000
0 800 320 1000
0 600 403 800
0 400 479 600
0 200 508 400
0 0 647 200
864 0 871 200
863 600 881 800
843 400 864 600
842 0 864 200
837 800 882 1000
787 0 842 200
768 600 863 800
730 800 837 1000
728 400 843 600
727 200 889 400
617 0 787 200
542 200 727 400
525 400 728 600
523 600 768 800
470 800 730 1000
0 800 470 1000
0 600 523 800
0 400 525 600
0 200 542 400
0 0 617 200
903 800 912 1000
899 200 910 400
878 200 899 400
873 600 906 800
866 400 912 600
801 600 873 800
708 600 801 800
698 400 866 600
692 200 878 400
677 800 903 1000
671 0 924 200
430 200 692 400
426 400 698 600
389 600 708 800
339 800 677 1000
0 800 339 1000
0 600 389 800
0 400 426 600
0 200 430 400
0 0 671 200
893 200 920 400
890 800 936 1000
888 600 951 800
882 400 961 600
868 0 952 200
779 0 868 200
739 600 888 800
730 400 882 600
721 800 890 1000
700 200 893 400
539 0 779 200
452 200 700 400
432 400 730 600
423 600 739 800
363 800 721 1000
0 800 363 1000
0 600 423 800
0 400 432 600
0 200 452 400
0 0 539 200
929 750 934 1000
910 750 929 1000
905 250 934 500
894 500 939 750
845 250 905 500
820 750 910 1000
800 500 894 750
739 250 845 500
656 500 800 750
652 750 820 1000
563 250 739 500
475 750 652 1000
471 500 656 750
359 250 563 500
250 500 471 750
244 750 475 1000
0 750 244 1000
0 500 250 750
0 250 359 500
0 0 952 250
865 250 870 500
865 0 871 250
856 0 865 250
848 250 865 500
836 750 883 1000
830 500 887 750
795 0 856 250
728 750 836 1000
716 500 830 750
704 250 848 500
645 0 795 250
533 750 728 1000
520 500 716 750
503 250 704 500
282 500 520 750
276 750 533 1000
0 750 276 1000
0 500 282 750
0 250 503 500
0 0 645 250
937 250 941 500
927 250 937 500
925 0 945 250
924 750 949 1000
922 500 950 750
884 250 927 500
871 0 925 250
867 750 924 1000
863 500 922 750
775 250 884 500
737 750 867 1000
714 500 863 750
618 250 775 500
544 500 714 750
500 750 737 1000
261 750 500 1000
0 750 261 1000
0 500 544 750
0 250 618 500
0 0 871 250
867 0 892 200
857 200 892 400
813 0 867 200
789 400 867 600
783 800 875 1000
780 600 886 800
708 200 857 400
659 0 813 200
585 600 780 800
583 400 789 600
574 800 783 1000
490 200 708 400
334 400 583 600
303 600 585 800
291 800 574 1000
0 800 291 1000
0 600 303 800
0 400 334 600
0 200 490 400
0 0 659 200
866 400 882 600
864 200 887 400
861 800 898 1000
855 0 921 200
794 400 866 600
786 800 861 1000
786 200 864 400
775 0 855 200
772 600 877 800
686 400 794 600
673 200 786 400
664 800 786 1000
524 400 686 600
516 600 772 800
344 800 664 1000
0 800 344 1000
0 600 516 800
0 400 524 600
0 200 673 400
0 0 775 200
874 200 909 400
863 400 902 600
854 800 894 1000
847 600 891 800
821 200 874 400
803 400 863 600
793 800 854 1000
768 600 847 800
708 800 793 1000
701 400 803 600
608 600 768 800
531 800 708 1000
504 400 701 600
409 600 608 800
267 800 531 1000
0 800 267 1000
0 600 409 800
0 400 504 600
0 200 821 400
0 0 883 200
908 800 950 1000
906 600 954 800
874 0 935 200
855 200 932 400
851 400 940 600
809 800 908 1000
806 600 906 800
741 200 855 400
666 800 809 1000
655 600 806 800
622 400 851 600
497 200 741 400
377 400 622 600
351 600 655 800
338 800 666 1000
0 800 338 1000
0 600 351 800
0 400 377 600
0 200 497 400
0 0 874 200
900 0 916 200
875 0 900 200
803 0 875 200
802 200 900 400
786 600 941 800
781 800 943 1000
777 400 939 600
626 0 803 200
625 200 802 400
584 400 777 600
580 600 786 800
573 800 781 1000
350 400 584 600
339 600 580 800
300 800 573 1000
0 800 300 1000
0 600 339 800
0 400 350 600
0 200 625 400
0 0 626 200
850 600 851 800
848 600 850 800
841 200 869 400
827 400 865 600
802 600 848 800
786 800 857 1000
777 0 873 200
745 200 841 400
658 0 777 200
623 200 745 400
617 400 827 600
587 600 802 800
534 800 786 1000
325 600 587 800
270 800 534 1000
0 800 270 1000
0 600 325 800
0 400 617 600
0 200 623 400
0 0 658 200
913 0 918 200
911 800 919 1000
898 800 911 1000
893 400 934 600
883 600 925 800
873 200 929 400
835 800 898 1000
818 600 883 800
787 400 893 600
781 0 913 200
738 200 873 400
672 800 835 1000
605 400 787 600
580 600 818 800
372 800 672 1000
0 800 372 1000
0 600 580 800
0 400 605 600
0 200 738 400
0 0 781 200
877 800 878 1000
877 0 881 200
876 400 898 600
873 200 928 400
867 600 922 800
804 400 876 600
798 800 877 1000
779 600 867 800
706 800 798 1000
698 400 804 600
668 600 779 800
593 800 706 1000
562 400 698 600
510 600 668 800
389 800 593 1000
0 800 389 1000
0 600 510 800
0 400 562 600
0 200 873 400
0 0 877 200
897 600 903 800
893 200 904 400
884 800 909 1000
875 400 907 600
860 600 897 800
789 600 860 800
787 800 884 1000
783 200 893 400
739 400 875 600
650 600 789 800
637 200 783 400
618 800 787 1000
485 400 739 600
382 600 650 800
346 800 618 1000
0 800 346 1000
0 600 382 800
0 400 485 600
0 200 637 400
0 0 925 200
918 800 921 1000
904 800 918 1000
900 0 921 200
879 800 904 1000
874 400 955 600
866 200 952 400
839 600 932 800
780 800 879 1000
733 200 866 400
731 400 874 600
730 0 900 200
537 200 733 400
530 400 731 600
480 600 839 800
397 800 780 1000
0 800 397 1000
0 600 480 800
0 400 530 600
0 200 537 400
0 0 730 200
884 200 910 400
880 800 908 1000
850 800 880 1000
850 600 887 800
835 200 884 400
772 800 850 1000
751 200 835 400
747 600 850 800
737 400 888 600
735 0 892 200
526 0 735 200
491 200 751 400
425 400 737 600
404 600 747 800
392 800 772 1000
0 800 392 1000
0 600 404 800
0 400 425 600
0 200 491 400
0 0 526 200
895 600 897 800
890 200 903 400
887 400 913 600
864 800 899 1000
852 200 890 400
806 200 852 400
790 800 864 1000
786 400 887 600
779 600 895 800
663 400 786 600
592 600 779 800
581 800 790 1000
416 400 663 600
340 600 592 800
291 800 581 1000
0 800 291 1000
0 600 340 800
0 400 416 600
0 200 806 400
0 0 975 200
924 400 933 600
922 200 931 400
905 400 924 600
902 200 922 400
881 800 945 1000
875 0 943 200
792 200 902 400
758 400 905 600
737 600 945 800
658 800 881 1000
647 0 875 200
523 200 792 400
462 400 758 600
435 600 737 800
339 800 658 1000
0 800 339 1000
0 600 435 800
0 400 462 600
0 200 523 400
0 0 647 200
874 200 882 400
864 0 903 200
861 800 909 1000
850 400 922 600
848 600 921 800
800 200 874 400
786 0 864 200
758 600 848 800
757 400 850 600
753 800 861 1000
668 0 786 200
603 200 800 400
557 400 757 600
490 600 758 800
417 800 753 1000
0 800 417 1000
0 600 490 800
0 400 557 600
0 200 603 400
0 0 668 200
