550 560 570 580 590 600 610 620 630 640 650 640 630 620 610 600 590 580 570 560 550 540 530
560 570 580 590 600 610 620 630 640 650 660 650 640 630 620 610 600 590 580 570 560 550 540
570 580 590 600 610 620 630 640 650 660 670 660 650 640 630 620 610 600 590 580 570 560 550
580 590 600 610 620 630 640 650 660 670 680 670 660 650 640 630 620 610 600 590 580 570 560
590 600 610 620 630 640 650 660 670 680 690 680 670 660 650 640 630 620 610 600 590 580 570
600 610 620 630 640 650 660 670 680 690 700 690 680 670 660 650 640 630 620 610 600 590 580
610 620 630 640 650 660 670 680 690 700 710 700 690 680 670 660 650 640 630 620 610 600 590
620 630 640 650 660 670 680 690 700 710 720 710 700 690 680 670 660 650 640 630 620 610 600
630 640 650 660 670 680 690 700 710 720 730 720 710 700 690 680 670 660 650 640 630 620 610
640 650 660 670 680 690 700 710 720 730 740 730 720 710 700 690 680 670 660 650 640 630 620
650 660 670 680 690 700 710 720 730 740 750 740 730 720 710 700 690 680 670 660 650 640 630
640 650 660 670 680 690 700 710 720 730 740 730 720 710 700 690 680 670 660 650 640 630 620
630 640 650 660 670 680 690 700 710 720 730 720 710 700 690 680 670 660 650 640 630 620 610
620 630 640 650 660 670 680 690 700 710 720 710 700 690 680 670 660 650 640 630 620 610 600
610 620 630 640 650 660 670 680 690 700 710 700 690 680 670 660 650 640 630 620 610 600 590
600 610 620 630 640 650 660 670 680 690 700 690 680 670 660 650 640 630 620 610 600 590 580
590 600 610 620 630 640 650 660 670 680 690 680 670 660 650 640 630 620 610 600 590 580 570
580 590 600 610 620 630 640 650 660 670 680 670 660 650 640 630 620 610 600 590 580 570 560
570 580 590 600 610 620 630 640 650 660 670 660 650 640 630 620 610 600 590 580 570 560 550
560 570 580 590 600 610 620 630 640 650 660 650 640 630 620 610 600 590 580 570 560 550 540
550 560 570 580 590 600 610 620 630 640 650 640 630 620 610 600 590 580 570 560 550 540 530
540 550 560 570 580 590 600 610 620 630 640 630 620 610 600 590 580 570 560 550 540 530 520
530 540 550 560 570 580 590 600 610 620 630 620 610 600 590 580 570 560 550 540 530 520 510
0 -5 -5
0 -5 -5
0 -5 -5
0 -5 -5
0 -5 -5
0 -5 -5
0 -5 -5
0 -5 -5
0 -5 -5
0 -5 -5
# ave_measured_val[0][0] = 619
0 -5 5
0 -5 5
0 -5 5
0 -5 5
0 -5 5
0 -5 5
0 -5 5
0 -5 5
0 -5 5
0 -5 5
# ave_measured_val[0][1] = 505
0 5 -5
0 5 -5
0 5 -5
0 5 -5
0 5 -5
0 5 -5
0 5 -5
0 5 -5
0 5 -5
0 5 -5
# ave_measured_val[1][0] = 660
0 5 5
0 5 5
0 5 5
0 5 5
0 5 5
0 5 5
0 5 5
0 5 5
0 5 5
0 5 5
# ave_measured_val[1][1] = 654
# hoge
# min_loss : 180  estimate[0] = 0
# min_loss : 160  estimate[0] = 41
# min_loss : 130  estimate[0] = 49
# min_loss : 108  estimate[0] = 76
1 -5 -5
1 -5 -5
1 -5 -5
1 -5 -5
1 -5 -5
1 -5 -5
1 -5 -5
1 -5 -5
1 -5 -5
1 -5 -5
# ave_measured_val[0][0] = 368
1 -5 5
1 -5 5
1 -5 5
1 -5 5
1 -5 5
1 -5 5
1 -5 5
1 -5 5
1 -5 5
1 -5 5
# ave_measured_val[0][1] = 488
1 5 -5
1 5 -5
1 5 -5
1 5 -5
1 5 -5
1 5 -5
1 5 -5
1 5 -5
1 5 -5
1 5 -5
# ave_measured_val[1][0] = 775
1 5 5
1 5 5
1 5 5
1 5 5
1 5 5
1 5 5
1 5 5
1 5 5
1 5 5
1 5 5
# ave_measured_val[1][1] = 642
# hoge
# min_loss : 477  estimate[1] = 0
# min_loss : 461  estimate[1] = 57
# min_loss : 441  estimate[1] = 62
# min_loss : 381  estimate[1] = 65
2 -5 -5
2 -5 -5
2 -5 -5
2 -5 -5
2 -5 -5
2 -5 -5
2 -5 -5
2 -5 -5
2 -5 -5
2 -5 -5
# ave_measured_val[0][0] = 537
2 -5 5
2 -5 5
2 -5 5
2 -5 5
2 -5 5
2 -5 5
2 -5 5
2 -5 5
2 -5 5
2 -5 5
# ave_measured_val[0][1] = 627
2 5 -5
2 5 -5
2 5 -5
2 5 -5
2 5 -5
2 5 -5
2 5 -5
2 5 -5
2 5 -5
2 5 -5
# ave_measured_val[1][0] = 507
2 5 5
2 5 5
2 5 5
2 5 5
2 5 5
2 5 5
2 5 5
2 5 5
2 5 5
2 5 5
# ave_measured_val[1][1] = 703
# hoge
# min_loss : 226  estimate[2] = 0
# min_loss : 186  estimate[2] = 8
# min_loss : 112  estimate[2] = 16
3 -5 -5
3 -5 -5
3 -5 -5
3 -5 -5
3 -5 -5
3 -5 -5
3 -5 -5
3 -5 -5
3 -5 -5
3 -5 -5
# ave_measured_val[0][0] = 672
3 -5 5
3 -5 5
3 -5 5
3 -5 5
3 -5 5
3 -5 5
3 -5 5
3 -5 5
3 -5 5
3 -5 5
# ave_measured_val[0][1] = 670
3 5 -5
3 5 -5
3 5 -5
3 5 -5
3 5 -5
3 5 -5
3 5 -5
3 5 -5
3 5 -5
3 5 -5
# ave_measured_val[1][0] = 694
3 5 5
3 5 5
3 5 5
3 5 5
3 5 5
3 5 5
3 5 5
3 5 5
3 5 5
3 5 5
# ave_measured_val[1][1] = 468
# hoge
# min_loss : 428  estimate[3] = 0
# min_loss : 388  estimate[3] = 1
# min_loss : 368  estimate[3] = 2
# min_loss : 348  estimate[3] = 3
# min_loss : 328  estimate[3] = 4
# min_loss : 288  estimate[3] = 5
# min_loss : 268  estimate[3] = 44
# min_loss : 264  estimate[3] = 51
# min_loss : 248  estimate[3] = 52
# min_loss : 224  estimate[3] = 55
4 -5 -5
4 -5 -5
4 -5 -5
4 -5 -5
4 -5 -5
4 -5 -5
4 -5 -5
4 -5 -5
4 -5 -5
4 -5 -5
# ave_measured_val[0][0] = 699
4 -5 5
4 -5 5
4 -5 5
4 -5 5
4 -5 5
4 -5 5
4 -5 5
4 -5 5
4 -5 5
4 -5 5
# ave_measured_val[0][1] = 516
4 5 -5
4 5 -5
4 5 -5
4 5 -5
4 5 -5
4 5 -5
4 5 -5
4 5 -5
4 5 -5
4 5 -5
# ave_measured_val[1][0] = 700
4 5 5
4 5 5
4 5 5
4 5 5
4 5 5
4 5 5
4 5 5
4 5 5
4 5 5
4 5 5
# ave_measured_val[1][1] = 546
# hoge
# min_loss : 397  estimate[4] = 0
# min_loss : 377  estimate[4] = 41
# min_loss : 337  estimate[4] = 49
# min_loss : 297  estimate[4] = 54
# min_loss : 257  estimate[4] = 55
# min_loss : 217  estimate[4] = 57
# min_loss : 177  estimate[4] = 60
# min_loss : 139  estimate[4] = 64
# min_loss : 137  estimate[4] = 70
5 -5 -5
5 -5 -5
5 -5 -5
5 -5 -5
5 -5 -5
5 -5 -5
5 -5 -5
5 -5 -5
5 -5 -5
5 -5 -5
# ave_measured_val[0][0] = 510
5 -5 5
5 -5 5
5 -5 5
5 -5 5
5 -5 5
5 -5 5
5 -5 5
5 -5 5
5 -5 5
5 -5 5
# ave_measured_val[0][1] = 606
5 5 -5
5 5 -5
5 5 -5
5 5 -5
5 5 -5
5 5 -5
5 5 -5
5 5 -5
5 5 -5
5 5 -5
# ave_measured_val[1][0] = 669
5 5 5
5 5 5
5 5 5
5 5 5
5 5 5
5 5 5
5 5 5
5 5 5
5 5 5
5 5 5
# ave_measured_val[1][1] = 589
# hoge
# min_loss : 176  estimate[5] = 0
6 -5 -5
6 -5 -5
6 -5 -5
6 -5 -5
6 -5 -5
6 -5 -5
6 -5 -5
6 -5 -5
6 -5 -5
6 -5 -5
# ave_measured_val[0][0] = 616
6 -5 5
6 -5 5
6 -5 5
6 -5 5
6 -5 5
6 -5 5
6 -5 5
6 -5 5
6 -5 5
6 -5 5
# ave_measured_val[0][1] = 480
6 5 -5
6 5 -5
6 5 -5
6 5 -5
6 5 -5
6 5 -5
6 5 -5
6 5 -5
6 5 -5
6 5 -5
# ave_measured_val[1][0] = 558
6 5 5
6 5 5
6 5 5
6 5 5
6 5 5
6 5 5
6 5 5
6 5 5
6 5 5
6 5 5
# ave_measured_val[1][1] = 687
# hoge
# min_loss : 265  estimate[6] = 0
7 -5 -5
7 -5 -5
7 -5 -5
7 -5 -5
7 -5 -5
7 -5 -5
7 -5 -5
7 -5 -5
7 -5 -5
7 -5 -5
# ave_measured_val[0][0] = 784
7 -5 5
7 -5 5
7 -5 5
7 -5 5
7 -5 5
7 -5 5
7 -5 5
7 -5 5
7 -5 5
7 -5 5
# ave_measured_val[0][1] = 401
7 5 -5
7 5 -5
7 5 -5
7 5 -5
7 5 -5
7 5 -5
7 5 -5
7 5 -5
7 5 -5
7 5 -5
# ave_measured_val[1][0] = 611
7 5 5
7 5 5
7 5 5
7 5 5
7 5 5
7 5 5
7 5 5
7 5 5
7 5 5
7 5 5
# ave_measured_val[1][1] = 586
# hoge
# min_loss : 526  estimate[7] = 0
# min_loss : 506  estimate[7] = 3
# min_loss : 486  estimate[7] = 4
# min_loss : 468  estimate[7] = 5
# min_loss : 448  estimate[7] = 45
# min_loss : 408  estimate[7] = 51
# min_loss : 380  estimate[7] = 56
# min_loss : 358  estimate[7] = 58
8 -5 -5
8 -5 -5
8 -5 -5
8 -5 -5
8 -5 -5
8 -5 -5
8 -5 -5
8 -5 -5
8 -5 -5
8 -5 -5
# ave_measured_val[0][0] = 681
8 -5 5
8 -5 5
8 -5 5
8 -5 5
8 -5 5
8 -5 5
8 -5 5
8 -5 5
8 -5 5
8 -5 5
# ave_measured_val[0][1] = 617
8 5 -5
8 5 -5
8 5 -5
8 5 -5
8 5 -5
8 5 -5
8 5 -5
8 5 -5
8 5 -5
8 5 -5
# ave_measured_val[1][0] = 712
8 5 5
8 5 5
8 5 5
8 5 5
8 5 5
8 5 5
8 5 5
8 5 5
8 5 5
8 5 5
# ave_measured_val[1][1] = 672
# hoge
# min_loss : 202  estimate[8] = 0
# min_loss : 164  estimate[8] = 1
# min_loss : 148  estimate[8] = 41
# min_loss : 144  estimate[8] = 43
# min_loss : 142  estimate[8] = 50
# min_loss : 82  estimate[8] = 54
9 -5 -5
9 -5 -5
9 -5 -5
9 -5 -5
9 -5 -5
9 -5 -5
9 -5 -5
9 -5 -5
9 -5 -5
9 -5 -5
# ave_measured_val[0][0] = 786
9 -5 5
9 -5 5
9 -5 5
9 -5 5
9 -5 5
9 -5 5
9 -5 5
9 -5 5
9 -5 5
9 -5 5
# ave_measured_val[0][1] = 703
9 5 -5
9 5 -5
9 5 -5
9 5 -5
9 5 -5
9 5 -5
9 5 -5
9 5 -5
9 5 -5
9 5 -5
# ave_measured_val[1][0] = 553
9 5 5
9 5 5
9 5 5
9 5 5
9 5 5
9 5 5
9 5 5
9 5 5
9 5 5
9 5 5
# ave_measured_val[1][1] = 560
# hoge
# min_loss : 516  estimate[9] = 0
# min_loss : 496  estimate[9] = 1
# min_loss : 456  estimate[9] = 2
# min_loss : 416  estimate[9] = 3
# min_loss : 376  estimate[9] = 4
# min_loss : 216  estimate[9] = 5
# min_loss : 182  estimate[9] = 6
# min_loss : 176  estimate[9] = 47
10 -5 -5
10 -5 -5
10 -5 -5
10 -5 -5
10 -5 -5
10 -5 -5
10 -5 -5
10 -5 -5
10 -5 -5
10 -5 -5
# ave_measured_val[0][0] = 802
10 -5 5
10 -5 5
10 -5 5
10 -5 5
10 -5 5
10 -5 5
10 -5 5
10 -5 5
10 -5 5
10 -5 5
# ave_measured_val[0][1] = 772
10 5 -5
10 5 -5
10 5 -5
10 5 -5
10 5 -5
10 5 -5
10 5 -5
10 5 -5
10 5 -5
10 5 -5
# ave_measured_val[1][0] = 722
10 5 5
10 5 5
10 5 5
10 5 5
10 5 5
10 5 5
10 5 5
10 5 5
10 5 5
10 5 5
# ave_measured_val[1][1] = 676
# hoge
# min_loss : 492  estimate[10] = 0
# min_loss : 440  estimate[10] = 1
# min_loss : 432  estimate[10] = 2
# min_loss : 372  estimate[10] = 35
11 -5 -5
11 -5 -5
11 -5 -5
11 -5 -5
11 -5 -5
11 -5 -5
11 -5 -5
11 -5 -5
11 -5 -5
11 -5 -5
# ave_measured_val[0][0] = 679
11 -5 5
11 -5 5
11 -5 5
11 -5 5
11 -5 5
11 -5 5
11 -5 5
11 -5 5
11 -5 5
11 -5 5
# ave_measured_val[0][1] = 770
11 5 -5
11 5 -5
11 5 -5
11 5 -5
11 5 -5
11 5 -5
11 5 -5
11 5 -5
11 5 -5
11 5 -5
# ave_measured_val[1][0] = 529
11 5 5
11 5 5
11 5 5
11 5 5
11 5 5
11 5 5
11 5 5
11 5 5
11 5 5
11 5 5
# ave_measured_val[1][1] = 462
# hoge
# min_loss : 598  estimate[11] = 0
# min_loss : 578  estimate[11] = 1
# min_loss : 538  estimate[11] = 2
# min_loss : 498  estimate[11] = 3
# min_loss : 458  estimate[11] = 4
# min_loss : 298  estimate[11] = 5
# min_loss : 258  estimate[11] = 6
12 -5 -5
12 -5 -5
12 -5 -5
12 -5 -5
12 -5 -5
12 -5 -5
12 -5 -5
12 -5 -5
12 -5 -5
12 -5 -5
# ave_measured_val[0][0] = 549
12 -5 5
12 -5 5
12 -5 5
12 -5 5
12 -5 5
12 -5 5
12 -5 5
12 -5 5
12 -5 5
12 -5 5
# ave_measured_val[0][1] = 757
12 5 -5
12 5 -5
12 5 -5
12 5 -5
12 5 -5
12 5 -5
12 5 -5
12 5 -5
12 5 -5
12 5 -5
# ave_measured_val[1][0] = 720
12 5 5
12 5 5
12 5 5
12 5 5
12 5 5
12 5 5
12 5 5
12 5 5
12 5 5
12 5 5
# ave_measured_val[1][1] = 735
# hoge
# min_loss : 323  estimate[12] = 0
# min_loss : 303  estimate[12] = 1
# min_loss : 283  estimate[12] = 13
# min_loss : 281  estimate[12] = 16
# min_loss : 221  estimate[12] = 18
# min_loss : 193  estimate[12] = 30
13 -5 -5
13 -5 -5
13 -5 -5
13 -5 -5
13 -5 -5
13 -5 -5
13 -5 -5
13 -5 -5
13 -5 -5
13 -5 -5
# ave_measured_val[0][0] = 733
13 -5 5
13 -5 5
13 -5 5
13 -5 5
13 -5 5
13 -5 5
13 -5 5
13 -5 5
13 -5 5
13 -5 5
# ave_measured_val[0][1] = 575
13 5 -5
13 5 -5
13 5 -5
13 5 -5
13 5 -5
13 5 -5
13 5 -5
13 5 -5
13 5 -5
13 5 -5
# ave_measured_val[1][0] = 687
13 5 5
13 5 5
13 5 5
13 5 5
13 5 5
13 5 5
13 5 5
13 5 5
13 5 5
13 5 5
# ave_measured_val[1][1] = 413
# hoge
# min_loss : 492  estimate[13] = 0
# min_loss : 472  estimate[13] = 41
# min_loss : 432  estimate[13] = 49
# min_loss : 398  estimate[13] = 54
# min_loss : 352  estimate[13] = 55
# min_loss : 318  estimate[13] = 57
# min_loss : 312  estimate[13] = 58
# min_loss : 278  estimate[13] = 60
# min_loss : 232  estimate[13] = 63
14 -5 -5
14 -5 -5
14 -5 -5
14 -5 -5
14 -5 -5
14 -5 -5
14 -5 -5
14 -5 -5
14 -5 -5
14 -5 -5
# ave_measured_val[0][0] = 631
14 -5 5
14 -5 5
14 -5 5
14 -5 5
14 -5 5
14 -5 5
14 -5 5
14 -5 5
14 -5 5
14 -5 5
# ave_measured_val[0][1] = 511
14 5 -5
14 5 -5
14 5 -5
14 5 -5
14 5 -5
14 5 -5
14 5 -5
14 5 -5
14 5 -5
14 5 -5
# ave_measured_val[1][0] = 734
14 5 5
14 5 5
14 5 5
14 5 5
14 5 5
14 5 5
14 5 5
14 5 5
14 5 5
14 5 5
# ave_measured_val[1][1] = 404
# hoge
# min_loss : 510  estimate[14] = 0
# min_loss : 490  estimate[14] = 41
# min_loss : 450  estimate[14] = 49
# min_loss : 410  estimate[14] = 54
# min_loss : 348  estimate[14] = 57
# min_loss : 328  estimate[14] = 62
# min_loss : 250  estimate[14] = 65
15 -5 -5
15 -5 -5
15 -5 -5
15 -5 -5
15 -5 -5
15 -5 -5
15 -5 -5
15 -5 -5
15 -5 -5
15 -5 -5
# ave_measured_val[0][0] = 469
15 -5 5
15 -5 5
15 -5 5
15 -5 5
15 -5 5
15 -5 5
15 -5 5
15 -5 5
15 -5 5
15 -5 5
# ave_measured_val[0][1] = 697
15 5 -5
15 5 -5
15 5 -5
15 5 -5
15 5 -5
15 5 -5
15 5 -5
15 5 -5
15 5 -5
15 5 -5
# ave_measured_val[1][0] = 610
15 5 5
15 5 5
15 5 5
15 5 5
15 5 5
15 5 5
15 5 5
15 5 5
15 5 5
15 5 5
# ave_measured_val[1][1] = 781
# hoge
# min_loss : 339  estimate[15] = 0
# min_loss : 299  estimate[15] = 8
# min_loss : 259  estimate[15] = 13
# min_loss : 219  estimate[15] = 16
# min_loss : 179  estimate[15] = 23
16 -5 -5
16 -5 -5
16 -5 -5
16 -5 -5
16 -5 -5
16 -5 -5
16 -5 -5
16 -5 -5
16 -5 -5
16 -5 -5
# ave_measured_val[0][0] = 639
16 -5 5
16 -5 5
16 -5 5
16 -5 5
16 -5 5
16 -5 5
16 -5 5
16 -5 5
16 -5 5
16 -5 5
# ave_measured_val[0][1] = 550
16 5 -5
16 5 -5
16 5 -5
16 5 -5
16 5 -5
16 5 -5
16 5 -5
16 5 -5
16 5 -5
16 5 -5
# ave_measured_val[1][0] = 693
16 5 5
16 5 5
16 5 5
16 5 5
16 5 5
16 5 5
16 5 5
16 5 5
16 5 5
16 5 5
# ave_measured_val[1][1] = 704
# hoge
# min_loss : 206  estimate[16] = 0
# min_loss : 186  estimate[16] = 1
# min_loss : 118  estimate[16] = 42
# min_loss : 106  estimate[16] = 54
17 -5 -5
17 -5 -5
17 -5 -5
17 -5 -5
17 -5 -5
17 -5 -5
17 -5 -5
17 -5 -5
17 -5 -5
17 -5 -5
# ave_measured_val[0][0] = 487
17 -5 5
17 -5 5
17 -5 5
17 -5 5
17 -5 5
17 -5 5
17 -5 5
17 -5 5
17 -5 5
17 -5 5
# ave_measured_val[0][1] = 642
17 5 -5
17 5 -5
17 5 -5
17 5 -5
17 5 -5
17 5 -5
17 5 -5
17 5 -5
17 5 -5
17 5 -5
# ave_measured_val[1][0] = 558
17 5 5
17 5 5
17 5 5
17 5 5
17 5 5
17 5 5
17 5 5
17 5 5
17 5 5
17 5 5
# ave_measured_val[1][1] = 527
# hoge
# min_loss : 350  estimate[17] = 0
# min_loss : 330  estimate[17] = 3
# min_loss : 326  estimate[17] = 4
# min_loss : 262  estimate[17] = 6
18 -5 -5
18 -5 -5
18 -5 -5
18 -5 -5
18 -5 -5
18 -5 -5
18 -5 -5
18 -5 -5
18 -5 -5
18 -5 -5
# ave_measured_val[0][0] = 604
18 -5 5
18 -5 5
18 -5 5
18 -5 5
18 -5 5
18 -5 5
18 -5 5
18 -5 5
18 -5 5
18 -5 5
# ave_measured_val[0][1] = 464
18 5 -5
18 5 -5
18 5 -5
18 5 -5
18 5 -5
18 5 -5
18 5 -5
18 5 -5
18 5 -5
18 5 -5
# ave_measured_val[1][0] = 556
18 5 5
18 5 5
18 5 5
18 5 5
18 5 5
18 5 5
18 5 5
18 5 5
18 5 5
18 5 5
# ave_measured_val[1][1] = 754
# hoge
# min_loss : 338  estimate[18] = 0
19 -5 -5
19 -5 -5
19 -5 -5
19 -5 -5
19 -5 -5
19 -5 -5
19 -5 -5
19 -5 -5
19 -5 -5
19 -5 -5
# ave_measured_val[0][0] = 664
19 -5 5
19 -5 5
19 -5 5
19 -5 5
19 -5 5
19 -5 5
19 -5 5
19 -5 5
19 -5 5
19 -5 5
# ave_measured_val[0][1] = 763
19 5 -5
19 5 -5
19 5 -5
19 5 -5
19 5 -5
19 5 -5
19 5 -5
19 5 -5
19 5 -5
19 5 -5
# ave_measured_val[1][0] = 715
19 5 5
19 5 5
19 5 5
19 5 5
19 5 5
19 5 5
19 5 5
19 5 5
19 5 5
19 5 5
# ave_measured_val[1][1] = 709
# hoge
# min_loss : 371  estimate[19] = 0
# min_loss : 311  estimate[19] = 1
# min_loss : 273  estimate[19] = 31
# min_loss : 253  estimate[19] = 32
# min_loss : 251  estimate[19] = 35
20 -5 -5
20 -5 -5
20 -5 -5
20 -5 -5
20 -5 -5
20 -5 -5
20 -5 -5
20 -5 -5
20 -5 -5
20 -5 -5
# ave_measured_val[0][0] = 478
20 -5 5
20 -5 5
20 -5 5
20 -5 5
20 -5 5
20 -5 5
20 -5 5
20 -5 5
20 -5 5
20 -5 5
# ave_measured_val[0][1] = 572
20 5 -5
20 5 -5
20 5 -5
20 5 -5
20 5 -5
20 5 -5
20 5 -5
20 5 -5
20 5 -5
20 5 -5
# ave_measured_val[1][0] = 666
20 5 5
20 5 5
20 5 5
20 5 5
20 5 5
20 5 5
20 5 5
20 5 5
20 5 5
20 5 5
# ave_measured_val[1][1] = 661
# hoge
# min_loss : 155  estimate[20] = 0
# min_loss : 149  estimate[20] = 76
# min_loss : 109  estimate[20] = 81
# min_loss : 107  estimate[20] = 87
21 -5 -5
21 -5 -5
21 -5 -5
21 -5 -5
21 -5 -5
21 -5 -5
21 -5 -5
21 -5 -5
21 -5 -5
21 -5 -5
# ave_measured_val[0][0] = 699
21 -5 5
21 -5 5
21 -5 5
21 -5 5
21 -5 5
21 -5 5
21 -5 5
21 -5 5
21 -5 5
21 -5 5
# ave_measured_val[0][1] = 663
21 5 -5
21 5 -5
21 5 -5
21 5 -5
21 5 -5
21 5 -5
21 5 -5
21 5 -5
21 5 -5
21 5 -5
# ave_measured_val[1][0] = 701
21 5 5
21 5 5
21 5 5
21 5 5
21 5 5
21 5 5
21 5 5
21 5 5
21 5 5
21 5 5
# ave_measured_val[1][1] = 753
# hoge
# min_loss : 336  estimate[21] = 0
# min_loss : 276  estimate[21] = 1
# min_loss : 216  estimate[21] = 30
22 -5 -5
22 -5 -5
22 -5 -5
22 -5 -5
22 -5 -5
22 -5 -5
22 -5 -5
22 -5 -5
22 -5 -5
22 -5 -5
# ave_measured_val[0][0] = 634
22 -5 5
22 -5 5
22 -5 5
22 -5 5
22 -5 5
22 -5 5
22 -5 5
22 -5 5
22 -5 5
22 -5 5
# ave_measured_val[0][1] = 642
22 5 -5
22 5 -5
22 5 -5
22 5 -5
22 5 -5
22 5 -5
22 5 -5
22 5 -5
22 5 -5
22 5 -5
# ave_measured_val[1][0] = 580
22 5 5
22 5 5
22 5 5
22 5 5
22 5 5
22 5 5
22 5 5
22 5 5
22 5 5
22 5 5
# ave_measured_val[1][1] = 682
# hoge
# min_loss : 178  estimate[22] = 0
# min_loss : 138  estimate[22] = 1
# min_loss : 118  estimate[22] = 2
# min_loss : 98  estimate[22] = 3
# min_loss : 94  estimate[22] = 4
23 -5 -5
23 -5 -5
23 -5 -5
23 -5 -5
23 -5 -5
23 -5 -5
23 -5 -5
23 -5 -5
23 -5 -5
23 -5 -5
# ave_measured_val[0][0] = 592
23 -5 5
23 -5 5
23 -5 5
23 -5 5
23 -5 5
23 -5 5
23 -5 5
23 -5 5
23 -5 5
23 -5 5
# ave_measured_val[0][1] = 596
23 5 -5
23 5 -5
23 5 -5
23 5 -5
23 5 -5
23 5 -5
23 5 -5
23 5 -5
23 5 -5
23 5 -5
# ave_measured_val[1][0] = 598
23 5 5
23 5 5
23 5 5
23 5 5
23 5 5
23 5 5
23 5 5
23 5 5
23 5 5
23 5 5
# ave_measured_val[1][1] = 574
# hoge
# min_loss : 164  estimate[23] = 0
# min_loss : 120  estimate[23] = 7
24 -5 -5
24 -5 -5
24 -5 -5
24 -5 -5
24 -5 -5
24 -5 -5
24 -5 -5
24 -5 -5
24 -5 -5
24 -5 -5
# ave_measured_val[0][0] = 433
24 -5 5
24 -5 5
24 -5 5
24 -5 5
24 -5 5
24 -5 5
24 -5 5
24 -5 5
24 -5 5
24 -5 5
# ave_measured_val[0][1] = 464
24 5 -5
24 5 -5
24 5 -5
24 5 -5
24 5 -5
24 5 -5
24 5 -5
24 5 -5
24 5 -5
24 5 -5
# ave_measured_val[1][0] = 650
24 5 5
24 5 5
24 5 5
24 5 5
24 5 5
24 5 5
24 5 5
24 5 5
24 5 5
24 5 5
# ave_measured_val[1][1] = 528
# hoge
# min_loss : 425  estimate[24] = 0
# min_loss : 385  estimate[24] = 70
25 -5 -5
25 -5 -5
25 -5 -5
25 -5 -5
25 -5 -5
25 -5 -5
25 -5 -5
25 -5 -5
25 -5 -5
25 -5 -5
# ave_measured_val[0][0] = 557
25 -5 5
25 -5 5
25 -5 5
25 -5 5
25 -5 5
25 -5 5
25 -5 5
25 -5 5
25 -5 5
25 -5 5
# ave_measured_val[0][1] = 722
25 5 -5
25 5 -5
25 5 -5
25 5 -5
25 5 -5
25 5 -5
25 5 -5
25 5 -5
25 5 -5
25 5 -5
# ave_measured_val[1][0] = 710
25 5 5
25 5 5
25 5 5
25 5 5
25 5 5
25 5 5
25 5 5
25 5 5
25 5 5
25 5 5
# ave_measured_val[1][1] = 766
# hoge
# min_loss : 301  estimate[25] = 0
# min_loss : 281  estimate[25] = 1
# min_loss : 261  estimate[25] = 13
# min_loss : 215  estimate[25] = 18
# min_loss : 155  estimate[25] = 30
26 -5 -5
26 -5 -5
26 -5 -5
26 -5 -5
26 -5 -5
26 -5 -5
26 -5 -5
26 -5 -5
26 -5 -5
26 -5 -5
# ave_measured_val[0][0] = 505
26 -5 5
26 -5 5
26 -5 5
26 -5 5
26 -5 5
26 -5 5
26 -5 5
26 -5 5
26 -5 5
26 -5 5
# ave_measured_val[0][1] = 613
26 5 -5
26 5 -5
26 5 -5
26 5 -5
26 5 -5
26 5 -5
26 5 -5
26 5 -5
26 5 -5
26 5 -5
# ave_measured_val[1][0] = 417
26 5 5
26 5 5
26 5 5
26 5 5
26 5 5
26 5 5
26 5 5
26 5 5
26 5 5
26 5 5
# ave_measured_val[1][1] = 506
# hoge
# min_loss : 465  estimate[26] = 0
# min_loss : 419  estimate[26] = 6
27 -5 -5
27 -5 -5
27 -5 -5
27 -5 -5
27 -5 -5
27 -5 -5
27 -5 -5
27 -5 -5
27 -5 -5
27 -5 -5
# ave_measured_val[0][0] = 690
27 -5 5
27 -5 5
27 -5 5
27 -5 5
27 -5 5
27 -5 5
27 -5 5
27 -5 5
27 -5 5
27 -5 5
# ave_measured_val[0][1] = 639
27 5 -5
27 5 -5
27 5 -5
27 5 -5
27 5 -5
27 5 -5
27 5 -5
27 5 -5
27 5 -5
27 5 -5
# ave_measured_val[1][0] = 889
27 5 5
27 5 5
27 5 5
27 5 5
27 5 5
27 5 5
27 5 5
27 5 5
27 5 5
27 5 5
# ave_measured_val[1][1] = 481
# hoge
# min_loss : 597  estimate[27] = 0
# min_loss : 557  estimate[27] = 1
# min_loss : 537  estimate[27] = 2
# min_loss : 519  estimate[27] = 3
# min_loss : 499  estimate[27] = 44
# min_loss : 497  estimate[27] = 49
# min_loss : 459  estimate[27] = 51
# min_loss : 379  estimate[27] = 55
# min_loss : 357  estimate[27] = 59
28 -5 -5
28 -5 -5
28 -5 -5
28 -5 -5
28 -5 -5
28 -5 -5
28 -5 -5
28 -5 -5
28 -5 -5
28 -5 -5
# ave_measured_val[0][0] = 816
28 -5 5
28 -5 5
28 -5 5
28 -5 5
28 -5 5
28 -5 5
28 -5 5
28 -5 5
28 -5 5
28 -5 5
# ave_measured_val[0][1] = 573
28 5 -5
28 5 -5
28 5 -5
28 5 -5
28 5 -5
28 5 -5
28 5 -5
28 5 -5
28 5 -5
28 5 -5
# ave_measured_val[1][0] = 684
28 5 5
28 5 5
28 5 5
28 5 5
28 5 5
28 5 5
28 5 5
28 5 5
28 5 5
28 5 5
# ave_measured_val[1][1] = 702
# hoge
# min_loss : 349  estimate[28] = 0
# min_loss : 329  estimate[28] = 1
# min_loss : 277  estimate[28] = 42
# min_loss : 269  estimate[28] = 43
# min_loss : 261  estimate[28] = 54
29 -5 -5
29 -5 -5
29 -5 -5
29 -5 -5
29 -5 -5
29 -5 -5
29 -5 -5
29 -5 -5
29 -5 -5
29 -5 -5
# ave_measured_val[0][0] = 654
29 -5 5
29 -5 5
29 -5 5
29 -5 5
29 -5 5
29 -5 5
29 -5 5
29 -5 5
29 -5 5
29 -5 5
# ave_measured_val[0][1] = 561
29 5 -5
29 5 -5
29 5 -5
29 5 -5
29 5 -5
29 5 -5
29 5 -5
29 5 -5
29 5 -5
29 5 -5
# ave_measured_val[1][0] = 695
29 5 5
29 5 5
29 5 5
29 5 5
29 5 5
29 5 5
29 5 5
29 5 5
29 5 5
29 5 5
# ave_measured_val[1][1] = 618
# hoge
# min_loss : 230  estimate[29] = 0
# min_loss : 210  estimate[29] = 41
# min_loss : 170  estimate[29] = 49
# min_loss : 130  estimate[29] = 54
# min_loss : 50  estimate[29] = 57
# min_loss : 38  estimate[29] = 60
# min_loss : 34  estimate[29] = 66
30 -5 -5
30 -5 -5
30 -5 -5
30 -5 -5
30 -5 -5
30 -5 -5
30 -5 -5
30 -5 -5
30 -5 -5
30 -5 -5
# ave_measured_val[0][0] = 633
30 -5 5
30 -5 5
30 -5 5
30 -5 5
30 -5 5
30 -5 5
30 -5 5
30 -5 5
30 -5 5
30 -5 5
# ave_measured_val[0][1] = 740
30 5 -5
30 5 -5
30 5 -5
30 5 -5
30 5 -5
30 5 -5
30 5 -5
30 5 -5
30 5 -5
30 5 -5
# ave_measured_val[1][0] = 640
30 5 5
30 5 5
30 5 5
30 5 5
30 5 5
30 5 5
30 5 5
30 5 5
30 5 5
30 5 5
# ave_measured_val[1][1] = 506
# hoge
# min_loss : 367  estimate[30] = 0
# min_loss : 347  estimate[30] = 1
# min_loss : 307  estimate[30] = 2
# min_loss : 287  estimate[30] = 3
# min_loss : 267  estimate[30] = 4
# min_loss : 241  estimate[30] = 5
31 -5 -5
31 -5 -5
31 -5 -5
31 -5 -5
31 -5 -5
31 -5 -5
31 -5 -5
31 -5 -5
31 -5 -5
31 -5 -5
# ave_measured_val[0][0] = 703
31 -5 5
31 -5 5
31 -5 5
31 -5 5
31 -5 5
31 -5 5
31 -5 5
31 -5 5
31 -5 5
31 -5 5
# ave_measured_val[0][1] = 514
31 5 -5
31 5 -5
31 5 -5
31 5 -5
31 5 -5
31 5 -5
31 5 -5
31 5 -5
31 5 -5
31 5 -5
# ave_measured_val[1][0] = 564
31 5 5
31 5 5
31 5 5
31 5 5
31 5 5
31 5 5
31 5 5
31 5 5
31 5 5
31 5 5
# ave_measured_val[1][1] = 659
# hoge
# min_loss : 306  estimate[31] = 0
# min_loss : 286  estimate[31] = 3
# min_loss : 284  estimate[31] = 4
32 -5 -5
32 -5 -5
32 -5 -5
32 -5 -5
32 -5 -5
32 -5 -5
32 -5 -5
32 -5 -5
32 -5 -5
32 -5 -5
# ave_measured_val[0][0] = 621
32 -5 5
32 -5 5
32 -5 5
32 -5 5
32 -5 5
32 -5 5
32 -5 5
32 -5 5
32 -5 5
32 -5 5
# ave_measured_val[0][1] = 405
32 5 -5
32 5 -5
32 5 -5
32 5 -5
32 5 -5
32 5 -5
32 5 -5
32 5 -5
32 5 -5
32 5 -5
# ave_measured_val[1][0] = 713
32 5 5
32 5 5
32 5 5
32 5 5
32 5 5
32 5 5
32 5 5
32 5 5
32 5 5
32 5 5
# ave_measured_val[1][1] = 635
# hoge
# min_loss : 354  estimate[32] = 0
# min_loss : 334  estimate[32] = 41
# min_loss : 294  estimate[32] = 49
# min_loss : 272  estimate[32] = 54
# min_loss : 222  estimate[32] = 57
# min_loss : 156  estimate[32] = 65
33 -5 -5
33 -5 -5
33 -5 -5
33 -5 -5
33 -5 -5
33 -5 -5
33 -5 -5
33 -5 -5
33 -5 -5
33 -5 -5
# ave_measured_val[0][0] = 684
33 -5 5
33 -5 5
33 -5 5
33 -5 5
33 -5 5
33 -5 5
33 -5 5
33 -5 5
33 -5 5
33 -5 5
# ave_measured_val[0][1] = 711
33 5 -5
33 5 -5
33 5 -5
33 5 -5
33 5 -5
33 5 -5
33 5 -5
33 5 -5
33 5 -5
33 5 -5
# ave_measured_val[1][0] = 644
33 5 5
33 5 5
33 5 5
33 5 5
33 5 5
33 5 5
33 5 5
33 5 5
33 5 5
33 5 5
# ave_measured_val[1][1] = 693
# hoge
# min_loss : 252  estimate[33] = 0
# min_loss : 204  estimate[33] = 1
# min_loss : 192  estimate[33] = 2
# min_loss : 186  estimate[33] = 31
# min_loss : 166  estimate[33] = 32
# min_loss : 132  estimate[33] = 39
34 -5 -5
34 -5 -5
34 -5 -5
34 -5 -5
34 -5 -5
34 -5 -5
34 -5 -5
34 -5 -5
34 -5 -5
34 -5 -5
# ave_measured_val[0][0] = 453
34 -5 5
34 -5 5
34 -5 5
34 -5 5
34 -5 5
34 -5 5
34 -5 5
34 -5 5
34 -5 5
34 -5 5
# ave_measured_val[0][1] = 686
34 5 -5
34 5 -5
34 5 -5
34 5 -5
34 5 -5
34 5 -5
34 5 -5
34 5 -5
34 5 -5
34 5 -5
# ave_measured_val[1][0] = 657
34 5 5
34 5 5
34 5 5
34 5 5
34 5 5
34 5 5
34 5 5
34 5 5
34 5 5
34 5 5
# ave_measured_val[1][1] = 872
# hoge
# min_loss : 422  estimate[34] = 0
# min_loss : 402  estimate[34] = 1
# min_loss : 382  estimate[34] = 13
# min_loss : 362  estimate[34] = 16
# min_loss : 322  estimate[34] = 17
# min_loss : 302  estimate[34] = 18
# min_loss : 282  estimate[34] = 29
# min_loss : 262  estimate[34] = 30
35 -5 -5
35 -5 -5
35 -5 -5
35 -5 -5
35 -5 -5
35 -5 -5
35 -5 -5
35 -5 -5
35 -5 -5
35 -5 -5
# ave_measured_val[0][0] = 575
35 -5 5
35 -5 5
35 -5 5
35 -5 5
35 -5 5
35 -5 5
35 -5 5
35 -5 5
35 -5 5
35 -5 5
# ave_measured_val[0][1] = 627
35 5 -5
35 5 -5
35 5 -5
35 5 -5
35 5 -5
35 5 -5
35 5 -5
35 5 -5
35 5 -5
35 5 -5
# ave_measured_val[1][0] = 739
35 5 5
35 5 5
35 5 5
35 5 5
35 5 5
35 5 5
35 5 5
35 5 5
35 5 5
35 5 5
# ave_measured_val[1][1] = 661
# hoge
# min_loss : 140  estimate[35] = 0
# min_loss : 130  estimate[35] = 1
36 -5 -5
36 -5 -5
36 -5 -5
36 -5 -5
36 -5 -5
36 -5 -5
36 -5 -5
36 -5 -5
36 -5 -5
36 -5 -5
# ave_measured_val[0][0] = 619
36 -5 5
36 -5 5
36 -5 5
36 -5 5
36 -5 5
36 -5 5
36 -5 5
36 -5 5
36 -5 5
36 -5 5
# ave_measured_val[0][1] = 550
36 5 -5
36 5 -5
36 5 -5
36 5 -5
36 5 -5
36 5 -5
36 5 -5
36 5 -5
36 5 -5
36 5 -5
# ave_measured_val[1][0] = 631
36 5 5
36 5 5
36 5 5
36 5 5
36 5 5
36 5 5
36 5 5
36 5 5
36 5 5
36 5 5
# ave_measured_val[1][1] = 509
# hoge
# min_loss : 269  estimate[36] = 0
# min_loss : 251  estimate[36] = 3
# min_loss : 231  estimate[36] = 49
# min_loss : 193  estimate[36] = 69
# min_loss : 171  estimate[36] = 70
# min_loss : 153  estimate[36] = 73
37 -5 -5
37 -5 -5
37 -5 -5
37 -5 -5
37 -5 -5
37 -5 -5
37 -5 -5
37 -5 -5
37 -5 -5
37 -5 -5
# ave_measured_val[0][0] = 526
37 -5 5
37 -5 5
37 -5 5
37 -5 5
37 -5 5
37 -5 5
37 -5 5
37 -5 5
37 -5 5
37 -5 5
# ave_measured_val[0][1] = 712
37 5 -5
37 5 -5
37 5 -5
37 5 -5
37 5 -5
37 5 -5
37 5 -5
37 5 -5
37 5 -5
37 5 -5
# ave_measured_val[1][0] = 529
37 5 5
37 5 5
37 5 5
37 5 5
37 5 5
37 5 5
37 5 5
37 5 5
37 5 5
37 5 5
# ave_measured_val[1][1] = 593
# hoge
# min_loss : 344  estimate[37] = 0
# min_loss : 324  estimate[37] = 3
# min_loss : 304  estimate[37] = 4
# min_loss : 224  estimate[37] = 5
# min_loss : 190  estimate[37] = 6
# min_loss : 184  estimate[37] = 12
# min_loss : 122  estimate[37] = 22
38 -5 -5
38 -5 -5
38 -5 -5
38 -5 -5
38 -5 -5
38 -5 -5
38 -5 -5
38 -5 -5
38 -5 -5
38 -5 -5
# ave_measured_val[0][0] = 632
38 -5 5
38 -5 5
38 -5 5
38 -5 5
38 -5 5
38 -5 5
38 -5 5
38 -5 5
38 -5 5
38 -5 5
# ave_measured_val[0][1] = 563
38 5 -5
38 5 -5
38 5 -5
38 5 -5
38 5 -5
38 5 -5
38 5 -5
38 5 -5
38 5 -5
38 5 -5
# ave_measured_val[1][0] = 889
38 5 5
38 5 5
38 5 5
38 5 5
38 5 5
38 5 5
38 5 5
38 5 5
38 5 5
38 5 5
# ave_measured_val[1][1] = 344
# hoge
# min_loss : 674  estimate[38] = 0
# min_loss : 654  estimate[38] = 41
# min_loss : 614  estimate[38] = 49
# min_loss : 574  estimate[38] = 54
# min_loss : 510  estimate[38] = 57
# min_loss : 490  estimate[38] = 62
# min_loss : 480  estimate[38] = 65
# min_loss : 476  estimate[38] = 66
39 -5 -5
39 -5 -5
39 -5 -5
39 -5 -5
39 -5 -5
39 -5 -5
39 -5 -5
39 -5 -5
39 -5 -5
39 -5 -5
# ave_measured_val[0][0] = 626
39 -5 5
39 -5 5
39 -5 5
39 -5 5
39 -5 5
39 -5 5
39 -5 5
39 -5 5
39 -5 5
39 -5 5
# ave_measured_val[0][1] = 522
39 5 -5
39 5 -5
39 5 -5
39 5 -5
39 5 -5
39 5 -5
39 5 -5
39 5 -5
39 5 -5
39 5 -5
# ave_measured_val[1][0] = 702
39 5 5
39 5 5
39 5 5
39 5 5
39 5 5
39 5 5
39 5 5
39 5 5
39 5 5
39 5 5
# ave_measured_val[1][1] = 572
# hoge
# min_loss : 294  estimate[39] = 0
# min_loss : 274  estimate[39] = 41
# min_loss : 234  estimate[39] = 49
# min_loss : 202  estimate[39] = 54
# min_loss : 142  estimate[39] = 57
# min_loss : 78  estimate[39] = 65
# min_loss : 62  estimate[39] = 70
40 -5 -5
40 -5 -5
40 -5 -5
40 -5 -5
40 -5 -5
40 -5 -5
40 -5 -5
40 -5 -5
40 -5 -5
40 -5 -5
# ave_measured_val[0][0] = 484
40 -5 5
40 -5 5
40 -5 5
40 -5 5
40 -5 5
40 -5 5
40 -5 5
40 -5 5
40 -5 5
40 -5 5
# ave_measured_val[0][1] = 662
40 5 -5
40 5 -5
40 5 -5
40 5 -5
40 5 -5
40 5 -5
40 5 -5
40 5 -5
40 5 -5
40 5 -5
# ave_measured_val[1][0] = 587
40 5 5
40 5 5
40 5 5
40 5 5
40 5 5
40 5 5
40 5 5
40 5 5
40 5 5
40 5 5
# ave_measured_val[1][1] = 756
# hoge
# min_loss : 287  estimate[40] = 0
# min_loss : 247  estimate[40] = 8
# min_loss : 207  estimate[40] = 13
# min_loss : 167  estimate[40] = 16
# min_loss : 127  estimate[40] = 23
41 -5 -5
41 -5 -5
41 -5 -5
41 -5 -5
41 -5 -5
41 -5 -5
41 -5 -5
41 -5 -5
41 -5 -5
41 -5 -5
# ave_measured_val[0][0] = 726
41 -5 5
41 -5 5
41 -5 5
41 -5 5
41 -5 5
41 -5 5
41 -5 5
41 -5 5
41 -5 5
41 -5 5
# ave_measured_val[0][1] = 598
41 5 -5
41 5 -5
41 5 -5
41 5 -5
41 5 -5
41 5 -5
41 5 -5
41 5 -5
41 5 -5
41 5 -5
# ave_measured_val[1][0] = 682
41 5 5
41 5 5
41 5 5
41 5 5
41 5 5
41 5 5
41 5 5
41 5 5
41 5 5
41 5 5
# ave_measured_val[1][1] = 616
# hoge
# min_loss : 254  estimate[41] = 0
# min_loss : 234  estimate[41] = 41
# min_loss : 194  estimate[41] = 49
# min_loss : 170  estimate[41] = 54
# min_loss : 114  estimate[41] = 55
# min_loss : 98  estimate[41] = 60
# min_loss : 66  estimate[41] = 63
42 -5 -5
42 -5 -5
42 -5 -5
42 -5 -5
42 -5 -5
42 -5 -5
42 -5 -5
42 -5 -5
42 -5 -5
42 -5 -5
# ave_measured_val[0][0] = 552
42 -5 5
42 -5 5
42 -5 5
42 -5 5
42 -5 5
42 -5 5
42 -5 5
42 -5 5
42 -5 5
42 -5 5
# ave_measured_val[0][1] = 722
42 5 -5
42 5 -5
42 5 -5
42 5 -5
42 5 -5
42 5 -5
42 5 -5
42 5 -5
42 5 -5
42 5 -5
# ave_measured_val[1][0] = 605
42 5 5
42 5 5
42 5 5
42 5 5
42 5 5
42 5 5
42 5 5
42 5 5
42 5 5
42 5 5
# ave_measured_val[1][1] = 753
# hoge
# min_loss : 258  estimate[42] = 0
# min_loss : 218  estimate[42] = 8
# min_loss : 178  estimate[42] = 13
# min_loss : 162  estimate[42] = 16
# min_loss : 138  estimate[42] = 19
# min_loss : 108  estimate[42] = 24
43 -5 -5
43 -5 -5
43 -5 -5
43 -5 -5
43 -5 -5
43 -5 -5
43 -5 -5
43 -5 -5
43 -5 -5
43 -5 -5
# ave_measured_val[0][0] = 619
43 -5 5
43 -5 5
43 -5 5
43 -5 5
43 -5 5
43 -5 5
43 -5 5
43 -5 5
43 -5 5
43 -5 5
# ave_measured_val[0][1] = 478
43 5 -5
43 5 -5
43 5 -5
43 5 -5
43 5 -5
43 5 -5
43 5 -5
43 5 -5
43 5 -5
43 5 -5
# ave_measured_val[1][0] = 551
43 5 5
43 5 5
43 5 5
43 5 5
43 5 5
43 5 5
43 5 5
43 5 5
43 5 5
43 5 5
# ave_measured_val[1][1] = 663
# hoge
# min_loss : 267  estimate[43] = 0
# min_loss : 253  estimate[43] = 3
44 -5 -5
44 -5 -5
44 -5 -5
44 -5 -5
44 -5 -5
44 -5 -5
44 -5 -5
44 -5 -5
44 -5 -5
44 -5 -5
# ave_measured_val[0][0] = 633
44 -5 5
44 -5 5
44 -5 5
44 -5 5
44 -5 5
44 -5 5
44 -5 5
44 -5 5
44 -5 5
44 -5 5
# ave_measured_val[0][1] = 522
44 5 -5
44 5 -5
44 5 -5
44 5 -5
44 5 -5
44 5 -5
44 5 -5
44 5 -5
44 5 -5
44 5 -5
# ave_measured_val[1][0] = 714
44 5 5
44 5 5
44 5 5
44 5 5
44 5 5
44 5 5
44 5 5
44 5 5
44 5 5
44 5 5
# ave_measured_val[1][1] = 834
# hoge
# min_loss : 379  estimate[44] = 0
# min_loss : 359  estimate[44] = 1
# min_loss : 279  estimate[44] = 42
# min_loss : 231  estimate[44] = 65
45 -5 -5
45 -5 -5
45 -5 -5
45 -5 -5
45 -5 -5
45 -5 -5
45 -5 -5
45 -5 -5
45 -5 -5
45 -5 -5
# ave_measured_val[0][0] = 614
45 -5 5
45 -5 5
45 -5 5
45 -5 5
45 -5 5
45 -5 5
45 -5 5
45 -5 5
45 -5 5
45 -5 5
# ave_measured_val[0][1] = 777
45 5 -5
45 5 -5
45 5 -5
45 5 -5
45 5 -5
45 5 -5
45 5 -5
45 5 -5
45 5 -5
45 5 -5
# ave_measured_val[1][0] = 708
45 5 5
45 5 5
45 5 5
45 5 5
45 5 5
45 5 5
45 5 5
45 5 5
45 5 5
45 5 5
# ave_measured_val[1][1] = 739
# hoge
# min_loss : 358  estimate[45] = 0
# min_loss : 298  estimate[45] = 1
# min_loss : 260  estimate[45] = 30
# min_loss : 238  estimate[45] = 31
46 -5 -5
46 -5 -5
46 -5 -5
46 -5 -5
46 -5 -5
46 -5 -5
46 -5 -5
46 -5 -5
46 -5 -5
46 -5 -5
# ave_measured_val[0][0] = 604
46 -5 5
46 -5 5
46 -5 5
46 -5 5
46 -5 5
46 -5 5
46 -5 5
46 -5 5
46 -5 5
46 -5 5
# ave_measured_val[0][1] = 606
46 5 -5
46 5 -5
46 5 -5
46 5 -5
46 5 -5
46 5 -5
46 5 -5
46 5 -5
46 5 -5
46 5 -5
# ave_measured_val[1][0] = 669
46 5 5
46 5 5
46 5 5
46 5 5
46 5 5
46 5 5
46 5 5
46 5 5
46 5 5
46 5 5
# ave_measured_val[1][1] = 733
# hoge
# min_loss : 132  estimate[46] = 0
# min_loss : 100  estimate[46] = 1
# min_loss : 62  estimate[46] = 42
47 -5 -5
47 -5 -5
47 -5 -5
47 -5 -5
47 -5 -5
47 -5 -5
47 -5 -5
47 -5 -5
47 -5 -5
47 -5 -5
# ave_measured_val[0][0] = 494
47 -5 5
47 -5 5
47 -5 5
47 -5 5
47 -5 5
47 -5 5
47 -5 5
47 -5 5
47 -5 5
47 -5 5
# ave_measured_val[0][1] = 604
47 5 -5
47 5 -5
47 5 -5
47 5 -5
47 5 -5
47 5 -5
47 5 -5
47 5 -5
47 5 -5
47 5 -5
# ave_measured_val[1][0] = 495
47 5 5
47 5 5
47 5 5
47 5 5
47 5 5
47 5 5
47 5 5
47 5 5
47 5 5
47 5 5
# ave_measured_val[1][1] = 615
# hoge
# min_loss : 280  estimate[47] = 0
# min_loss : 272  estimate[47] = 7
# min_loss : 262  estimate[47] = 22
48 -5 -5
48 -5 -5
48 -5 -5
48 -5 -5
48 -5 -5
48 -5 -5
48 -5 -5
48 -5 -5
48 -5 -5
48 -5 -5
# ave_measured_val[0][0] = 695
48 -5 5
48 -5 5
48 -5 5
48 -5 5
48 -5 5
48 -5 5
48 -5 5
48 -5 5
48 -5 5
48 -5 5
# ave_measured_val[0][1] = 547
48 5 -5
48 5 -5
48 5 -5
48 5 -5
48 5 -5
48 5 -5
48 5 -5
48 5 -5
48 5 -5
48 5 -5
# ave_measured_val[1][0] = 565
48 5 5
48 5 5
48 5 5
48 5 5
48 5 5
48 5 5
48 5 5
48 5 5
48 5 5
48 5 5
# ave_measured_val[1][1] = 506
# hoge
# min_loss : 417  estimate[48] = 0
# min_loss : 397  estimate[48] = 3
# min_loss : 377  estimate[48] = 4
# min_loss : 297  estimate[48] = 5
# min_loss : 267  estimate[48] = 6
# min_loss : 257  estimate[48] = 47
# min_loss : 207  estimate[48] = 56
# min_loss : 167  estimate[48] = 69
# min_loss : 147  estimate[48] = 73
49 -5 -5
49 -5 -5
49 -5 -5
49 -5 -5
49 -5 -5
49 -5 -5
49 -5 -5
49 -5 -5
49 -5 -5
49 -5 -5
# ave_measured_val[0][0] = 603
49 -5 5
49 -5 5
49 -5 5
49 -5 5
49 -5 5
49 -5 5
49 -5 5
49 -5 5
49 -5 5
49 -5 5
# ave_measured_val[0][1] = 665
49 5 -5
49 5 -5
49 5 -5
49 5 -5
49 5 -5
49 5 -5
49 5 -5
49 5 -5
49 5 -5
49 5 -5
# ave_measured_val[1][0] = 814
49 5 5
49 5 5
49 5 5
49 5 5
49 5 5
49 5 5
49 5 5
49 5 5
49 5 5
49 5 5
# ave_measured_val[1][1] = 713
# hoge
# min_loss : 315  estimate[49] = 0
# min_loss : 255  estimate[49] = 1
# min_loss : 239  estimate[49] = 31
# min_loss : 205  estimate[49] = 34
# min_loss : 195  estimate[49] = 42
50 -5 -5
50 -5 -5
50 -5 -5
50 -5 -5
50 -5 -5
50 -5 -5
50 -5 -5
50 -5 -5
50 -5 -5
50 -5 -5
# ave_measured_val[0][0] = 716
50 -5 5
50 -5 5
50 -5 5
50 -5 5
50 -5 5
50 -5 5
50 -5 5
50 -5 5
50 -5 5
50 -5 5
# ave_measured_val[0][1] = 579
50 5 -5
50 5 -5
50 5 -5
50 5 -5
50 5 -5
50 5 -5
50 5 -5
50 5 -5
50 5 -5
50 5 -5
# ave_measured_val[1][0] = 670
50 5 5
50 5 5
50 5 5
50 5 5
50 5 5
50 5 5
50 5 5
50 5 5
50 5 5
50 5 5
# ave_measured_val[1][1] = 395
# hoge
# min_loss : 472  estimate[50] = 0
# min_loss : 452  estimate[50] = 41
# min_loss : 412  estimate[50] = 49
# min_loss : 332  estimate[50] = 55
# min_loss : 300  estimate[50] = 58
# min_loss : 292  estimate[50] = 59
# min_loss : 240  estimate[50] = 63
# min_loss : 212  estimate[50] = 64
51 -5 -5
51 -5 -5
51 -5 -5
51 -5 -5
51 -5 -5
51 -5 -5
51 -5 -5
51 -5 -5
51 -5 -5
51 -5 -5
# ave_measured_val[0][0] = 683
51 -5 5
51 -5 5
51 -5 5
51 -5 5
51 -5 5
51 -5 5
51 -5 5
51 -5 5
51 -5 5
51 -5 5
# ave_measured_val[0][1] = 596
51 5 -5
51 5 -5
51 5 -5
51 5 -5
51 5 -5
51 5 -5
51 5 -5
51 5 -5
51 5 -5
51 5 -5
# ave_measured_val[1][0] = 608
51 5 5
51 5 5
51 5 5
51 5 5
51 5 5
51 5 5
51 5 5
51 5 5
51 5 5
51 5 5
# ave_measured_val[1][1] = 574
# hoge
# min_loss : 245  estimate[51] = 0
# min_loss : 225  estimate[51] = 3
# min_loss : 205  estimate[51] = 4
# min_loss : 181  estimate[51] = 5
# min_loss : 165  estimate[51] = 45
# min_loss : 161  estimate[51] = 47
# min_loss : 139  estimate[51] = 51
# min_loss : 125  estimate[51] = 52
# min_loss : 103  estimate[51] = 56
# min_loss : 79  estimate[51] = 59
# min_loss : 53  estimate[51] = 74
52 -5 -5
52 -5 -5
52 -5 -5
52 -5 -5
52 -5 -5
52 -5 -5
52 -5 -5
52 -5 -5
52 -5 -5
52 -5 -5
# ave_measured_val[0][0] = 442
52 -5 5
52 -5 5
52 -5 5
52 -5 5
52 -5 5
52 -5 5
52 -5 5
52 -5 5
52 -5 5
52 -5 5
# ave_measured_val[0][1] = 507
52 5 -5
52 5 -5
52 5 -5
52 5 -5
52 5 -5
52 5 -5
52 5 -5
52 5 -5
52 5 -5
52 5 -5
# ave_measured_val[1][0] = 496
52 5 5
52 5 5
52 5 5
52 5 5
52 5 5
52 5 5
52 5 5
52 5 5
52 5 5
52 5 5
# ave_measured_val[1][1] = 600
# hoge
# min_loss : 435  estimate[52] = 0
# min_loss : 415  estimate[52] = 22
53 -5 -5
53 -5 -5
53 -5 -5
53 -5 -5
53 -5 -5
53 -5 -5
53 -5 -5
53 -5 -5
53 -5 -5
53 -5 -5
# ave_measured_val[0][0] = 567
53 -5 5
53 -5 5
53 -5 5
53 -5 5
53 -5 5
53 -5 5
53 -5 5
53 -5 5
53 -5 5
53 -5 5
# ave_measured_val[0][1] = 643
53 5 -5
53 5 -5
53 5 -5
53 5 -5
53 5 -5
53 5 -5
53 5 -5
53 5 -5
53 5 -5
53 5 -5
# ave_measured_val[1][0] = 599
53 5 5
53 5 5
53 5 5
53 5 5
53 5 5
53 5 5
53 5 5
53 5 5
53 5 5
53 5 5
# ave_measured_val[1][1] = 602
# hoge
# min_loss : 155  estimate[53] = 0
# min_loss : 135  estimate[53] = 3
# min_loss : 129  estimate[53] = 4
# min_loss : 95  estimate[53] = 7
54 -5 -5
54 -5 -5
54 -5 -5
54 -5 -5
54 -5 -5
54 -5 -5
54 -5 -5
54 -5 -5
54 -5 -5
54 -5 -5
# ave_measured_val[0][0] = 601
54 -5 5
54 -5 5
54 -5 5
54 -5 5
54 -5 5
54 -5 5
54 -5 5
54 -5 5
54 -5 5
54 -5 5
# ave_measured_val[0][1] = 610
54 5 -5
54 5 -5
54 5 -5
54 5 -5
54 5 -5
54 5 -5
54 5 -5
54 5 -5
54 5 -5
54 5 -5
# ave_measured_val[1][0] = 554
54 5 5
54 5 5
54 5 5
54 5 5
54 5 5
54 5 5
54 5 5
54 5 5
54 5 5
54 5 5
# ave_measured_val[1][1] = 647
# hoge
# min_loss : 150  estimate[54] = 0
# min_loss : 130  estimate[54] = 2
# min_loss : 128  estimate[54] = 3
# min_loss : 84  estimate[54] = 7
55 -5 -5
55 -5 -5
55 -5 -5
55 -5 -5
55 -5 -5
55 -5 -5
55 -5 -5
55 -5 -5
55 -5 -5
55 -5 -5
# ave_measured_val[0][0] = 652
55 -5 5
55 -5 5
55 -5 5
55 -5 5
55 -5 5
55 -5 5
55 -5 5
55 -5 5
55 -5 5
55 -5 5
# ave_measured_val[0][1] = 639
55 5 -5
55 5 -5
55 5 -5
55 5 -5
55 5 -5
55 5 -5
55 5 -5
55 5 -5
55 5 -5
55 5 -5
# ave_measured_val[1][0] = 388
55 5 5
55 5 5
55 5 5
55 5 5
55 5 5
55 5 5
55 5 5
55 5 5
55 5 5
55 5 5
# ave_measured_val[1][1] = 719
# hoge
# min_loss : 422  estimate[55] = 0
# min_loss : 382  estimate[55] = 1
# min_loss : 362  estimate[55] = 2
# min_loss : 344  estimate[55] = 3
56 -5 -5
56 -5 -5
56 -5 -5
56 -5 -5
56 -5 -5
56 -5 -5
56 -5 -5
56 -5 -5
56 -5 -5
56 -5 -5
# ave_measured_val[0][0] = 604
56 -5 5
56 -5 5
56 -5 5
56 -5 5
56 -5 5
56 -5 5
56 -5 5
56 -5 5
56 -5 5
56 -5 5
# ave_measured_val[0][1] = 705
56 5 -5
56 5 -5
56 5 -5
56 5 -5
56 5 -5
56 5 -5
56 5 -5
56 5 -5
56 5 -5
56 5 -5
# ave_measured_val[1][0] = 520
56 5 5
56 5 5
56 5 5
56 5 5
56 5 5
56 5 5
56 5 5
56 5 5
56 5 5
56 5 5
# ave_measured_val[1][1] = 732
# hoge
# min_loss : 321  estimate[56] = 0
# min_loss : 281  estimate[56] = 1
# min_loss : 261  estimate[56] = 2
# min_loss : 253  estimate[56] = 3
# min_loss : 213  estimate[56] = 10
# min_loss : 181  estimate[56] = 14
# min_loss : 161  estimate[56] = 20
# min_loss : 133  estimate[56] = 21
# min_loss : 123  estimate[56] = 27
57 -5 -5
57 -5 -5
57 -5 -5
57 -5 -5
57 -5 -5
57 -5 -5
57 -5 -5
57 -5 -5
57 -5 -5
57 -5 -5
# ave_measured_val[0][0] = 671
57 -5 5
57 -5 5
57 -5 5
57 -5 5
57 -5 5
57 -5 5
57 -5 5
57 -5 5
57 -5 5
57 -5 5
# ave_measured_val[0][1] = 644
57 5 -5
57 5 -5
57 5 -5
57 5 -5
57 5 -5
57 5 -5
57 5 -5
57 5 -5
57 5 -5
57 5 -5
# ave_measured_val[1][0] = 766
57 5 5
57 5 5
57 5 5
57 5 5
57 5 5
57 5 5
57 5 5
57 5 5
57 5 5
57 5 5
# ave_measured_val[1][1] = 553
# hoge
# min_loss : 388  estimate[57] = 0
# min_loss : 348  estimate[57] = 1
# min_loss : 328  estimate[57] = 2
# min_loss : 308  estimate[57] = 3
# min_loss : 300  estimate[57] = 4
# min_loss : 280  estimate[57] = 44
# min_loss : 278  estimate[57] = 51
# min_loss : 240  estimate[57] = 52
# min_loss : 186  estimate[57] = 55
58 -5 -5
58 -5 -5
58 -5 -5
58 -5 -5
58 -5 -5
58 -5 -5
58 -5 -5
58 -5 -5
58 -5 -5
58 -5 -5
# ave_measured_val[0][0] = 507
58 -5 5
58 -5 5
58 -5 5
58 -5 5
58 -5 5
58 -5 5
58 -5 5
58 -5 5
58 -5 5
58 -5 5
# ave_measured_val[0][1] = 587
58 5 -5
58 5 -5
58 5 -5
58 5 -5
58 5 -5
58 5 -5
58 5 -5
58 5 -5
58 5 -5
58 5 -5
# ave_measured_val[1][0] = 575
58 5 5
58 5 5
58 5 5
58 5 5
58 5 5
58 5 5
58 5 5
58 5 5
58 5 5
58 5 5
# ave_measured_val[1][1] = 300
# hoge
# min_loss : 511  estimate[58] = 0
# min_loss : 491  estimate[58] = 73
59 -5 -5
59 -5 -5
59 -5 -5
59 -5 -5
59 -5 -5
59 -5 -5
59 -5 -5
59 -5 -5
59 -5 -5
59 -5 -5
# ave_measured_val[0][0] = 645
59 -5 5
59 -5 5
59 -5 5
59 -5 5
59 -5 5
59 -5 5
59 -5 5
59 -5 5
59 -5 5
59 -5 5
# ave_measured_val[0][1] = 699
59 5 -5
59 5 -5
59 5 -5
59 5 -5
59 5 -5
59 5 -5
59 5 -5
59 5 -5
59 5 -5
59 5 -5
# ave_measured_val[1][0] = 446
59 5 5
59 5 5
59 5 5
59 5 5
59 5 5
59 5 5
59 5 5
59 5 5
59 5 5
59 5 5
# ave_measured_val[1][1] = 566
# hoge
# min_loss : 472  estimate[59] = 0
# min_loss : 452  estimate[59] = 1
# min_loss : 412  estimate[59] = 2
# min_loss : 372  estimate[59] = 3
# min_loss : 332  estimate[59] = 4
# min_loss : 202  estimate[59] = 5
# min_loss : 142  estimate[59] = 6
60 -5 -5
60 -5 -5
60 -5 -5
60 -5 -5
60 -5 -5
60 -5 -5
60 -5 -5
60 -5 -5
60 -5 -5
60 -5 -5
# ave_measured_val[0][0] = 539
60 -5 5
60 -5 5
60 -5 5
60 -5 5
60 -5 5
60 -5 5
60 -5 5
60 -5 5
60 -5 5
60 -5 5
# ave_measured_val[0][1] = 647
60 5 -5
60 5 -5
60 5 -5
60 5 -5
60 5 -5
60 5 -5
60 5 -5
60 5 -5
60 5 -5
60 5 -5
# ave_measured_val[1][0] = 611
60 5 5
60 5 5
60 5 5
60 5 5
60 5 5
60 5 5
60 5 5
60 5 5
60 5 5
60 5 5
# ave_measured_val[1][1] = 602
# hoge
# min_loss : 175  estimate[60] = 0
# min_loss : 155  estimate[60] = 3
# min_loss : 141  estimate[60] = 4
# min_loss : 117  estimate[60] = 7
61 -5 -5
61 -5 -5
61 -5 -5
61 -5 -5
61 -5 -5
61 -5 -5
61 -5 -5
61 -5 -5
61 -5 -5
61 -5 -5
# ave_measured_val[0][0] = 567
61 -5 5
61 -5 5
61 -5 5
61 -5 5
61 -5 5
61 -5 5
61 -5 5
61 -5 5
61 -5 5
61 -5 5
# ave_measured_val[0][1] = 679
61 5 -5
61 5 -5
61 5 -5
61 5 -5
61 5 -5
61 5 -5
61 5 -5
61 5 -5
61 5 -5
61 5 -5
# ave_measured_val[1][0] = 474
61 5 5
61 5 5
61 5 5
61 5 5
61 5 5
61 5 5
61 5 5
61 5 5
61 5 5
61 5 5
# ave_measured_val[1][1] = 701
# hoge
# min_loss : 279  estimate[61] = 0
# min_loss : 239  estimate[61] = 8
# min_loss : 199  estimate[61] = 13
# min_loss : 191  estimate[61] = 19
# min_loss : 161  estimate[61] = 20
# min_loss : 151  estimate[61] = 24
# min_loss : 121  estimate[61] = 25
62 -5 -5
62 -5 -5
62 -5 -5
62 -5 -5
62 -5 -5
62 -5 -5
62 -5 -5
62 -5 -5
62 -5 -5
62 -5 -5
# ave_measured_val[0][0] = 717
62 -5 5
62 -5 5
62 -5 5
62 -5 5
62 -5 5
62 -5 5
62 -5 5
62 -5 5
62 -5 5
62 -5 5
# ave_measured_val[0][1] = 616
62 5 -5
62 5 -5
62 5 -5
62 5 -5
62 5 -5
62 5 -5
62 5 -5
62 5 -5
62 5 -5
62 5 -5
# ave_measured_val[1][0] = 548
62 5 5
62 5 5
62 5 5
62 5 5
62 5 5
62 5 5
62 5 5
62 5 5
62 5 5
62 5 5
# ave_measured_val[1][1] = 512
# hoge
# min_loss : 413  estimate[62] = 0
# min_loss : 401  estimate[62] = 1
# min_loss : 381  estimate[62] = 2
# min_loss : 361  estimate[62] = 3
# min_loss : 341  estimate[62] = 4
# min_loss : 261  estimate[62] = 5
# min_loss : 201  estimate[62] = 6
# min_loss : 161  estimate[62] = 56
# min_loss : 87  estimate[62] = 69
63 -5 -5
63 -5 -5
63 -5 -5
63 -5 -5
63 -5 -5
63 -5 -5
63 -5 -5
63 -5 -5
63 -5 -5
63 -5 -5
# ave_measured_val[0][0] = 591
63 -5 5
63 -5 5
63 -5 5
63 -5 5
63 -5 5
63 -5 5
63 -5 5
63 -5 5
63 -5 5
63 -5 5
# ave_measured_val[0][1] = 494
63 5 -5
63 5 -5
63 5 -5
63 5 -5
63 5 -5
63 5 -5
63 5 -5
63 5 -5
63 5 -5
63 5 -5
# ave_measured_val[1][0] = 719
63 5 5
63 5 5
63 5 5
63 5 5
63 5 5
63 5 5
63 5 5
63 5 5
63 5 5
63 5 5
# ave_measured_val[1][1] = 435
# hoge
# min_loss : 441  estimate[63] = 0
# min_loss : 439  estimate[63] = 41
# min_loss : 421  estimate[63] = 42
# min_loss : 399  estimate[63] = 50
# min_loss : 359  estimate[63] = 57
# min_loss : 261  estimate[63] = 65
64 -5 -5
64 -5 -5
64 -5 -5
64 -5 -5
64 -5 -5
64 -5 -5
64 -5 -5
64 -5 -5
64 -5 -5
64 -5 -5
# ave_measured_val[0][0] = 574
64 -5 5
64 -5 5
64 -5 5
64 -5 5
64 -5 5
64 -5 5
64 -5 5
64 -5 5
64 -5 5
64 -5 5
# ave_measured_val[0][1] = 590
64 5 -5
64 5 -5
64 5 -5
64 5 -5
64 5 -5
64 5 -5
64 5 -5
64 5 -5
64 5 -5
64 5 -5
# ave_measured_val[1][0] = 712
64 5 5
64 5 5
64 5 5
64 5 5
64 5 5
64 5 5
64 5 5
64 5 5
64 5 5
64 5 5
# ave_measured_val[1][1] = 511
# hoge
# min_loss : 245  estimate[64] = 0
# min_loss : 237  estimate[64] = 50
# min_loss : 217  estimate[64] = 57
65 -5 -5
65 -5 -5
65 -5 -5
65 -5 -5
65 -5 -5
65 -5 -5
65 -5 -5
65 -5 -5
65 -5 -5
65 -5 -5
# ave_measured_val[0][0] = 740
65 -5 5
65 -5 5
65 -5 5
65 -5 5
65 -5 5
65 -5 5
65 -5 5
65 -5 5
65 -5 5
65 -5 5
# ave_measured_val[0][1] = 765
65 5 -5
65 5 -5
65 5 -5
65 5 -5
65 5 -5
65 5 -5
65 5 -5
65 5 -5
65 5 -5
65 5 -5
# ave_measured_val[1][0] = 580
65 5 5
65 5 5
65 5 5
65 5 5
65 5 5
65 5 5
65 5 5
65 5 5
65 5 5
65 5 5
# ave_measured_val[1][1] = 525
# hoge
# min_loss : 540  estimate[65] = 0
# min_loss : 520  estimate[65] = 1
# min_loss : 480  estimate[65] = 2
# min_loss : 440  estimate[65] = 3
# min_loss : 400  estimate[65] = 4
# min_loss : 240  estimate[65] = 5
# min_loss : 200  estimate[65] = 40
66 -5 -5
66 -5 -5
66 -5 -5
66 -5 -5
66 -5 -5
66 -5 -5
66 -5 -5
66 -5 -5
66 -5 -5
66 -5 -5
# ave_measured_val[0][0] = 721
66 -5 5
66 -5 5
66 -5 5
66 -5 5
66 -5 5
66 -5 5
66 -5 5
66 -5 5
66 -5 5
66 -5 5
# ave_measured_val[0][1] = 450
66 5 -5
66 5 -5
66 5 -5
66 5 -5
66 5 -5
66 5 -5
66 5 -5
66 5 -5
66 5 -5
66 5 -5
# ave_measured_val[1][0] = 609
66 5 5
66 5 5
66 5 5
66 5 5
66 5 5
66 5 5
66 5 5
66 5 5
66 5 5
66 5 5
# ave_measured_val[1][1] = 681
# hoge
# min_loss : 343  estimate[66] = 0
67 -5 -5
67 -5 -5
67 -5 -5
67 -5 -5
67 -5 -5
67 -5 -5
67 -5 -5
67 -5 -5
67 -5 -5
67 -5 -5
# ave_measured_val[0][0] = 543
67 -5 5
67 -5 5
67 -5 5
67 -5 5
67 -5 5
67 -5 5
67 -5 5
67 -5 5
67 -5 5
67 -5 5
# ave_measured_val[0][1] = 497
67 5 -5
67 5 -5
67 5 -5
67 5 -5
67 5 -5
67 5 -5
67 5 -5
67 5 -5
67 5 -5
67 5 -5
# ave_measured_val[1][0] = 773
67 5 5
67 5 5
67 5 5
67 5 5
67 5 5
67 5 5
67 5 5
67 5 5
67 5 5
67 5 5
# ave_measured_val[1][1] = 645
# hoge
# min_loss : 288  estimate[67] = 0
# min_loss : 278  estimate[67] = 57
# min_loss : 258  estimate[67] = 62
# min_loss : 198  estimate[67] = 65
68 -5 -5
68 -5 -5
68 -5 -5
68 -5 -5
68 -5 -5
68 -5 -5
68 -5 -5
68 -5 -5
68 -5 -5
68 -5 -5
# ave_measured_val[0][0] = 664
68 -5 5
68 -5 5
68 -5 5
68 -5 5
68 -5 5
68 -5 5
68 -5 5
68 -5 5
68 -5 5
68 -5 5
# ave_measured_val[0][1] = 518
68 5 -5
68 5 -5
68 5 -5
68 5 -5
68 5 -5
68 5 -5
68 5 -5
68 5 -5
68 5 -5
68 5 -5
# ave_measured_val[1][0] = 519
68 5 5
68 5 5
68 5 5
68 5 5
68 5 5
68 5 5
68 5 5
68 5 5
68 5 5
68 5 5
# ave_measured_val[1][1] = 556
# hoge
# min_loss : 411  estimate[68] = 0
# min_loss : 391  estimate[68] = 3
# min_loss : 371  estimate[68] = 4
# min_loss : 291  estimate[68] = 5
# min_loss : 231  estimate[68] = 6
# min_loss : 223  estimate[68] = 74
69 -5 -5
69 -5 -5
69 -5 -5
69 -5 -5
69 -5 -5
69 -5 -5
69 -5 -5
69 -5 -5
69 -5 -5
69 -5 -5
# ave_measured_val[0][0] = 654
69 -5 5
69 -5 5
69 -5 5
69 -5 5
69 -5 5
69 -5 5
69 -5 5
69 -5 5
69 -5 5
69 -5 5
# ave_measured_val[0][1] = 739
69 5 -5
69 5 -5
69 5 -5
69 5 -5
69 5 -5
69 5 -5
69 5 -5
69 5 -5
69 5 -5
69 5 -5
# ave_measured_val[1][0] = 620
69 5 5
69 5 5
69 5 5
69 5 5
69 5 5
69 5 5
69 5 5
69 5 5
69 5 5
69 5 5
# ave_measured_val[1][1] = 506
# hoge
# min_loss : 407  estimate[69] = 0
# min_loss : 387  estimate[69] = 1
# min_loss : 347  estimate[69] = 2
# min_loss : 307  estimate[69] = 3
# min_loss : 267  estimate[69] = 4
# min_loss : 199  estimate[69] = 5
70 -5 -5
70 -5 -5
70 -5 -5
70 -5 -5
70 -5 -5
70 -5 -5
70 -5 -5
70 -5 -5
70 -5 -5
70 -5 -5
# ave_measured_val[0][0] = 626
70 -5 5
70 -5 5
70 -5 5
70 -5 5
70 -5 5
70 -5 5
70 -5 5
70 -5 5
70 -5 5
70 -5 5
# ave_measured_val[0][1] = 711
70 5 -5
70 5 -5
70 5 -5
70 5 -5
70 5 -5
70 5 -5
70 5 -5
70 5 -5
70 5 -5
70 5 -5
# ave_measured_val[1][0] = 552
70 5 5
70 5 5
70 5 5
70 5 5
70 5 5
70 5 5
70 5 5
70 5 5
70 5 5
70 5 5
# ave_measured_val[1][1] = 495
# hoge
# min_loss : 430  estimate[70] = 0
# min_loss : 410  estimate[70] = 1
# min_loss : 370  estimate[70] = 2
# min_loss : 330  estimate[70] = 3
# min_loss : 290  estimate[70] = 4
# min_loss : 198  estimate[70] = 5
# min_loss : 142  estimate[70] = 6
71 -5 -5
71 -5 -5
71 -5 -5
71 -5 -5
71 -5 -5
71 -5 -5
71 -5 -5
71 -5 -5
71 -5 -5
71 -5 -5
# ave_measured_val[0][0] = 812
71 -5 5
71 -5 5
71 -5 5
71 -5 5
71 -5 5
71 -5 5
71 -5 5
71 -5 5
71 -5 5
71 -5 5
# ave_measured_val[0][1] = 669
71 5 -5
71 5 -5
71 5 -5
71 5 -5
71 5 -5
71 5 -5
71 5 -5
71 5 -5
71 5 -5
71 5 -5
# ave_measured_val[1][0] = 734
71 5 5
71 5 5
71 5 5
71 5 5
71 5 5
71 5 5
71 5 5
71 5 5
71 5 5
71 5 5
# ave_measured_val[1][1] = 443
# hoge
# min_loss : 632  estimate[71] = 0
# min_loss : 592  estimate[71] = 1
# min_loss : 572  estimate[71] = 2
# min_loss : 552  estimate[71] = 3
# min_loss : 532  estimate[71] = 4
# min_loss : 494  estimate[71] = 5
# min_loss : 474  estimate[71] = 44
# min_loss : 434  estimate[71] = 51
# min_loss : 412  estimate[71] = 55
# min_loss : 372  estimate[71] = 56
# min_loss : 332  estimate[71] = 58
# min_loss : 312  estimate[71] = 67
# min_loss : 292  estimate[71] = 68
72 -5 -5
72 -5 -5
72 -5 -5
72 -5 -5
72 -5 -5
72 -5 -5
72 -5 -5
72 -5 -5
72 -5 -5
72 -5 -5
# ave_measured_val[0][0] = 781
72 -5 5
72 -5 5
72 -5 5
72 -5 5
72 -5 5
72 -5 5
72 -5 5
72 -5 5
72 -5 5
72 -5 5
# ave_measured_val[0][1] = 606
72 5 -5
72 5 -5
72 5 -5
72 5 -5
72 5 -5
72 5 -5
72 5 -5
72 5 -5
72 5 -5
72 5 -5
# ave_measured_val[1][0] = 691
72 5 5
72 5 5
72 5 5
72 5 5
72 5 5
72 5 5
72 5 5
72 5 5
72 5 5
72 5 5
# ave_measured_val[1][1] = 639
# hoge
# min_loss : 299  estimate[72] = 0
# min_loss : 287  estimate[72] = 1
# min_loss : 267  estimate[72] = 41
# min_loss : 227  estimate[72] = 49
# min_loss : 187  estimate[72] = 54
# min_loss : 185  estimate[72] = 55
# min_loss : 177  estimate[72] = 57
# min_loss : 155  estimate[72] = 61
# min_loss : 145  estimate[72] = 63
73 -5 -5
73 -5 -5
73 -5 -5
73 -5 -5
73 -5 -5
73 -5 -5
73 -5 -5
73 -5 -5
73 -5 -5
73 -5 -5
# ave_measured_val[0][0] = 684
73 -5 5
73 -5 5
73 -5 5
73 -5 5
73 -5 5
73 -5 5
73 -5 5
73 -5 5
73 -5 5
73 -5 5
# ave_measured_val[0][1] = 463
73 5 -5
73 5 -5
73 5 -5
73 5 -5
73 5 -5
73 5 -5
73 5 -5
73 5 -5
73 5 -5
73 5 -5
# ave_measured_val[1][0] = 662
73 5 5
73 5 5
73 5 5
73 5 5
73 5 5
73 5 5
73 5 5
73 5 5
73 5 5
73 5 5
# ave_measured_val[1][1] = 545
# hoge
# min_loss : 398  estimate[73] = 0
# min_loss : 378  estimate[73] = 41
# min_loss : 338  estimate[73] = 49
# min_loss : 258  estimate[73] = 55
# min_loss : 230  estimate[73] = 59
# min_loss : 186  estimate[73] = 64
74 -5 -5
74 -5 -5
74 -5 -5
74 -5 -5
74 -5 -5
74 -5 -5
74 -5 -5
74 -5 -5
74 -5 -5
74 -5 -5
# ave_measured_val[0][0] = 490
74 -5 5
74 -5 5
74 -5 5
74 -5 5
74 -5 5
74 -5 5
74 -5 5
74 -5 5
74 -5 5
74 -5 5
# ave_measured_val[0][1] = 583
74 5 -5
74 5 -5
74 5 -5
74 5 -5
74 5 -5
74 5 -5
74 5 -5
74 5 -5
74 5 -5
74 5 -5
# ave_measured_val[1][0] = 723
74 5 5
74 5 5
74 5 5
74 5 5
74 5 5
74 5 5
74 5 5
74 5 5
74 5 5
74 5 5
# ave_measured_val[1][1] = 604
# hoge
# min_loss : 246  estimate[74] = 0
# min_loss : 212  estimate[74] = 57
75 -5 -5
75 -5 -5
75 -5 -5
75 -5 -5
75 -5 -5
75 -5 -5
75 -5 -5
75 -5 -5
75 -5 -5
75 -5 -5
# ave_measured_val[0][0] = 489
75 -5 5
75 -5 5
75 -5 5
75 -5 5
75 -5 5
75 -5 5
75 -5 5
75 -5 5
75 -5 5
75 -5 5
# ave_measured_val[0][1] = 532
75 5 -5
75 5 -5
75 5 -5
75 5 -5
75 5 -5
75 5 -5
75 5 -5
75 5 -5
75 5 -5
75 5 -5
# ave_measured_val[1][0] = 674
75 5 5
75 5 5
75 5 5
75 5 5
75 5 5
75 5 5
75 5 5
75 5 5
75 5 5
75 5 5
# ave_measured_val[1][1] = 667
# hoge
# min_loss : 186  estimate[75] = 0
# min_loss : 180  estimate[75] = 76
# min_loss : 140  estimate[75] = 81
# min_loss : 118  estimate[75] = 82
76 -5 -5
76 -5 -5
76 -5 -5
76 -5 -5
76 -5 -5
76 -5 -5
76 -5 -5
76 -5 -5
76 -5 -5
76 -5 -5
# ave_measured_val[0][0] = 673
76 -5 5
76 -5 5
76 -5 5
76 -5 5
76 -5 5
76 -5 5
76 -5 5
76 -5 5
76 -5 5
76 -5 5
# ave_measured_val[0][1] = 734
76 5 -5
76 5 -5
76 5 -5
76 5 -5
76 5 -5
76 5 -5
76 5 -5
76 5 -5
76 5 -5
76 5 -5
# ave_measured_val[1][0] = 508
76 5 5
76 5 5
76 5 5
76 5 5
76 5 5
76 5 5
76 5 5
76 5 5
76 5 5
76 5 5
# ave_measured_val[1][1] = 574
# hoge
# min_loss : 465  estimate[76] = 0
# min_loss : 445  estimate[76] = 1
# min_loss : 405  estimate[76] = 2
# min_loss : 365  estimate[76] = 3
# min_loss : 325  estimate[76] = 4
# min_loss : 165  estimate[76] = 5
# min_loss : 125  estimate[76] = 6
77 -5 -5
77 -5 -5
77 -5 -5
77 -5 -5
77 -5 -5
77 -5 -5
77 -5 -5
77 -5 -5
77 -5 -5
77 -5 -5
# ave_measured_val[0][0] = 629
77 -5 5
77 -5 5
77 -5 5
77 -5 5
77 -5 5
77 -5 5
77 -5 5
77 -5 5
77 -5 5
77 -5 5
# ave_measured_val[0][1] = 612
77 5 -5
77 5 -5
77 5 -5
77 5 -5
77 5 -5
77 5 -5
77 5 -5
77 5 -5
77 5 -5
77 5 -5
# ave_measured_val[1][0] = 613
77 5 5
77 5 5
77 5 5
77 5 5
77 5 5
77 5 5
77 5 5
77 5 5
77 5 5
77 5 5
# ave_measured_val[1][1] = 513
# hoge
# min_loss : 255  estimate[77] = 0
# min_loss : 251  estimate[77] = 1
# min_loss : 231  estimate[77] = 2
# min_loss : 211  estimate[77] = 3
# min_loss : 191  estimate[77] = 4
# min_loss : 177  estimate[77] = 7
# min_loss : 173  estimate[77] = 48
# min_loss : 113  estimate[77] = 69
78 -5 -5
78 -5 -5
78 -5 -5
78 -5 -5
78 -5 -5
78 -5 -5
78 -5 -5
78 -5 -5
78 -5 -5
78 -5 -5
# ave_measured_val[0][0] = 787
78 -5 5
78 -5 5
78 -5 5
78 -5 5
78 -5 5
78 -5 5
78 -5 5
78 -5 5
78 -5 5
78 -5 5
# ave_measured_val[0][1] = 623
78 5 -5
78 5 -5
78 5 -5
78 5 -5
78 5 -5
78 5 -5
78 5 -5
78 5 -5
78 5 -5
78 5 -5
# ave_measured_val[1][0] = 761
78 5 5
78 5 5
78 5 5
78 5 5
78 5 5
78 5 5
78 5 5
78 5 5
78 5 5
78 5 5
# ave_measured_val[1][1] = 597
# hoge
# min_loss : 434  estimate[78] = 0
# min_loss : 394  estimate[78] = 1
# min_loss : 388  estimate[78] = 2
# min_loss : 374  estimate[78] = 41
# min_loss : 368  estimate[78] = 44
# min_loss : 334  estimate[78] = 49
# min_loss : 328  estimate[78] = 51
# min_loss : 314  estimate[78] = 54
# min_loss : 248  estimate[78] = 55
# min_loss : 242  estimate[78] = 58
# min_loss : 234  estimate[78] = 61
# min_loss : 168  estimate[78] = 63
79 -5 -5
79 -5 -5
79 -5 -5
79 -5 -5
79 -5 -5
79 -5 -5
79 -5 -5
79 -5 -5
79 -5 -5
79 -5 -5
# ave_measured_val[0][0] = 647
79 -5 5
79 -5 5
79 -5 5
79 -5 5
79 -5 5
79 -5 5
79 -5 5
79 -5 5
79 -5 5
79 -5 5
# ave_measured_val[0][1] = 678
79 5 -5
79 5 -5
79 5 -5
79 5 -5
79 5 -5
79 5 -5
79 5 -5
79 5 -5
79 5 -5
79 5 -5
# ave_measured_val[1][0] = 641
79 5 5
79 5 5
79 5 5
79 5 5
79 5 5
79 5 5
79 5 5
79 5 5
79 5 5
79 5 5
# ave_measured_val[1][1] = 374
# hoge
# min_loss : 452  estimate[79] = 0
# min_loss : 430  estimate[79] = 1
# min_loss : 392  estimate[79] = 2
# min_loss : 372  estimate[79] = 3
# min_loss : 352  estimate[79] = 4
# min_loss : 322  estimate[79] = 5
# min_loss : 302  estimate[79] = 6
# min_loss : 298  estimate[79] = 44
80 -5 -5
80 -5 -5
80 -5 -5
80 -5 -5
80 -5 -5
80 -5 -5
80 -5 -5
80 -5 -5
80 -5 -5
80 -5 -5
# ave_measured_val[0][0] = 703
80 -5 5
80 -5 5
80 -5 5
80 -5 5
80 -5 5
80 -5 5
80 -5 5
80 -5 5
80 -5 5
80 -5 5
# ave_measured_val[0][1] = 568
80 5 -5
80 5 -5
80 5 -5
80 5 -5
80 5 -5
80 5 -5
80 5 -5
80 5 -5
80 5 -5
80 5 -5
# ave_measured_val[1][0] = 671
80 5 5
80 5 5
80 5 5
80 5 5
80 5 5
80 5 5
80 5 5
80 5 5
80 5 5
80 5 5
# ave_measured_val[1][1] = 626
# hoge
# min_loss : 240  estimate[80] = 0
# min_loss : 220  estimate[80] = 41
# min_loss : 180  estimate[80] = 49
# min_loss : 178  estimate[80] = 54
# min_loss : 112  estimate[80] = 55
# min_loss : 98  estimate[80] = 57
# min_loss : 90  estimate[80] = 60
81 -5 -5
81 -5 -5
81 -5 -5
81 -5 -5
81 -5 -5
81 -5 -5
81 -5 -5
81 -5 -5
81 -5 -5
81 -5 -5
# ave_measured_val[0][0] = 726
81 -5 5
81 -5 5
81 -5 5
81 -5 5
81 -5 5
81 -5 5
81 -5 5
81 -5 5
81 -5 5
81 -5 5
# ave_measured_val[0][1] = 636
81 5 -5
81 5 -5
81 5 -5
81 5 -5
81 5 -5
81 5 -5
81 5 -5
81 5 -5
81 5 -5
81 5 -5
# ave_measured_val[1][0] = 498
81 5 5
81 5 5
81 5 5
81 5 5
81 5 5
81 5 5
81 5 5
81 5 5
81 5 5
81 5 5
# ave_measured_val[1][1] = 598
# hoge
# min_loss : 406  estimate[81] = 0
# min_loss : 386  estimate[81] = 1
# min_loss : 346  estimate[81] = 2
# min_loss : 314  estimate[81] = 3
# min_loss : 294  estimate[81] = 4
# min_loss : 214  estimate[81] = 5
# min_loss : 190  estimate[81] = 6
82 -5 -5
82 -5 -5
82 -5 -5
82 -5 -5
82 -5 -5
82 -5 -5
82 -5 -5
82 -5 -5
82 -5 -5
82 -5 -5
# ave_measured_val[0][0] = 824
82 -5 5
82 -5 5
82 -5 5
82 -5 5
82 -5 5
82 -5 5
82 -5 5
82 -5 5
82 -5 5
82 -5 5
# ave_measured_val[0][1] = 454
82 5 -5
82 5 -5
82 5 -5
82 5 -5
82 5 -5
82 5 -5
82 5 -5
82 5 -5
82 5 -5
82 5 -5
# ave_measured_val[1][0] = 792
82 5 5
82 5 5
82 5 5
82 5 5
82 5 5
82 5 5
82 5 5
82 5 5
82 5 5
82 5 5
# ave_measured_val[1][1] = 600
# hoge
# min_loss : 622  estimate[82] = 0
# min_loss : 602  estimate[82] = 41
# min_loss : 562  estimate[82] = 49
# min_loss : 522  estimate[82] = 54
# min_loss : 482  estimate[82] = 55
# min_loss : 442  estimate[82] = 57
# min_loss : 402  estimate[82] = 60
# min_loss : 362  estimate[82] = 62
83 -5 -5
83 -5 -5
83 -5 -5
83 -5 -5
83 -5 -5
83 -5 -5
83 -5 -5
83 -5 -5
83 -5 -5
83 -5 -5
# ave_measured_val[0][0] = 581
83 -5 5
83 -5 5
83 -5 5
83 -5 5
83 -5 5
83 -5 5
83 -5 5
83 -5 5
83 -5 5
83 -5 5
# ave_measured_val[0][1] = 722
83 5 -5
83 5 -5
83 5 -5
83 5 -5
83 5 -5
83 5 -5
83 5 -5
83 5 -5
83 5 -5
83 5 -5
# ave_measured_val[1][0] = 463
83 5 5
83 5 5
83 5 5
83 5 5
83 5 5
83 5 5
83 5 5
83 5 5
83 5 5
83 5 5
# ave_measured_val[1][1] = 698
# hoge
# min_loss : 338  estimate[83] = 0
# min_loss : 316  estimate[83] = 1
# min_loss : 298  estimate[83] = 8
# min_loss : 276  estimate[83] = 10
# min_loss : 238  estimate[83] = 13
# min_loss : 236  estimate[83] = 14
# min_loss : 196  estimate[83] = 20
# min_loss : 182  estimate[83] = 25
# min_loss : 158  estimate[83] = 26
# min_loss : 156  estimate[83] = 27
84 -5 -5
84 -5 -5
84 -5 -5
84 -5 -5
84 -5 -5
84 -5 -5
84 -5 -5
84 -5 -5
84 -5 -5
84 -5 -5
# ave_measured_val[0][0] = 418
84 -5 5
84 -5 5
84 -5 5
84 -5 5
84 -5 5
84 -5 5
84 -5 5
84 -5 5
84 -5 5
84 -5 5
# ave_measured_val[0][1] = 542
84 5 -5
84 5 -5
84 5 -5
84 5 -5
84 5 -5
84 5 -5
84 5 -5
84 5 -5
84 5 -5
84 5 -5
# ave_measured_val[1][0] = 569
84 5 5
84 5 5
84 5 5
84 5 5
84 5 5
84 5 5
84 5 5
84 5 5
84 5 5
84 5 5
# ave_measured_val[1][1] = 567
# hoge
# min_loss : 384  estimate[84] = 0
# min_loss : 368  estimate[84] = 70
85 -5 -5
85 -5 -5
85 -5 -5
85 -5 -5
85 -5 -5
85 -5 -5
85 -5 -5
85 -5 -5
85 -5 -5
85 -5 -5
# ave_measured_val[0][0] = 601
85 -5 5
85 -5 5
85 -5 5
85 -5 5
85 -5 5
85 -5 5
85 -5 5
85 -5 5
85 -5 5
85 -5 5
# ave_measured_val[0][1] = 817
85 5 -5
85 5 -5
85 5 -5
85 5 -5
85 5 -5
85 5 -5
85 5 -5
85 5 -5
85 5 -5
85 5 -5
# ave_measured_val[1][0] = 477
85 5 5
85 5 5
85 5 5
85 5 5
85 5 5
85 5 5
85 5 5
85 5 5
85 5 5
85 5 5
# ave_measured_val[1][1] = 558
# hoge
# min_loss : 523  estimate[85] = 0
# min_loss : 503  estimate[85] = 1
# min_loss : 463  estimate[85] = 2
# min_loss : 441  estimate[85] = 3
# min_loss : 421  estimate[85] = 4
# min_loss : 341  estimate[85] = 5
# min_loss : 281  estimate[85] = 6
# min_loss : 221  estimate[85] = 22
86 -5 -5
86 -5 -5
86 -5 -5
86 -5 -5
86 -5 -5
86 -5 -5
86 -5 -5
86 -5 -5
86 -5 -5
86 -5 -5
# ave_measured_val[0][0] = 532
86 -5 5
86 -5 5
86 -5 5
86 -5 5
86 -5 5
86 -5 5
86 -5 5
86 -5 5
86 -5 5
86 -5 5
# ave_measured_val[0][1] = 648
86 5 -5
86 5 -5
86 5 -5
86 5 -5
86 5 -5
86 5 -5
86 5 -5
86 5 -5
86 5 -5
86 5 -5
# ave_measured_val[1][0] = 617
86 5 5
86 5 5
86 5 5
86 5 5
86 5 5
86 5 5
86 5 5
86 5 5
86 5 5
86 5 5
# ave_measured_val[1][1] = 627
# hoge
# min_loss : 152  estimate[86] = 0
# min_loss : 132  estimate[86] = 3
# min_loss : 116  estimate[86] = 4
# min_loss : 106  estimate[86] = 7
87 -5 -5
87 -5 -5
87 -5 -5
87 -5 -5
87 -5 -5
87 -5 -5
87 -5 -5
87 -5 -5
87 -5 -5
87 -5 -5
# ave_measured_val[0][0] = 784
87 -5 5
87 -5 5
87 -5 5
87 -5 5
87 -5 5
87 -5 5
87 -5 5
87 -5 5
87 -5 5
87 -5 5
# ave_measured_val[0][1] = 537
87 5 -5
87 5 -5
87 5 -5
87 5 -5
87 5 -5
87 5 -5
87 5 -5
87 5 -5
87 5 -5
87 5 -5
# ave_measured_val[1][0] = 692
87 5 5
87 5 5
87 5 5
87 5 5
87 5 5
87 5 5
87 5 5
87 5 5
87 5 5
87 5 5
# ave_measured_val[1][1] = 612
# hoge
# min_loss : 387  estimate[87] = 0
# min_loss : 367  estimate[87] = 41
# min_loss : 327  estimate[87] = 49
# min_loss : 287  estimate[87] = 54
# min_loss : 247  estimate[87] = 55
# min_loss : 207  estimate[87] = 57
# min_loss : 171  estimate[87] = 60
88 -5 -5
88 -5 -5
88 -5 -5
88 -5 -5
88 -5 -5
88 -5 -5
88 -5 -5
88 -5 -5
88 -5 -5
88 -5 -5
# ave_measured_val[0][0] = 613
88 -5 5
88 -5 5
88 -5 5
88 -5 5
88 -5 5
88 -5 5
88 -5 5
88 -5 5
88 -5 5
88 -5 5
# ave_measured_val[0][1] = 707
88 5 -5
88 5 -5
88 5 -5
88 5 -5
88 5 -5
88 5 -5
88 5 -5
88 5 -5
88 5 -5
88 5 -5
# ave_measured_val[1][0] = 605
88 5 5
88 5 5
88 5 5
88 5 5
88 5 5
88 5 5
88 5 5
88 5 5
88 5 5
88 5 5
# ave_measured_val[1][1] = 624
# hoge
# min_loss : 231  estimate[88] = 0
# min_loss : 211  estimate[88] = 1
# min_loss : 171  estimate[88] = 2
# min_loss : 131  estimate[88] = 3
# min_loss : 105  estimate[88] = 4
# min_loss : 103  estimate[88] = 5
# min_loss : 75  estimate[88] = 10
-1 -1 -1
76
65
16
55
70
0
0
58
54
47
35
6
30
63
65
23
54
6
0
35
87
30
4
7
70
30
6
59
54
66
5
4
65
39
30
1
73
22
66
70
23
63
24
3
65
31
42
22
73
42
64
74
22
7
7
3
27
55
73
6
7
25
69
65
57
40
0
65
74
5
6
68
63
64
57
82
6
69
63
44
60
6
62
27
70
22
7
60
10
