450 460 470 480 490 500 510 520 530 540 550 560 570 580 590 600 590 580 570 560 550 540 530 520 510 500 490 480 470 460 450 440 430
460 470 480 490 500 510 520 530 540 550 560 570 580 590 600 610 600 590 580 570 560 550 540 530 520 510 500 490 480 470 460 450 440
470 480 490 500 510 520 530 540 550 560 570 580 590 600 610 620 610 600 590 580 570 560 550 540 530 520 510 500 490 480 470 460 450
480 490 500 510 520 530 540 550 560 570 580 590 600 610 620 630 620 610 600 590 580 570 560 550 540 530 520 510 500 490 480 470 460
490 500 510 520 530 540 550 560 570 580 590 600 610 620 630 640 630 620 610 600 590 580 570 560 550 540 530 520 510 500 490 480 470
500 510 520 530 540 550 560 570 580 590 600 610 620 630 640 650 640 630 620 610 600 590 580 570 560 550 540 530 520 510 500 490 480
510 520 530 540 550 560 570 580 590 600 610 620 630 640 650 660 650 640 630 620 610 600 590 580 570 560 550 540 530 520 510 500 490
520 530 540 550 560 570 580 590 600 610 620 630 640 650 660 670 660 650 640 630 620 610 600 590 580 570 560 550 540 530 520 510 500
530 540 550 560 570 580 590 600 610 620 630 640 650 660 670 680 670 660 650 640 630 620 610 600 590 580 570 560 550 540 530 520 510
540 550 560 570 580 590 600 610 620 630 640 650 660 670 680 690 680 670 660 650 640 630 620 610 600 590 580 570 560 550 540 530 520
550 560 570 580 590 600 610 620 630 640 650 660 670 680 690 700 690 680 670 660 650 640 630 620 610 600 590 580 570 560 550 540 530
560 570 580 590 600 610 620 630 640 650 660 670 680 690 700 710 700 690 680 670 660 650 640 630 620 610 600 590 580 570 560 550 540
570 580 590 600 610 620 630 640 650 660 670 680 690 700 710 720 710 700 690 680 670 660 650 640 630 620 610 600 590 580 570 560 550
580 590 600 610 620 630 640 650 660 670 680 690 700 710 720 730 720 710 700 690 680 670 660 650 640 630 620 610 600 590 580 570 560
590 600 610 620 630 640 650 660 670 680 690 700 710 720 730 740 730 720 710 700 690 680 670 660 650 640 630 620 610 600 590 580 570
600 610 620 630 640 650 660 670 680 690 700 710 720 730 740 750 740 730 720 710 700 690 680 670 660 650 640 630 620 610 600 590 580
590 600 610 620 630 640 650 660 670 680 690 700 710 720 730 740 730 720 710 700 690 680 670 660 650 640 630 620 610 600 590 580 570
580 590 600 610 620 630 640 650 660 670 680 690 700 710 720 730 720 710 700 690 680 670 660 650 640 630 620 610 600 590 580 570 560
570 580 590 600 610 620 630 640 650 660 670 680 690 700 710 720 710 700 690 680 670 660 650 640 630 620 610 600 590 580 570 560 550
560 570 580 590 600 610 620 630 640 650 660 670 680 690 700 710 700 690 680 670 660 650 640 630 620 610 600 590 580 570 560 550 540
550 560 570 580 590 600 610 620 630 640 650 660 670 680 690 700 690 680 670 660 650 640 630 620 610 600 590 580 570 560 550 540 530
540 550 560 570 580 590 600 610 620 630 640 650 660 670 680 690 680 670 660 650 640 630 620 610 600 590 580 570 560 550 540 530 520
530 540 550 560 570 580 590 600 610 620 630 640 650 660 670 680 670 660 650 640 630 620 610 600 590 580 570 560 550 540 530 520 510
520 530 540 550 560 570 580 590 600 610 620 630 640 650 660 670 660 650 640 630 620 610 600 590 580 570 560 550 540 530 520 510 500
510 520 530 540 550 560 570 580 590 600 610 620 630 640 650 660 650 640 630 620 610 600 590 580 570 560 550 540 530 520 510 500 490
500 510 520 530 540 550 560 570 580 590 600 610 620 630 640 650 640 630 620 610 600 590 580 570 560 550 540 530 520 510 500 490 480
490 500 510 520 530 540 550 560 570 580 590 600 610 620 630 640 630 620 610 600 590 580 570 560 550 540 530 520 510 500 490 480 470
480 490 500 510 520 530 540 550 560 570 580 590 600 610 620 630 620 610 600 590 580 570 560 550 540 530 520 510 500 490 480 470 460
470 480 490 500 510 520 530 540 550 560 570 580 590 600 610 620 610 600 590 580 570 560 550 540 530 520 510 500 490 480 470 460 450
460 470 480 490 500 510 520 530 540 550 560 570 580 590 600 610 600 590 580 570 560 550 540 530 520 510 500 490 480 470 460 450 440
450 460 470 480 490 500 510 520 530 540 550 560 570 580 590 600 590 580 570 560 550 540 530 520 510 500 490 480 470 460 450 440 430
440 450 460 470 480 490 500 510 520 530 540 550 560 570 580 590 580 570 560 550 540 530 520 510 500 490 480 470 460 450 440 430 420
430 440 450 460 470 480 490 500 510 520 530 540 550 560 570 580 570 560 550 540 530 520 510 500 490 480 470 460 450 440 430 420 410
0 -5 -5
0 -5 -5
0 -5 -5
0 -5 -5
0 -5 -5
0 -5 -5
0 -5 -5
0 -5 -5
0 -5 -5
0 -5 -5
# ave_measured_val[0][0] = 596
0 -5 5
0 -5 5
0 -5 5
0 -5 5
0 -5 5
0 -5 5
0 -5 5
0 -5 5
0 -5 5
0 -5 5
# ave_measured_val[0][1] = 816
0 5 -5
0 5 -5
0 5 -5
0 5 -5
0 5 -5
0 5 -5
0 5 -5
0 5 -5
0 5 -5
0 5 -5
# ave_measured_val[1][0] = 657
0 5 5
0 5 5
0 5 5
0 5 5
0 5 5
0 5 5
0 5 5
0 5 5
0 5 5
0 5 5
# ave_measured_val[1][1] = 589
# hoge
# min_loss : 578  estimate[0] = 0
# min_loss : 318  estimate[0] = 1
# min_loss : 300  estimate[0] = 15
# min_loss : 288  estimate[0] = 20
1 -5 -5
1 -5 -5
1 -5 -5
1 -5 -5
1 -5 -5
1 -5 -5
1 -5 -5
1 -5 -5
1 -5 -5
1 -5 -5
# ave_measured_val[0][0] = 636
1 -5 5
1 -5 5
1 -5 5
1 -5 5
1 -5 5
1 -5 5
1 -5 5
1 -5 5
1 -5 5
1 -5 5
# ave_measured_val[0][1] = 483
1 5 -5
1 5 -5
1 5 -5
1 5 -5
1 5 -5
1 5 -5
1 5 -5
1 5 -5
1 5 -5
1 5 -5
# ave_measured_val[1][0] = 599
1 5 5
1 5 5
1 5 5
1 5 5
1 5 5
1 5 5
1 5 5
1 5 5
1 5 5
1 5 5
# ave_measured_val[1][1] = 489
# hoge
# min_loss : 323  estimate[1] = 0
# min_loss : 263  estimate[1] = 37
# min_loss : 191  estimate[1] = 43
# min_loss : 171  estimate[1] = 46
# min_loss : 133  estimate[1] = 50
# min_loss : 111  estimate[1] = 53
# min_loss : 71  estimate[1] = 56
# min_loss : 63  estimate[1] = 59
2 -5 -5
2 -5 -5
2 -5 -5
2 -5 -5
2 -5 -5
2 -5 -5
2 -5 -5
2 -5 -5
2 -5 -5
2 -5 -5
# ave_measured_val[0][0] = 531
2 -5 5
2 -5 5
2 -5 5
2 -5 5
2 -5 5
2 -5 5
2 -5 5
2 -5 5
2 -5 5
2 -5 5
# ave_measured_val[0][1] = 528
2 5 -5
2 5 -5
2 5 -5
2 5 -5
2 5 -5
2 5 -5
2 5 -5
2 5 -5
2 5 -5
2 5 -5
# ave_measured_val[1][0] = 524
2 5 5
2 5 5
2 5 5
2 5 5
2 5 5
2 5 5
2 5 5
2 5 5
2 5 5
2 5 5
# ave_measured_val[1][1] = 641
# hoge
# min_loss : 246  estimate[2] = 0
# min_loss : 238  estimate[2] = 1
# min_loss : 148  estimate[2] = 4
# min_loss : 120  estimate[2] = 6
3 -5 -5
3 -5 -5
3 -5 -5
3 -5 -5
3 -5 -5
3 -5 -5
3 -5 -5
3 -5 -5
3 -5 -5
3 -5 -5
# ave_measured_val[0][0] = 764
3 -5 5
3 -5 5
3 -5 5
3 -5 5
3 -5 5
3 -5 5
3 -5 5
3 -5 5
3 -5 5
3 -5 5
# ave_measured_val[0][1] = 783
3 5 -5
3 5 -5
3 5 -5
3 5 -5
3 5 -5
3 5 -5
3 5 -5
3 5 -5
3 5 -5
3 5 -5
# ave_measured_val[1][0] = 637
3 5 5
3 5 5
3 5 5
3 5 5
3 5 5
3 5 5
3 5 5
3 5 5
3 5 5
3 5 5
# ave_measured_val[1][1] = 568
# hoge
# min_loss : 672  estimate[3] = 0
# min_loss : 436  estimate[3] = 1
# min_loss : 396  estimate[3] = 20
# min_loss : 356  estimate[3] = 21
# min_loss : 336  estimate[3] = 24
# min_loss : 316  estimate[3] = 26
# min_loss : 256  estimate[3] = 32
# min_loss : 216  estimate[3] = 41
4 -5 -5
4 -5 -5
4 -5 -5
4 -5 -5
4 -5 -5
4 -5 -5
4 -5 -5
4 -5 -5
4 -5 -5
4 -5 -5
# ave_measured_val[0][0] = 542
4 -5 5
4 -5 5
4 -5 5
4 -5 5
4 -5 5
4 -5 5
4 -5 5
4 -5 5
4 -5 5
4 -5 5
# ave_measured_val[0][1] = 559
4 5 -5
4 5 -5
4 5 -5
4 5 -5
4 5 -5
4 5 -5
4 5 -5
4 5 -5
4 5 -5
4 5 -5
# ave_measured_val[1][0] = 571
4 5 5
4 5 5
4 5 5
4 5 5
4 5 5
4 5 5
4 5 5
4 5 5
4 5 5
4 5 5
# ave_measured_val[1][1] = 505
# hoge
# min_loss : 119  estimate[4] = 0
# min_loss : 97  estimate[4] = 75
5 -5 -5
5 -5 -5
5 -5 -5
5 -5 -5
5 -5 -5
5 -5 -5
5 -5 -5
5 -5 -5
5 -5 -5
5 -5 -5
# ave_measured_val[0][0] = 651
5 -5 5
5 -5 5
5 -5 5
5 -5 5
5 -5 5
5 -5 5
5 -5 5
5 -5 5
5 -5 5
5 -5 5
# ave_measured_val[0][1] = 504
5 5 -5
5 5 -5
5 5 -5
5 5 -5
5 5 -5
5 5 -5
5 5 -5
5 5 -5
5 5 -5
5 5 -5
# ave_measured_val[1][0] = 451
5 5 5
5 5 5
5 5 5
5 5 5
5 5 5
5 5 5
5 5 5
5 5 5
5 5 5
5 5 5
# ave_measured_val[1][1] = 437
# hoge
# min_loss : 259  estimate[5] = 0
# min_loss : 257  estimate[5] = 53
# min_loss : 239  estimate[5] = 56
# min_loss : 159  estimate[5] = 58
# min_loss : 133  estimate[5] = 65
6 -5 -5
6 -5 -5
6 -5 -5
6 -5 -5
6 -5 -5
6 -5 -5
6 -5 -5
6 -5 -5
6 -5 -5
6 -5 -5
# ave_measured_val[0][0] = 628
6 -5 5
6 -5 5
6 -5 5
6 -5 5
6 -5 5
6 -5 5
6 -5 5
6 -5 5
6 -5 5
6 -5 5
# ave_measured_val[0][1] = 799
6 5 -5
6 5 -5
6 5 -5
6 5 -5
6 5 -5
6 5 -5
6 5 -5
6 5 -5
6 5 -5
6 5 -5
# ave_measured_val[1][0] = 690
6 5 5
6 5 5
6 5 5
6 5 5
6 5 5
6 5 5
6 5 5
6 5 5
6 5 5
6 5 5
# ave_measured_val[1][1] = 611
# hoge
# min_loss : 648  estimate[6] = 0
# min_loss : 388  estimate[6] = 1
# min_loss : 368  estimate[6] = 15
# min_loss : 286  estimate[6] = 20
# min_loss : 250  estimate[6] = 21
7 -5 -5
7 -5 -5
7 -5 -5
7 -5 -5
7 -5 -5
7 -5 -5
7 -5 -5
7 -5 -5
7 -5 -5
7 -5 -5
# ave_measured_val[0][0] = 423
7 -5 5
7 -5 5
7 -5 5
7 -5 5
7 -5 5
7 -5 5
7 -5 5
7 -5 5
7 -5 5
7 -5 5
# ave_measured_val[0][1] = 474
7 5 -5
7 5 -5
7 5 -5
7 5 -5
7 5 -5
7 5 -5
7 5 -5
7 5 -5
7 5 -5
7 5 -5
# ave_measured_val[1][0] = 541
7 5 5
7 5 5
7 5 5
7 5 5
7 5 5
7 5 5
7 5 5
7 5 5
7 5 5
7 5 5
# ave_measured_val[1][1] = 599
# hoge
# min_loss : 383  estimate[7] = 0
# min_loss : 363  estimate[7] = 1
# min_loss : 143  estimate[7] = 4
# min_loss : 105  estimate[7] = 9
8 -5 -5
8 -5 -5
8 -5 -5
8 -5 -5
8 -5 -5
8 -5 -5
8 -5 -5
8 -5 -5
8 -5 -5
8 -5 -5
# ave_measured_val[0][0] = 690
8 -5 5
8 -5 5
8 -5 5
8 -5 5
8 -5 5
8 -5 5
8 -5 5
8 -5 5
8 -5 5
8 -5 5
# ave_measured_val[0][1] = 449
8 5 -5
8 5 -5
8 5 -5
8 5 -5
8 5 -5
8 5 -5
8 5 -5
8 5 -5
8 5 -5
8 5 -5
# ave_measured_val[1][0] = 884
8 5 5
8 5 5
8 5 5
8 5 5
8 5 5
8 5 5
8 5 5
8 5 5
8 5 5
8 5 5
# ave_measured_val[1][1] = 572
# hoge
# min_loss : 757  estimate[8] = 0
# min_loss : 653  estimate[8] = 1
# min_loss : 633  estimate[8] = 30
# min_loss : 593  estimate[8] = 33
# min_loss : 553  estimate[8] = 34
# min_loss : 513  estimate[8] = 39
# min_loss : 433  estimate[8] = 44
# min_loss : 357  estimate[8] = 47
# min_loss : 353  estimate[8] = 51
9 -5 -5
9 -5 -5
9 -5 -5
9 -5 -5
9 -5 -5
9 -5 -5
9 -5 -5
9 -5 -5
9 -5 -5
9 -5 -5
# ave_measured_val[0][0] = 589
9 -5 5
9 -5 5
9 -5 5
9 -5 5
9 -5 5
9 -5 5
9 -5 5
9 -5 5
9 -5 5
9 -5 5
# ave_measured_val[0][1] = 653
9 5 -5
9 5 -5
9 5 -5
9 5 -5
9 5 -5
9 5 -5
9 5 -5
9 5 -5
9 5 -5
9 5 -5
# ave_measured_val[1][0] = 677
9 5 5
9 5 5
9 5 5
9 5 5
9 5 5
9 5 5
9 5 5
9 5 5
9 5 5
9 5 5
# ave_measured_val[1][1] = 565
# hoge
# min_loss : 404  estimate[9] = 0
# min_loss : 176  estimate[9] = 1
10 -5 -5
10 -5 -5
10 -5 -5
10 -5 -5
10 -5 -5
10 -5 -5
10 -5 -5
10 -5 -5
10 -5 -5
10 -5 -5
# ave_measured_val[0][0] = 611
10 -5 5
10 -5 5
10 -5 5
10 -5 5
10 -5 5
10 -5 5
10 -5 5
10 -5 5
10 -5 5
10 -5 5
# ave_measured_val[0][1] = 678
10 5 -5
10 5 -5
10 5 -5
10 5 -5
10 5 -5
10 5 -5
10 5 -5
10 5 -5
10 5 -5
10 5 -5
# ave_measured_val[1][0] = 296
10 5 5
10 5 5
10 5 5
10 5 5
10 5 5
10 5 5
10 5 5
10 5 5
10 5 5
10 5 5
# ave_measured_val[1][1] = 428
# hoge
# min_loss : 425  estimate[10] = 0
# min_loss : 365  estimate[10] = 2
11 -5 -5
11 -5 -5
11 -5 -5
11 -5 -5
11 -5 -5
11 -5 -5
11 -5 -5
11 -5 -5
11 -5 -5
11 -5 -5
# ave_measured_val[0][0] = 489
11 -5 5
11 -5 5
11 -5 5
11 -5 5
11 -5 5
11 -5 5
11 -5 5
11 -5 5
11 -5 5
11 -5 5
# ave_measured_val[0][1] = 619
11 5 -5
11 5 -5
11 5 -5
11 5 -5
11 5 -5
11 5 -5
11 5 -5
11 5 -5
11 5 -5
11 5 -5
# ave_measured_val[1][0] = 399
11 5 5
11 5 5
11 5 5
11 5 5
11 5 5
11 5 5
11 5 5
11 5 5
11 5 5
11 5 5
# ave_measured_val[1][1] = 771
# hoge
# min_loss : 442  estimate[11] = 0
# min_loss : 402  estimate[11] = 3
# min_loss : 362  estimate[11] = 5
# min_loss : 282  estimate[11] = 7
12 -5 -5
12 -5 -5
12 -5 -5
12 -5 -5
12 -5 -5
12 -5 -5
12 -5 -5
12 -5 -5
12 -5 -5
12 -5 -5
# ave_measured_val[0][0] = 803
12 -5 5
12 -5 5
12 -5 5
12 -5 5
12 -5 5
12 -5 5
12 -5 5
12 -5 5
12 -5 5
12 -5 5
# ave_measured_val[0][1] = 636
12 5 -5
12 5 -5
12 5 -5
12 5 -5
12 5 -5
12 5 -5
12 5 -5
12 5 -5
12 5 -5
12 5 -5
# ave_measured_val[1][0] = 569
12 5 5
12 5 5
12 5 5
12 5 5
12 5 5
12 5 5
12 5 5
12 5 5
12 5 5
12 5 5
# ave_measured_val[1][1] = 687
# hoge
# min_loss : 615  estimate[12] = 0
# min_loss : 363  estimate[12] = 1
# min_loss : 357  estimate[12] = 6
# min_loss : 355  estimate[12] = 7
# min_loss : 343  estimate[12] = 12
# min_loss : 331  estimate[12] = 18
# min_loss : 285  estimate[12] = 20
13 -5 -5
13 -5 -5
13 -5 -5
13 -5 -5
13 -5 -5
13 -5 -5
13 -5 -5
13 -5 -5
13 -5 -5
13 -5 -5
# ave_measured_val[0][0] = 685
13 -5 5
13 -5 5
13 -5 5
13 -5 5
13 -5 5
13 -5 5
13 -5 5
13 -5 5
13 -5 5
13 -5 5
# ave_measured_val[0][1] = 676
13 5 -5
13 5 -5
13 5 -5
13 5 -5
13 5 -5
13 5 -5
13 5 -5
13 5 -5
13 5 -5
13 5 -5
# ave_measured_val[1][0] = 612
13 5 5
13 5 5
13 5 5
13 5 5
13 5 5
13 5 5
13 5 5
13 5 5
13 5 5
13 5 5
# ave_measured_val[1][1] = 370
# hoge
# min_loss : 523  estimate[13] = 0
# min_loss : 423  estimate[13] = 1
# min_loss : 411  estimate[13] = 26
# min_loss : 331  estimate[13] = 32
# min_loss : 241  estimate[13] = 41
# min_loss : 233  estimate[13] = 42
14 -5 -5
14 -5 -5
14 -5 -5
14 -5 -5
14 -5 -5
14 -5 -5
14 -5 -5
14 -5 -5
14 -5 -5
14 -5 -5
# ave_measured_val[0][0] = 627
14 -5 5
14 -5 5
14 -5 5
14 -5 5
14 -5 5
14 -5 5
14 -5 5
14 -5 5
14 -5 5
14 -5 5
# ave_measured_val[0][1] = 701
14 5 -5
14 5 -5
14 5 -5
14 5 -5
14 5 -5
14 5 -5
14 5 -5
14 5 -5
14 5 -5
14 5 -5
# ave_measured_val[1][0] = 508
14 5 5
14 5 5
14 5 5
14 5 5
14 5 5
14 5 5
14 5 5
14 5 5
14 5 5
14 5 5
# ave_measured_val[1][1] = 729
# hoge
# min_loss : 485  estimate[14] = 0
# min_loss : 269  estimate[14] = 1
# min_loss : 205  estimate[14] = 15
# min_loss : 147  estimate[14] = 20
15 -5 -5
15 -5 -5
15 -5 -5
15 -5 -5
15 -5 -5
15 -5 -5
15 -5 -5
15 -5 -5
15 -5 -5
15 -5 -5
# ave_measured_val[0][0] = 528
15 -5 5
15 -5 5
15 -5 5
15 -5 5
15 -5 5
15 -5 5
15 -5 5
15 -5 5
15 -5 5
15 -5 5
# ave_measured_val[0][1] = 610
15 5 -5
15 5 -5
15 5 -5
15 5 -5
15 5 -5
15 5 -5
15 5 -5
15 5 -5
15 5 -5
15 5 -5
# ave_measured_val[1][0] = 472
15 5 5
15 5 5
15 5 5
15 5 5
15 5 5
15 5 5
15 5 5
15 5 5
15 5 5
15 5 5
# ave_measured_val[1][1] = 512
# hoge
# min_loss : 66  estimate[15] = 0
# min_loss : 46  estimate[15] = 3
16 -5 -5
16 -5 -5
16 -5 -5
16 -5 -5
16 -5 -5
16 -5 -5
16 -5 -5
16 -5 -5
16 -5 -5
16 -5 -5
# ave_measured_val[0][0] = 521
16 -5 5
16 -5 5
16 -5 5
16 -5 5
16 -5 5
16 -5 5
16 -5 5
16 -5 5
16 -5 5
16 -5 5
# ave_measured_val[0][1] = 574
16 5 -5
16 5 -5
16 5 -5
16 5 -5
16 5 -5
16 5 -5
16 5 -5
16 5 -5
16 5 -5
16 5 -5
# ave_measured_val[1][0] = 507
16 5 5
16 5 5
16 5 5
16 5 5
16 5 5
16 5 5
16 5 5
16 5 5
16 5 5
16 5 5
# ave_measured_val[1][1] = 752
# hoge
# min_loss : 312  estimate[16] = 0
# min_loss : 304  estimate[16] = 3
# min_loss : 280  estimate[16] = 4
# min_loss : 200  estimate[16] = 5
# min_loss : 192  estimate[16] = 7
17 -5 -5
17 -5 -5
17 -5 -5
17 -5 -5
17 -5 -5
17 -5 -5
17 -5 -5
17 -5 -5
17 -5 -5
17 -5 -5
# ave_measured_val[0][0] = 560
17 -5 5
17 -5 5
17 -5 5
17 -5 5
17 -5 5
17 -5 5
17 -5 5
17 -5 5
17 -5 5
17 -5 5
# ave_measured_val[0][1] = 551
17 5 -5
17 5 -5
17 5 -5
17 5 -5
17 5 -5
17 5 -5
17 5 -5
17 5 -5
17 5 -5
17 5 -5
# ave_measured_val[1][0] = 435
17 5 5
17 5 5
17 5 5
17 5 5
17 5 5
17 5 5
17 5 5
17 5 5
17 5 5
17 5 5
# ave_measured_val[1][1] = 639
# hoge
# min_loss : 213  estimate[17] = 0
18 -5 -5
18 -5 -5
18 -5 -5
18 -5 -5
18 -5 -5
18 -5 -5
18 -5 -5
18 -5 -5
18 -5 -5
18 -5 -5
# ave_measured_val[0][0] = 640
18 -5 5
18 -5 5
18 -5 5
18 -5 5
18 -5 5
18 -5 5
18 -5 5
18 -5 5
18 -5 5
18 -5 5
# ave_measured_val[0][1] = 687
18 5 -5
18 5 -5
18 5 -5
18 5 -5
18 5 -5
18 5 -5
18 5 -5
18 5 -5
18 5 -5
18 5 -5
# ave_measured_val[1][0] = 433
18 5 5
18 5 5
18 5 5
18 5 5
18 5 5
18 5 5
18 5 5
18 5 5
18 5 5
18 5 5
# ave_measured_val[1][1] = 408
# hoge
# min_loss : 346  estimate[18] = 0
# min_loss : 286  estimate[18] = 2
19 -5 -5
19 -5 -5
19 -5 -5
19 -5 -5
19 -5 -5
19 -5 -5
19 -5 -5
19 -5 -5
19 -5 -5
19 -5 -5
# ave_measured_val[0][0] = 603
19 -5 5
19 -5 5
19 -5 5
19 -5 5
19 -5 5
19 -5 5
19 -5 5
19 -5 5
19 -5 5
19 -5 5
# ave_measured_val[0][1] = 387
19 5 -5
19 5 -5
19 5 -5
19 5 -5
19 5 -5
19 5 -5
19 5 -5
19 5 -5
19 5 -5
19 5 -5
# ave_measured_val[1][0] = 517
19 5 5
19 5 5
19 5 5
19 5 5
19 5 5
19 5 5
19 5 5
19 5 5
19 5 5
19 5 5
# ave_measured_val[1][1] = 598
# hoge
# min_loss : 391  estimate[19] = 0
# min_loss : 297  estimate[19] = 1
20 -5 -5
20 -5 -5
20 -5 -5
20 -5 -5
20 -5 -5
20 -5 -5
20 -5 -5
20 -5 -5
20 -5 -5
20 -5 -5
# ave_measured_val[0][0] = 621
20 -5 5
20 -5 5
20 -5 5
20 -5 5
20 -5 5
20 -5 5
20 -5 5
20 -5 5
20 -5 5
20 -5 5
# ave_measured_val[0][1] = 663
20 5 -5
20 5 -5
20 5 -5
20 5 -5
20 5 -5
20 5 -5
20 5 -5
20 5 -5
20 5 -5
20 5 -5
# ave_measured_val[1][0] = 511
20 5 5
20 5 5
20 5 5
20 5 5
20 5 5
20 5 5
20 5 5
20 5 5
20 5 5
20 5 5
# ave_measured_val[1][1] = 410
# hoge
# min_loss : 305  estimate[20] = 0
# min_loss : 243  estimate[20] = 1
# min_loss : 205  estimate[20] = 2
# min_loss : 165  estimate[20] = 65
21 -5 -5
21 -5 -5
21 -5 -5
21 -5 -5
21 -5 -5
21 -5 -5
21 -5 -5
21 -5 -5
21 -5 -5
21 -5 -5
# ave_measured_val[0][0] = 617
21 -5 5
21 -5 5
21 -5 5
21 -5 5
21 -5 5
21 -5 5
21 -5 5
21 -5 5
21 -5 5
21 -5 5
# ave_measured_val[0][1] = 461
21 5 -5
21 5 -5
21 5 -5
21 5 -5
21 5 -5
21 5 -5
21 5 -5
21 5 -5
21 5 -5
21 5 -5
# ave_measured_val[1][0] = 701
21 5 5
21 5 5
21 5 5
21 5 5
21 5 5
21 5 5
21 5 5
21 5 5
21 5 5
21 5 5
# ave_measured_val[1][1] = 689
# hoge
# min_loss : 606  estimate[21] = 0
# min_loss : 486  estimate[21] = 1
# min_loss : 346  estimate[21] = 5
# min_loss : 288  estimate[21] = 29
# min_loss : 248  estimate[21] = 31
# min_loss : 208  estimate[21] = 33
# min_loss : 186  estimate[21] = 39
# min_loss : 146  estimate[21] = 44
22 -5 -5
22 -5 -5
22 -5 -5
22 -5 -5
22 -5 -5
22 -5 -5
22 -5 -5
22 -5 -5
22 -5 -5
22 -5 -5
# ave_measured_val[0][0] = 702
22 -5 5
22 -5 5
22 -5 5
22 -5 5
22 -5 5
22 -5 5
22 -5 5
22 -5 5
22 -5 5
22 -5 5
# ave_measured_val[0][1] = 589
22 5 -5
22 5 -5
22 5 -5
22 5 -5
22 5 -5
22 5 -5
22 5 -5
22 5 -5
22 5 -5
22 5 -5
# ave_measured_val[1][0] = 491
22 5 5
22 5 5
22 5 5
22 5 5
22 5 5
22 5 5
22 5 5
22 5 5
22 5 5
22 5 5
# ave_measured_val[1][1] = 445
# hoge
# min_loss : 257  estimate[22] = 0
# min_loss : 237  estimate[22] = 43
# min_loss : 157  estimate[22] = 46
# min_loss : 155  estimate[22] = 58
23 -5 -5
23 -5 -5
23 -5 -5
23 -5 -5
23 -5 -5
23 -5 -5
23 -5 -5
23 -5 -5
23 -5 -5
23 -5 -5
# ave_measured_val[0][0] = 710
23 -5 5
23 -5 5
23 -5 5
23 -5 5
23 -5 5
23 -5 5
23 -5 5
23 -5 5
23 -5 5
23 -5 5
# ave_measured_val[0][1] = 849
23 5 -5
23 5 -5
23 5 -5
23 5 -5
23 5 -5
23 5 -5
23 5 -5
23 5 -5
23 5 -5
23 5 -5
# ave_measured_val[1][0] = 441
23 5 5
23 5 5
23 5 5
23 5 5
23 5 5
23 5 5
23 5 5
23 5 5
23 5 5
23 5 5
# ave_measured_val[1][1] = 669
# hoge
# min_loss : 647  estimate[23] = 0
# min_loss : 507  estimate[23] = 1
# min_loss : 407  estimate[23] = 15
# min_loss : 369  estimate[23] = 20
# min_loss : 327  estimate[23] = 21
# min_loss : 307  estimate[23] = 24
24 -5 -5
24 -5 -5
24 -5 -5
24 -5 -5
24 -5 -5
24 -5 -5
24 -5 -5
24 -5 -5
24 -5 -5
24 -5 -5
# ave_measured_val[0][0] = 549
24 -5 5
24 -5 5
24 -5 5
24 -5 5
24 -5 5
24 -5 5
24 -5 5
24 -5 5
24 -5 5
24 -5 5
# ave_measured_val[0][1] = 503
24 5 -5
24 5 -5
24 5 -5
24 5 -5
24 5 -5
24 5 -5
24 5 -5
24 5 -5
24 5 -5
24 5 -5
# ave_measured_val[1][0] = 508
24 5 5
24 5 5
24 5 5
24 5 5
24 5 5
24 5 5
24 5 5
24 5 5
24 5 5
24 5 5
# ave_measured_val[1][1] = 504
# hoge
# min_loss : 118  estimate[24] = 0
# min_loss : 90  estimate[24] = 67
# min_loss : 42  estimate[24] = 75
25 -5 -5
25 -5 -5
25 -5 -5
25 -5 -5
25 -5 -5
25 -5 -5
25 -5 -5
25 -5 -5
25 -5 -5
25 -5 -5
# ave_measured_val[0][0] = 414
25 -5 5
25 -5 5
25 -5 5
25 -5 5
25 -5 5
25 -5 5
25 -5 5
25 -5 5
25 -5 5
25 -5 5
# ave_measured_val[0][1] = 580
25 5 -5
25 5 -5
25 5 -5
25 5 -5
25 5 -5
25 5 -5
25 5 -5
25 5 -5
25 5 -5
25 5 -5
# ave_measured_val[1][0] = 595
25 5 5
25 5 5
25 5 5
25 5 5
25 5 5
25 5 5
25 5 5
25 5 5
25 5 5
25 5 5
# ave_measured_val[1][1] = 467
# hoge
# min_loss : 294  estimate[25] = 0
26 -5 -5
26 -5 -5
26 -5 -5
26 -5 -5
26 -5 -5
26 -5 -5
26 -5 -5
26 -5 -5
26 -5 -5
26 -5 -5
# ave_measured_val[0][0] = 686
26 -5 5
26 -5 5
26 -5 5
26 -5 5
26 -5 5
26 -5 5
26 -5 5
26 -5 5
26 -5 5
26 -5 5
# ave_measured_val[0][1] = 739
26 5 -5
26 5 -5
26 5 -5
26 5 -5
26 5 -5
26 5 -5
26 5 -5
26 5 -5
26 5 -5
26 5 -5
# ave_measured_val[1][0] = 554
26 5 5
26 5 5
26 5 5
26 5 5
26 5 5
26 5 5
26 5 5
26 5 5
26 5 5
26 5 5
# ave_measured_val[1][1] = 338
# hoge
# min_loss : 561  estimate[26] = 0
# min_loss : 461  estimate[26] = 1
# min_loss : 453  estimate[26] = 20
# min_loss : 381  estimate[26] = 21
# min_loss : 363  estimate[26] = 24
# min_loss : 333  estimate[26] = 32
27 -5 -5
27 -5 -5
27 -5 -5
27 -5 -5
27 -5 -5
27 -5 -5
27 -5 -5
27 -5 -5
27 -5 -5
27 -5 -5
# ave_measured_val[0][0] = 650
27 -5 5
27 -5 5
27 -5 5
27 -5 5
27 -5 5
27 -5 5
27 -5 5
27 -5 5
27 -5 5
27 -5 5
# ave_measured_val[0][1] = 352
27 5 -5
27 5 -5
27 5 -5
27 5 -5
27 5 -5
27 5 -5
27 5 -5
27 5 -5
27 5 -5
27 5 -5
# ave_measured_val[1][0] = 610
27 5 5
27 5 5
27 5 5
27 5 5
27 5 5
27 5 5
27 5 5
27 5 5
27 5 5
27 5 5
# ave_measured_val[1][1] = 457
# hoge
# min_loss : 511  estimate[27] = 0
# min_loss : 491  estimate[27] = 34
# min_loss : 451  estimate[27] = 37
# min_loss : 371  estimate[27] = 43
# min_loss : 331  estimate[27] = 46
# min_loss : 291  estimate[27] = 50
# min_loss : 271  estimate[27] = 53
# min_loss : 251  estimate[27] = 56
28 -5 -5
28 -5 -5
28 -5 -5
28 -5 -5
28 -5 -5
28 -5 -5
28 -5 -5
28 -5 -5
28 -5 -5
28 -5 -5
# ave_measured_val[0][0] = 630
28 -5 5
28 -5 5
28 -5 5
28 -5 5
28 -5 5
28 -5 5
28 -5 5
28 -5 5
28 -5 5
28 -5 5
# ave_measured_val[0][1] = 605
28 5 -5
28 5 -5
28 5 -5
28 5 -5
28 5 -5
28 5 -5
28 5 -5
28 5 -5
28 5 -5
28 5 -5
# ave_measured_val[1][0] = 666
28 5 5
28 5 5
28 5 5
28 5 5
28 5 5
28 5 5
28 5 5
28 5 5
28 5 5
28 5 5
# ave_measured_val[1][1] = 549
# hoge
# min_loss : 370  estimate[28] = 0
# min_loss : 242  estimate[28] = 1
# min_loss : 232  estimate[28] = 31
# min_loss : 220  estimate[28] = 33
# min_loss : 182  estimate[28] = 36
# min_loss : 142  estimate[28] = 37
# min_loss : 130  estimate[28] = 43
29 -5 -5
29 -5 -5
29 -5 -5
29 -5 -5
29 -5 -5
29 -5 -5
29 -5 -5
29 -5 -5
29 -5 -5
29 -5 -5
# ave_measured_val[0][0] = 300
29 -5 5
29 -5 5
29 -5 5
29 -5 5
29 -5 5
29 -5 5
29 -5 5
29 -5 5
29 -5 5
29 -5 5
# ave_measured_val[0][1] = 513
29 5 -5
29 5 -5
29 5 -5
29 5 -5
29 5 -5
29 5 -5
29 5 -5
29 5 -5
29 5 -5
29 5 -5
# ave_measured_val[1][0] = 376
29 5 5
29 5 5
29 5 5
29 5 5
29 5 5
29 5 5
29 5 5
29 5 5
29 5 5
29 5 5
# ave_measured_val[1][1] = 646
# hoge
# min_loss : 537  estimate[29] = 0
# min_loss : 517  estimate[29] = 3
# min_loss : 377  estimate[29] = 4
# min_loss : 317  estimate[29] = 9
30 -5 -5
30 -5 -5
30 -5 -5
30 -5 -5
30 -5 -5
30 -5 -5
30 -5 -5
30 -5 -5
30 -5 -5
30 -5 -5
# ave_measured_val[0][0] = 383
30 -5 5
30 -5 5
30 -5 5
30 -5 5
30 -5 5
30 -5 5
30 -5 5
30 -5 5
30 -5 5
30 -5 5
# ave_measured_val[0][1] = 602
30 5 -5
30 5 -5
30 5 -5
30 5 -5
30 5 -5
30 5 -5
30 5 -5
30 5 -5
30 5 -5
30 5 -5
# ave_measured_val[1][0] = 631
30 5 5
30 5 5
30 5 5
30 5 5
30 5 5
30 5 5
30 5 5
30 5 5
30 5 5
30 5 5
# ave_measured_val[1][1] = 588
# hoge
# min_loss : 438  estimate[30] = 0
# min_loss : 354  estimate[30] = 1
# min_loss : 278  estimate[30] = 4
# min_loss : 262  estimate[30] = 5
31 -5 -5
31 -5 -5
31 -5 -5
31 -5 -5
31 -5 -5
31 -5 -5
31 -5 -5
31 -5 -5
31 -5 -5
31 -5 -5
# ave_measured_val[0][0] = 746
31 -5 5
31 -5 5
31 -5 5
31 -5 5
31 -5 5
31 -5 5
31 -5 5
31 -5 5
31 -5 5
31 -5 5
# ave_measured_val[0][1] = 463
31 5 -5
31 5 -5
31 5 -5
31 5 -5
31 5 -5
31 5 -5
31 5 -5
31 5 -5
31 5 -5
31 5 -5
# ave_measured_val[1][0] = 652
31 5 5
31 5 5
31 5 5
31 5 5
31 5 5
31 5 5
31 5 5
31 5 5
31 5 5
31 5 5
# ave_measured_val[1][1] = 434
# hoge
# min_loss : 561  estimate[31] = 0
# min_loss : 501  estimate[31] = 34
# min_loss : 461  estimate[31] = 41
# min_loss : 421  estimate[31] = 43
# min_loss : 341  estimate[31] = 46
# min_loss : 337  estimate[31] = 47
# min_loss : 301  estimate[31] = 49
32 -5 -5
32 -5 -5
32 -5 -5
32 -5 -5
32 -5 -5
32 -5 -5
32 -5 -5
32 -5 -5
32 -5 -5
32 -5 -5
# ave_measured_val[0][0] = 333
32 -5 5
32 -5 5
32 -5 5
32 -5 5
32 -5 5
32 -5 5
32 -5 5
32 -5 5
32 -5 5
32 -5 5
# ave_measured_val[0][1] = 601
32 5 -5
32 5 -5
32 5 -5
32 5 -5
32 5 -5
32 5 -5
32 5 -5
32 5 -5
32 5 -5
32 5 -5
# ave_measured_val[1][0] = 620
32 5 5
32 5 5
32 5 5
32 5 5
32 5 5
32 5 5
32 5 5
32 5 5
32 5 5
32 5 5
# ave_measured_val[1][1] = 681
# hoge
# min_loss : 569  estimate[32] = 0
# min_loss : 487  estimate[32] = 1
# min_loss : 409  estimate[32] = 4
# min_loss : 229  estimate[32] = 5
# min_loss : 209  estimate[32] = 11
33 -5 -5
33 -5 -5
33 -5 -5
33 -5 -5
33 -5 -5
33 -5 -5
33 -5 -5
33 -5 -5
33 -5 -5
33 -5 -5
# ave_measured_val[0][0] = 516
33 -5 5
33 -5 5
33 -5 5
33 -5 5
33 -5 5
33 -5 5
33 -5 5
33 -5 5
33 -5 5
33 -5 5
# ave_measured_val[0][1] = 742
33 5 -5
33 5 -5
33 5 -5
33 5 -5
33 5 -5
33 5 -5
33 5 -5
33 5 -5
33 5 -5
33 5 -5
# ave_measured_val[1][0] = 380
33 5 5
33 5 5
33 5 5
33 5 5
33 5 5
33 5 5
33 5 5
33 5 5
33 5 5
33 5 5
# ave_measured_val[1][1] = 543
# hoge
# min_loss : 329  estimate[33] = 0
# min_loss : 289  estimate[33] = 2
# min_loss : 283  estimate[33] = 15
34 -5 -5
34 -5 -5
34 -5 -5
34 -5 -5
34 -5 -5
34 -5 -5
34 -5 -5
34 -5 -5
34 -5 -5
34 -5 -5
# ave_measured_val[0][0] = 518
34 -5 5
34 -5 5
34 -5 5
34 -5 5
34 -5 5
34 -5 5
34 -5 5
34 -5 5
34 -5 5
34 -5 5
# ave_measured_val[0][1] = 593
34 5 -5
34 5 -5
34 5 -5
34 5 -5
34 5 -5
34 5 -5
34 5 -5
34 5 -5
34 5 -5
34 5 -5
# ave_measured_val[1][0] = 623
34 5 5
34 5 5
34 5 5
34 5 5
34 5 5
34 5 5
34 5 5
34 5 5
34 5 5
34 5 5
# ave_measured_val[1][1] = 572
# hoge
# min_loss : 270  estimate[34] = 0
# min_loss : 220  estimate[34] = 1
# min_loss : 162  estimate[34] = 5
# min_loss : 140  estimate[34] = 6
# min_loss : 126  estimate[34] = 30
35 -5 -5
35 -5 -5
35 -5 -5
35 -5 -5
35 -5 -5
35 -5 -5
35 -5 -5
35 -5 -5
35 -5 -5
35 -5 -5
# ave_measured_val[0][0] = 514
35 -5 5
35 -5 5
35 -5 5
35 -5 5
35 -5 5
35 -5 5
35 -5 5
35 -5 5
35 -5 5
35 -5 5
# ave_measured_val[0][1] = 678
35 5 -5
35 5 -5
35 5 -5
35 5 -5
35 5 -5
35 5 -5
35 5 -5
35 5 -5
35 5 -5
35 5 -5
# ave_measured_val[1][0] = 574
35 5 5
35 5 5
35 5 5
35 5 5
35 5 5
35 5 5
35 5 5
35 5 5
35 5 5
35 5 5
# ave_measured_val[1][1] = 444
# hoge
# min_loss : 294  estimate[35] = 0
36 -5 -5
36 -5 -5
36 -5 -5
36 -5 -5
36 -5 -5
36 -5 -5
36 -5 -5
36 -5 -5
36 -5 -5
36 -5 -5
# ave_measured_val[0][0] = 653
36 -5 5
36 -5 5
36 -5 5
36 -5 5
36 -5 5
36 -5 5
36 -5 5
36 -5 5
36 -5 5
36 -5 5
# ave_measured_val[0][1] = 699
36 5 -5
36 5 -5
36 5 -5
36 5 -5
36 5 -5
36 5 -5
36 5 -5
36 5 -5
36 5 -5
36 5 -5
# ave_measured_val[1][0] = 674
36 5 5
36 5 5
36 5 5
36 5 5
36 5 5
36 5 5
36 5 5
36 5 5
36 5 5
36 5 5
# ave_measured_val[1][1] = 549
# hoge
# min_loss : 495  estimate[36] = 0
# min_loss : 297  estimate[36] = 1
# min_loss : 279  estimate[36] = 20
# min_loss : 239  estimate[36] = 26
# min_loss : 213  estimate[36] = 32
# min_loss : 177  estimate[36] = 36
# min_loss : 171  estimate[36] = 41
37 -5 -5
37 -5 -5
37 -5 -5
37 -5 -5
37 -5 -5
37 -5 -5
37 -5 -5
37 -5 -5
37 -5 -5
37 -5 -5
# ave_measured_val[0][0] = 479
37 -5 5
37 -5 5
37 -5 5
37 -5 5
37 -5 5
37 -5 5
37 -5 5
37 -5 5
37 -5 5
37 -5 5
# ave_measured_val[0][1] = 675
37 5 -5
37 5 -5
37 5 -5
37 5 -5
37 5 -5
37 5 -5
37 5 -5
37 5 -5
37 5 -5
37 5 -5
# ave_measured_val[1][0] = 770
37 5 5
37 5 5
37 5 5
37 5 5
37 5 5
37 5 5
37 5 5
37 5 5
37 5 5
37 5 5
# ave_measured_val[1][1] = 535
# hoge
# min_loss : 501  estimate[37] = 0
# min_loss : 431  estimate[37] = 1
38 -5 -5
38 -5 -5
38 -5 -5
38 -5 -5
38 -5 -5
38 -5 -5
38 -5 -5
38 -5 -5
38 -5 -5
38 -5 -5
# ave_measured_val[0][0] = 619
38 -5 5
38 -5 5
38 -5 5
38 -5 5
38 -5 5
38 -5 5
38 -5 5
38 -5 5
38 -5 5
38 -5 5
# ave_measured_val[0][1] = 798
38 5 -5
38 5 -5
38 5 -5
38 5 -5
38 5 -5
38 5 -5
38 5 -5
38 5 -5
38 5 -5
38 5 -5
# ave_measured_val[1][0] = 501
38 5 5
38 5 5
38 5 5
38 5 5
38 5 5
38 5 5
38 5 5
38 5 5
38 5 5
38 5 5
# ave_measured_val[1][1] = 577
# hoge
# min_loss : 415  estimate[38] = 0
# min_loss : 219  estimate[38] = 1
# min_loss : 161  estimate[38] = 15
# min_loss : 141  estimate[38] = 27
39 -5 -5
39 -5 -5
39 -5 -5
39 -5 -5
39 -5 -5
39 -5 -5
39 -5 -5
39 -5 -5
39 -5 -5
39 -5 -5
# ave_measured_val[0][0] = 363
39 -5 5
39 -5 5
39 -5 5
39 -5 5
39 -5 5
39 -5 5
39 -5 5
39 -5 5
39 -5 5
39 -5 5
# ave_measured_val[0][1] = 399
39 5 -5
39 5 -5
39 5 -5
39 5 -5
39 5 -5
39 5 -5
39 5 -5
39 5 -5
39 5 -5
39 5 -5
# ave_measured_val[1][0] = 380
39 5 5
39 5 5
39 5 5
39 5 5
39 5 5
39 5 5
39 5 5
39 5 5
39 5 5
39 5 5
# ave_measured_val[1][1] = 485
# hoge
# min_loss : 453  estimate[39] = 0
40 -5 -5
40 -5 -5
40 -5 -5
40 -5 -5
40 -5 -5
40 -5 -5
40 -5 -5
40 -5 -5
40 -5 -5
40 -5 -5
# ave_measured_val[0][0] = 490
40 -5 5
40 -5 5
40 -5 5
40 -5 5
40 -5 5
40 -5 5
40 -5 5
40 -5 5
40 -5 5
40 -5 5
# ave_measured_val[0][1] = 287
40 5 -5
40 5 -5
40 5 -5
40 5 -5
40 5 -5
40 5 -5
40 5 -5
40 5 -5
40 5 -5
40 5 -5
# ave_measured_val[1][0] = 452
40 5 5
40 5 5
40 5 5
40 5 5
40 5 5
40 5 5
40 5 5
40 5 5
40 5 5
40 5 5
# ave_measured_val[1][1] = 615
# hoge
# min_loss : 466  estimate[40] = 0
# min_loss : 446  estimate[40] = 3
# min_loss : 366  estimate[40] = 4
41 -5 -5
41 -5 -5
41 -5 -5
41 -5 -5
41 -5 -5
41 -5 -5
41 -5 -5
41 -5 -5
41 -5 -5
41 -5 -5
# ave_measured_val[0][0] = 689
41 -5 5
41 -5 5
41 -5 5
41 -5 5
41 -5 5
41 -5 5
41 -5 5
41 -5 5
41 -5 5
41 -5 5
# ave_measured_val[0][1] = 471
41 5 -5
41 5 -5
41 5 -5
41 5 -5
41 5 -5
41 5 -5
41 5 -5
41 5 -5
41 5 -5
41 5 -5
# ave_measured_val[1][0] = 529
41 5 5
41 5 5
41 5 5
41 5 5
41 5 5
41 5 5
41 5 5
41 5 5
41 5 5
41 5 5
# ave_measured_val[1][1] = 817
# hoge
# min_loss : 624  estimate[41] = 0
# min_loss : 506  estimate[41] = 1
42 -5 -5
42 -5 -5
42 -5 -5
42 -5 -5
42 -5 -5
42 -5 -5
42 -5 -5
42 -5 -5
42 -5 -5
42 -5 -5
# ave_measured_val[0][0] = 578
42 -5 5
42 -5 5
42 -5 5
42 -5 5
42 -5 5
42 -5 5
42 -5 5
42 -5 5
42 -5 5
42 -5 5
# ave_measured_val[0][1] = 477
42 5 -5
42 5 -5
42 5 -5
42 5 -5
42 5 -5
42 5 -5
42 5 -5
42 5 -5
42 5 -5
42 5 -5
# ave_measured_val[1][0] = 478
42 5 5
42 5 5
42 5 5
42 5 5
42 5 5
42 5 5
42 5 5
42 5 5
42 5 5
42 5 5
# ave_measured_val[1][1] = 784
# hoge
# min_loss : 423  estimate[42] = 0
# min_loss : 407  estimate[42] = 4
43 -5 -5
43 -5 -5
43 -5 -5
43 -5 -5
43 -5 -5
43 -5 -5
43 -5 -5
43 -5 -5
43 -5 -5
43 -5 -5
# ave_measured_val[0][0] = 666
43 -5 5
43 -5 5
43 -5 5
43 -5 5
43 -5 5
43 -5 5
43 -5 5
43 -5 5
43 -5 5
43 -5 5
# ave_measured_val[0][1] = 450
43 5 -5
43 5 -5
43 5 -5
43 5 -5
43 5 -5
43 5 -5
43 5 -5
43 5 -5
43 5 -5
43 5 -5
# ave_measured_val[1][0] = 582
43 5 5
43 5 5
43 5 5
43 5 5
43 5 5
43 5 5
43 5 5
43 5 5
43 5 5
43 5 5
# ave_measured_val[1][1] = 531
# hoge
# min_loss : 389  estimate[43] = 0
# min_loss : 367  estimate[43] = 1
# min_loss : 363  estimate[43] = 34
# min_loss : 267  estimate[43] = 37
# min_loss : 189  estimate[43] = 43
# min_loss : 173  estimate[43] = 50
# min_loss : 165  estimate[43] = 53
44 -5 -5
44 -5 -5
44 -5 -5
44 -5 -5
44 -5 -5
44 -5 -5
44 -5 -5
44 -5 -5
44 -5 -5
44 -5 -5
# ave_measured_val[0][0] = 551
44 -5 5
44 -5 5
44 -5 5
44 -5 5
44 -5 5
44 -5 5
44 -5 5
44 -5 5
44 -5 5
44 -5 5
# ave_measured_val[0][1] = 683
44 5 -5
44 5 -5
44 5 -5
44 5 -5
44 5 -5
44 5 -5
44 5 -5
44 5 -5
44 5 -5
44 5 -5
# ave_measured_val[1][0] = 490
44 5 5
44 5 5
44 5 5
44 5 5
44 5 5
44 5 5
44 5 5
44 5 5
44 5 5
44 5 5
# ave_measured_val[1][1] = 490
# hoge
# min_loss : 154  estimate[44] = 0
# min_loss : 132  estimate[44] = 2
45 -5 -5
45 -5 -5
45 -5 -5
45 -5 -5
45 -5 -5
45 -5 -5
45 -5 -5
45 -5 -5
45 -5 -5
45 -5 -5
# ave_measured_val[0][0] = 514
45 -5 5
45 -5 5
45 -5 5
45 -5 5
45 -5 5
45 -5 5
45 -5 5
45 -5 5
45 -5 5
45 -5 5
# ave_measured_val[0][1] = 647
45 5 -5
45 5 -5
45 5 -5
45 5 -5
45 5 -5
45 5 -5
45 5 -5
45 5 -5
45 5 -5
45 5 -5
# ave_measured_val[1][0] = 511
45 5 5
45 5 5
45 5 5
45 5 5
45 5 5
45 5 5
45 5 5
45 5 5
45 5 5
45 5 5
# ave_measured_val[1][1] = 451
# hoge
# min_loss : 193  estimate[45] = 0
46 -5 -5
46 -5 -5
46 -5 -5
46 -5 -5
46 -5 -5
46 -5 -5
46 -5 -5
46 -5 -5
46 -5 -5
46 -5 -5
# ave_measured_val[0][0] = 618
46 -5 5
46 -5 5
46 -5 5
46 -5 5
46 -5 5
46 -5 5
46 -5 5
46 -5 5
46 -5 5
46 -5 5
# ave_measured_val[0][1] = 579
46 5 -5
46 5 -5
46 5 -5
46 5 -5
46 5 -5
46 5 -5
46 5 -5
46 5 -5
46 5 -5
46 5 -5
# ave_measured_val[1][0] = 463
46 5 5
46 5 5
46 5 5
46 5 5
46 5 5
46 5 5
46 5 5
46 5 5
46 5 5
46 5 5
# ave_measured_val[1][1] = 541
# hoge
# min_loss : 135  estimate[46] = 0
# min_loss : 117  estimate[46] = 2
47 -5 -5
47 -5 -5
47 -5 -5
47 -5 -5
47 -5 -5
47 -5 -5
47 -5 -5
47 -5 -5
47 -5 -5
47 -5 -5
# ave_measured_val[0][0] = 207
47 -5 5
47 -5 5
47 -5 5
47 -5 5
47 -5 5
47 -5 5
47 -5 5
47 -5 5
47 -5 5
47 -5 5
# ave_measured_val[0][1] = 412
47 5 -5
47 5 -5
47 5 -5
47 5 -5
47 5 -5
47 5 -5
47 5 -5
47 5 -5
47 5 -5
47 5 -5
# ave_measured_val[1][0] = 504
47 5 5
47 5 5
47 5 5
47 5 5
47 5 5
47 5 5
47 5 5
47 5 5
47 5 5
47 5 5
# ave_measured_val[1][1] = 437
# hoge
# min_loss : 588  estimate[47] = 0
# min_loss : 520  estimate[47] = 4
48 -5 -5
48 -5 -5
48 -5 -5
48 -5 -5
48 -5 -5
48 -5 -5
48 -5 -5
48 -5 -5
48 -5 -5
48 -5 -5
# ave_measured_val[0][0] = 577
48 -5 5
48 -5 5
48 -5 5
48 -5 5
48 -5 5
48 -5 5
48 -5 5
48 -5 5
48 -5 5
48 -5 5
# ave_measured_val[0][1] = 659
48 5 -5
48 5 -5
48 5 -5
48 5 -5
48 5 -5
48 5 -5
48 5 -5
48 5 -5
48 5 -5
48 5 -5
# ave_measured_val[1][0] = 275
48 5 5
48 5 5
48 5 5
48 5 5
48 5 5
48 5 5
48 5 5
48 5 5
48 5 5
48 5 5
# ave_measured_val[1][1] = 528
# hoge
# min_loss : 349  estimate[48] = 0
# min_loss : 339  estimate[48] = 1
# min_loss : 259  estimate[48] = 2
49 -5 -5
49 -5 -5
49 -5 -5
49 -5 -5
49 -5 -5
49 -5 -5
49 -5 -5
49 -5 -5
49 -5 -5
49 -5 -5
# ave_measured_val[0][0] = 526
49 -5 5
49 -5 5
49 -5 5
49 -5 5
49 -5 5
49 -5 5
49 -5 5
49 -5 5
49 -5 5
49 -5 5
# ave_measured_val[0][1] = 435
49 5 -5
49 5 -5
49 5 -5
49 5 -5
49 5 -5
49 5 -5
49 5 -5
49 5 -5
49 5 -5
49 5 -5
# ave_measured_val[1][0] = 444
49 5 5
49 5 5
49 5 5
49 5 5
49 5 5
49 5 5
49 5 5
49 5 5
49 5 5
49 5 5
# ave_measured_val[1][1] = 756
# hoge
# min_loss : 431  estimate[49] = 0
# min_loss : 411  estimate[49] = 3
# min_loss : 403  estimate[49] = 4
50 -5 -5
50 -5 -5
50 -5 -5
50 -5 -5
50 -5 -5
50 -5 -5
50 -5 -5
50 -5 -5
50 -5 -5
50 -5 -5
# ave_measured_val[0][0] = 532
50 -5 5
50 -5 5
50 -5 5
50 -5 5
50 -5 5
50 -5 5
50 -5 5
50 -5 5
50 -5 5
50 -5 5
# ave_measured_val[0][1] = 441
50 5 -5
50 5 -5
50 5 -5
50 5 -5
50 5 -5
50 5 -5
50 5 -5
50 5 -5
50 5 -5
50 5 -5
# ave_measured_val[1][0] = 575
50 5 5
50 5 5
50 5 5
50 5 5
50 5 5
50 5 5
50 5 5
50 5 5
50 5 5
50 5 5
# ave_measured_val[1][1] = 772
# hoge
# min_loss : 514  estimate[50] = 0
# min_loss : 494  estimate[50] = 1
# min_loss : 418  estimate[50] = 4
# min_loss : 288  estimate[50] = 5
51 -5 -5
51 -5 -5
51 -5 -5
51 -5 -5
51 -5 -5
51 -5 -5
51 -5 -5
51 -5 -5
51 -5 -5
51 -5 -5
# ave_measured_val[0][0] = 637
51 -5 5
51 -5 5
51 -5 5
51 -5 5
51 -5 5
51 -5 5
51 -5 5
51 -5 5
51 -5 5
51 -5 5
# ave_measured_val[0][1] = 515
51 5 -5
51 5 -5
51 5 -5
51 5 -5
51 5 -5
51 5 -5
51 5 -5
51 5 -5
51 5 -5
51 5 -5
# ave_measured_val[1][0] = 656
51 5 5
51 5 5
51 5 5
51 5 5
51 5 5
51 5 5
51 5 5
51 5 5
51 5 5
51 5 5
# ave_measured_val[1][1] = 769
# hoge
# min_loss : 607  estimate[51] = 0
# min_loss : 487  estimate[51] = 1
# min_loss : 347  estimate[51] = 5
# min_loss : 327  estimate[51] = 13
# min_loss : 307  estimate[51] = 14
# min_loss : 267  estimate[51] = 22
# min_loss : 235  estimate[51] = 29
52 -5 -5
52 -5 -5
52 -5 -5
52 -5 -5
52 -5 -5
52 -5 -5
52 -5 -5
52 -5 -5
52 -5 -5
52 -5 -5
# ave_measured_val[0][0] = 676
52 -5 5
52 -5 5
52 -5 5
52 -5 5
52 -5 5
52 -5 5
52 -5 5
52 -5 5
52 -5 5
52 -5 5
# ave_measured_val[0][1] = 803
52 5 -5
52 5 -5
52 5 -5
52 5 -5
52 5 -5
52 5 -5
52 5 -5
52 5 -5
52 5 -5
52 5 -5
# ave_measured_val[1][0] = 319
52 5 5
52 5 5
52 5 5
52 5 5
52 5 5
52 5 5
52 5 5
52 5 5
52 5 5
52 5 5
# ave_measured_val[1][1] = 411
# hoge
# min_loss : 609  estimate[52] = 0
# min_loss : 549  estimate[52] = 2
53 -5 -5
53 -5 -5
53 -5 -5
53 -5 -5
53 -5 -5
53 -5 -5
53 -5 -5
53 -5 -5
53 -5 -5
53 -5 -5
# ave_measured_val[0][0] = 490
53 -5 5
53 -5 5
53 -5 5
53 -5 5
53 -5 5
53 -5 5
53 -5 5
53 -5 5
53 -5 5
53 -5 5
# ave_measured_val[0][1] = 477
53 5 -5
53 5 -5
53 5 -5
53 5 -5
53 5 -5
53 5 -5
53 5 -5
53 5 -5
53 5 -5
53 5 -5
# ave_measured_val[1][0] = 500
53 5 5
53 5 5
53 5 5
53 5 5
53 5 5
53 5 5
53 5 5
53 5 5
53 5 5
53 5 5
# ave_measured_val[1][1] = 760
# hoge
# min_loss : 433  estimate[53] = 0
# min_loss : 273  estimate[53] = 4
54 -5 -5
54 -5 -5
54 -5 -5
54 -5 -5
54 -5 -5
54 -5 -5
54 -5 -5
54 -5 -5
54 -5 -5
54 -5 -5
# ave_measured_val[0][0] = 591
54 -5 5
54 -5 5
54 -5 5
54 -5 5
54 -5 5
54 -5 5
54 -5 5
54 -5 5
54 -5 5
54 -5 5
# ave_measured_val[0][1] = 452
54 5 -5
54 5 -5
54 5 -5
54 5 -5
54 5 -5
54 5 -5
54 5 -5
54 5 -5
54 5 -5
54 5 -5
# ave_measured_val[1][0] = 484
54 5 5
54 5 5
54 5 5
54 5 5
54 5 5
54 5 5
54 5 5
54 5 5
54 5 5
54 5 5
# ave_measured_val[1][1] = 452
# hoge
# min_loss : 231  estimate[54] = 0
# min_loss : 225  estimate[54] = 58
# min_loss : 145  estimate[54] = 65
55 -5 -5
55 -5 -5
55 -5 -5
55 -5 -5
55 -5 -5
55 -5 -5
55 -5 -5
55 -5 -5
55 -5 -5
55 -5 -5
# ave_measured_val[0][0] = 362
55 -5 5
55 -5 5
55 -5 5
55 -5 5
55 -5 5
55 -5 5
55 -5 5
55 -5 5
55 -5 5
55 -5 5
# ave_measured_val[0][1] = 518
55 5 -5
55 5 -5
55 5 -5
55 5 -5
55 5 -5
55 5 -5
55 5 -5
55 5 -5
55 5 -5
55 5 -5
# ave_measured_val[1][0] = 763
55 5 5
55 5 5
55 5 5
55 5 5
55 5 5
55 5 5
55 5 5
55 5 5
55 5 5
55 5 5
# ave_measured_val[1][1] = 782
# hoge
# min_loss : 805  estimate[55] = 0
# min_loss : 785  estimate[55] = 1
# min_loss : 565  estimate[55] = 4
# min_loss : 465  estimate[55] = 5
# min_loss : 445  estimate[55] = 9
56 -5 -5
56 -5 -5
56 -5 -5
56 -5 -5
56 -5 -5
56 -5 -5
56 -5 -5
56 -5 -5
56 -5 -5
56 -5 -5
# ave_measured_val[0][0] = 422
56 -5 5
56 -5 5
56 -5 5
56 -5 5
56 -5 5
56 -5 5
56 -5 5
56 -5 5
56 -5 5
56 -5 5
# ave_measured_val[0][1] = 397
56 5 -5
56 5 -5
56 5 -5
56 5 -5
56 5 -5
56 5 -5
56 5 -5
56 5 -5
56 5 -5
56 5 -5
# ave_measured_val[1][0] = 489
56 5 5
56 5 5
56 5 5
56 5 5
56 5 5
56 5 5
56 5 5
56 5 5
56 5 5
56 5 5
# ave_measured_val[1][1] = 672
# hoge
# min_loss : 482  estimate[56] = 0
# min_loss : 284  estimate[56] = 4
# min_loss : 224  estimate[56] = 9
57 -5 -5
57 -5 -5
57 -5 -5
57 -5 -5
57 -5 -5
57 -5 -5
57 -5 -5
57 -5 -5
57 -5 -5
57 -5 -5
# ave_measured_val[0][0] = 719
57 -5 5
57 -5 5
57 -5 5
57 -5 5
57 -5 5
57 -5 5
57 -5 5
57 -5 5
57 -5 5
57 -5 5
# ave_measured_val[0][1] = 417
57 5 -5
57 5 -5
57 5 -5
57 5 -5
57 5 -5
57 5 -5
57 5 -5
57 5 -5
57 5 -5
57 5 -5
# ave_measured_val[1][0] = 307
57 5 5
57 5 5
57 5 5
57 5 5
57 5 5
57 5 5
57 5 5
57 5 5
57 5 5
57 5 5
# ave_measured_val[1][1] = 494
# hoge
# min_loss : 501  estimate[57] = 0
# min_loss : 489  estimate[57] = 46
58 -5 -5
58 -5 -5
58 -5 -5
58 -5 -5
58 -5 -5
58 -5 -5
58 -5 -5
58 -5 -5
58 -5 -5
58 -5 -5
# ave_measured_val[0][0] = 648
58 -5 5
58 -5 5
58 -5 5
58 -5 5
58 -5 5
58 -5 5
58 -5 5
58 -5 5
58 -5 5
58 -5 5
# ave_measured_val[0][1] = 489
58 5 -5
58 5 -5
58 5 -5
58 5 -5
58 5 -5
58 5 -5
58 5 -5
58 5 -5
58 5 -5
58 5 -5
# ave_measured_val[1][0] = 412
58 5 5
58 5 5
58 5 5
58 5 5
58 5 5
58 5 5
58 5 5
58 5 5
58 5 5
58 5 5
# ave_measured_val[1][1] = 343
# hoge
# min_loss : 404  estimate[58] = 0
# min_loss : 384  estimate[58] = 56
# min_loss : 308  estimate[58] = 58
# min_loss : 224  estimate[58] = 65
59 -5 -5
59 -5 -5
59 -5 -5
59 -5 -5
59 -5 -5
59 -5 -5
59 -5 -5
59 -5 -5
59 -5 -5
59 -5 -5
# ave_measured_val[0][0] = 514
59 -5 5
59 -5 5
59 -5 5
59 -5 5
59 -5 5
59 -5 5
59 -5 5
59 -5 5
59 -5 5
59 -5 5
# ave_measured_val[0][1] = 571
59 5 -5
59 5 -5
59 5 -5
59 5 -5
59 5 -5
59 5 -5
59 5 -5
59 5 -5
59 5 -5
59 5 -5
# ave_measured_val[1][0] = 758
59 5 5
59 5 5
59 5 5
59 5 5
59 5 5
59 5 5
59 5 5
59 5 5
59 5 5
59 5 5
# ave_measured_val[1][1] = 606
# hoge
# min_loss : 421  estimate[59] = 0
# min_loss : 399  estimate[59] = 1
# min_loss : 369  estimate[59] = 4
# min_loss : 237  estimate[59] = 5
# min_loss : 209  estimate[59] = 30
60 -5 -5
60 -5 -5
60 -5 -5
60 -5 -5
60 -5 -5
60 -5 -5
60 -5 -5
60 -5 -5
60 -5 -5
60 -5 -5
# ave_measured_val[0][0] = 428
60 -5 5
60 -5 5
60 -5 5
60 -5 5
60 -5 5
60 -5 5
60 -5 5
60 -5 5
60 -5 5
60 -5 5
# ave_measured_val[0][1] = 497
60 5 -5
60 5 -5
60 5 -5
60 5 -5
60 5 -5
60 5 -5
60 5 -5
60 5 -5
60 5 -5
60 5 -5
# ave_measured_val[1][0] = 322
60 5 5
60 5 5
60 5 5
60 5 5
60 5 5
60 5 5
60 5 5
60 5 5
60 5 5
60 5 5
# ave_measured_val[1][1] = 413
# hoge
# min_loss : 420  estimate[60] = 0
# min_loss : 386  estimate[60] = 65
61 -5 -5
61 -5 -5
61 -5 -5
61 -5 -5
61 -5 -5
61 -5 -5
61 -5 -5
61 -5 -5
61 -5 -5
61 -5 -5
# ave_measured_val[0][0] = 661
61 -5 5
61 -5 5
61 -5 5
61 -5 5
61 -5 5
61 -5 5
61 -5 5
61 -5 5
61 -5 5
61 -5 5
# ave_measured_val[0][1] = 580
61 5 -5
61 5 -5
61 5 -5
61 5 -5
61 5 -5
61 5 -5
61 5 -5
61 5 -5
61 5 -5
61 5 -5
# ave_measured_val[1][0] = 435
61 5 5
61 5 5
61 5 5
61 5 5
61 5 5
61 5 5
61 5 5
61 5 5
61 5 5
61 5 5
# ave_measured_val[1][1] = 669
# hoge
# min_loss : 335  estimate[61] = 0
# min_loss : 315  estimate[61] = 1
62 -5 -5
62 -5 -5
62 -5 -5
62 -5 -5
62 -5 -5
62 -5 -5
62 -5 -5
62 -5 -5
62 -5 -5
62 -5 -5
# ave_measured_val[0][0] = 548
62 -5 5
62 -5 5
62 -5 5
62 -5 5
62 -5 5
62 -5 5
62 -5 5
62 -5 5
62 -5 5
62 -5 5
# ave_measured_val[0][1] = 487
62 5 -5
62 5 -5
62 5 -5
62 5 -5
62 5 -5
62 5 -5
62 5 -5
62 5 -5
62 5 -5
62 5 -5
# ave_measured_val[1][0] = 369
62 5 5
62 5 5
62 5 5
62 5 5
62 5 5
62 5 5
62 5 5
62 5 5
62 5 5
62 5 5
# ave_measured_val[1][1] = 762
# hoge
# min_loss : 454  estimate[62] = 0
63 -5 -5
63 -5 -5
63 -5 -5
63 -5 -5
63 -5 -5
63 -5 -5
63 -5 -5
63 -5 -5
63 -5 -5
63 -5 -5
# ave_measured_val[0][0] = 557
63 -5 5
63 -5 5
63 -5 5
63 -5 5
63 -5 5
63 -5 5
63 -5 5
63 -5 5
63 -5 5
63 -5 5
# ave_measured_val[0][1] = 637
63 5 -5
63 5 -5
63 5 -5
63 5 -5
63 5 -5
63 5 -5
63 5 -5
63 5 -5
63 5 -5
63 5 -5
# ave_measured_val[1][0] = 518
63 5 5
63 5 5
63 5 5
63 5 5
63 5 5
63 5 5
63 5 5
63 5 5
63 5 5
63 5 5
# ave_measured_val[1][1] = 427
# hoge
# min_loss : 205  estimate[63] = 0
# min_loss : 201  estimate[63] = 1
# min_loss : 177  estimate[63] = 2
# min_loss : 171  estimate[63] = 78
64 -5 -5
64 -5 -5
64 -5 -5
64 -5 -5
64 -5 -5
64 -5 -5
64 -5 -5
64 -5 -5
64 -5 -5
64 -5 -5
# ave_measured_val[0][0] = 454
64 -5 5
64 -5 5
64 -5 5
64 -5 5
64 -5 5
64 -5 5
64 -5 5
64 -5 5
64 -5 5
64 -5 5
# ave_measured_val[0][1] = 549
64 5 -5
64 5 -5
64 5 -5
64 5 -5
64 5 -5
64 5 -5
64 5 -5
64 5 -5
64 5 -5
64 5 -5
# ave_measured_val[1][0] = 238
64 5 5
64 5 5
64 5 5
64 5 5
64 5 5
64 5 5
64 5 5
64 5 5
64 5 5
64 5 5
# ave_measured_val[1][1] = 371
# hoge
# min_loss : 468  estimate[64] = 0
65 -5 -5
65 -5 -5
65 -5 -5
65 -5 -5
65 -5 -5
65 -5 -5
65 -5 -5
65 -5 -5
65 -5 -5
65 -5 -5
# ave_measured_val[0][0] = 512
65 -5 5
65 -5 5
65 -5 5
65 -5 5
65 -5 5
65 -5 5
65 -5 5
65 -5 5
65 -5 5
65 -5 5
# ave_measured_val[0][1] = 388
65 5 -5
65 5 -5
65 5 -5
65 5 -5
65 5 -5
65 5 -5
65 5 -5
65 5 -5
65 5 -5
65 5 -5
# ave_measured_val[1][0] = 474
65 5 5
65 5 5
65 5 5
65 5 5
65 5 5
65 5 5
65 5 5
65 5 5
65 5 5
65 5 5
# ave_measured_val[1][1] = 614
# hoge
# min_loss : 328  estimate[65] = 0
# min_loss : 264  estimate[65] = 4
66 -5 -5
66 -5 -5
66 -5 -5
66 -5 -5
66 -5 -5
66 -5 -5
66 -5 -5
66 -5 -5
66 -5 -5
66 -5 -5
# ave_measured_val[0][0] = 408
66 -5 5
66 -5 5
66 -5 5
66 -5 5
66 -5 5
66 -5 5
66 -5 5
66 -5 5
66 -5 5
66 -5 5
# ave_measured_val[0][1] = 491
66 5 -5
66 5 -5
66 5 -5
66 5 -5
66 5 -5
66 5 -5
66 5 -5
66 5 -5
66 5 -5
66 5 -5
# ave_measured_val[1][0] = 471
66 5 5
66 5 5
66 5 5
66 5 5
66 5 5
66 5 5
66 5 5
66 5 5
66 5 5
66 5 5
# ave_measured_val[1][1] = 483
# hoge
# min_loss : 229  estimate[66] = 0
# min_loss : 227  estimate[66] = 4
67 -5 -5
67 -5 -5
67 -5 -5
67 -5 -5
67 -5 -5
67 -5 -5
67 -5 -5
67 -5 -5
67 -5 -5
67 -5 -5
# ave_measured_val[0][0] = 651
67 -5 5
67 -5 5
67 -5 5
67 -5 5
67 -5 5
67 -5 5
67 -5 5
67 -5 5
67 -5 5
67 -5 5
# ave_measured_val[0][1] = 634
67 5 -5
67 5 -5
67 5 -5
67 5 -5
67 5 -5
67 5 -5
67 5 -5
67 5 -5
67 5 -5
67 5 -5
# ave_measured_val[1][0] = 483
67 5 5
67 5 5
67 5 5
67 5 5
67 5 5
67 5 5
67 5 5
67 5 5
67 5 5
67 5 5
# ave_measured_val[1][1] = 265
# hoge
# min_loss : 423  estimate[67] = 0
# min_loss : 349  estimate[67] = 2
# min_loss : 337  estimate[67] = 58
68 -5 -5
68 -5 -5
68 -5 -5
68 -5 -5
68 -5 -5
68 -5 -5
68 -5 -5
68 -5 -5
68 -5 -5
68 -5 -5
# ave_measured_val[0][0] = 646
68 -5 5
68 -5 5
68 -5 5
68 -5 5
68 -5 5
68 -5 5
68 -5 5
68 -5 5
68 -5 5
68 -5 5
# ave_measured_val[0][1] = 566
68 5 -5
68 5 -5
68 5 -5
68 5 -5
68 5 -5
68 5 -5
68 5 -5
68 5 -5
68 5 -5
68 5 -5
# ave_measured_val[1][0] = 570
68 5 5
68 5 5
68 5 5
68 5 5
68 5 5
68 5 5
68 5 5
68 5 5
68 5 5
68 5 5
# ave_measured_val[1][1] = 290
# hoge
# min_loss : 420  estimate[68] = 0
# min_loss : 360  estimate[68] = 37
# min_loss : 280  estimate[68] = 43
# min_loss : 248  estimate[68] = 46
# min_loss : 240  estimate[68] = 53
# min_loss : 200  estimate[68] = 58
69 -5 -5
69 -5 -5
69 -5 -5
69 -5 -5
69 -5 -5
69 -5 -5
69 -5 -5
69 -5 -5
69 -5 -5
69 -5 -5
# ave_measured_val[0][0] = 725
69 -5 5
69 -5 5
69 -5 5
69 -5 5
69 -5 5
69 -5 5
69 -5 5
69 -5 5
69 -5 5
69 -5 5
# ave_measured_val[0][1] = 629
69 5 -5
69 5 -5
69 5 -5
69 5 -5
69 5 -5
69 5 -5
69 5 -5
69 5 -5
69 5 -5
69 5 -5
# ave_measured_val[1][0] = 670
69 5 5
69 5 5
69 5 5
69 5 5
69 5 5
69 5 5
69 5 5
69 5 5
69 5 5
69 5 5
# ave_measured_val[1][1] = 659
# hoge
# min_loss : 603  estimate[69] = 0
# min_loss : 365  estimate[69] = 1
# min_loss : 343  estimate[69] = 6
# min_loss : 325  estimate[69] = 12
# min_loss : 307  estimate[69] = 18
# min_loss : 285  estimate[69] = 26
# min_loss : 245  estimate[69] = 29
# min_loss : 225  estimate[69] = 33
# min_loss : 125  estimate[69] = 36
70 -5 -5
70 -5 -5
70 -5 -5
70 -5 -5
70 -5 -5
70 -5 -5
70 -5 -5
70 -5 -5
70 -5 -5
70 -5 -5
# ave_measured_val[0][0] = 535
70 -5 5
70 -5 5
70 -5 5
70 -5 5
70 -5 5
70 -5 5
70 -5 5
70 -5 5
70 -5 5
70 -5 5
# ave_measured_val[0][1] = 323
70 5 -5
70 5 -5
70 5 -5
70 5 -5
70 5 -5
70 5 -5
70 5 -5
70 5 -5
70 5 -5
70 5 -5
# ave_measured_val[1][0] = 739
70 5 5
70 5 5
70 5 5
70 5 5
70 5 5
70 5 5
70 5 5
70 5 5
70 5 5
70 5 5
# ave_measured_val[1][1] = 518
# hoge
# min_loss : 539  estimate[70] = 0
# min_loss : 513  estimate[70] = 30
# min_loss : 443  estimate[70] = 34
# min_loss : 363  estimate[70] = 47
# min_loss : 343  estimate[70] = 54
# min_loss : 303  estimate[70] = 57
# min_loss : 283  estimate[70] = 60
71 -5 -5
71 -5 -5
71 -5 -5
71 -5 -5
71 -5 -5
71 -5 -5
71 -5 -5
71 -5 -5
71 -5 -5
71 -5 -5
# ave_measured_val[0][0] = 404
71 -5 5
71 -5 5
71 -5 5
71 -5 5
71 -5 5
71 -5 5
71 -5 5
71 -5 5
71 -5 5
71 -5 5
# ave_measured_val[0][1] = 572
71 5 -5
71 5 -5
71 5 -5
71 5 -5
71 5 -5
71 5 -5
71 5 -5
71 5 -5
71 5 -5
71 5 -5
# ave_measured_val[1][0] = 538
71 5 5
71 5 5
71 5 5
71 5 5
71 5 5
71 5 5
71 5 5
71 5 5
71 5 5
71 5 5
# ave_measured_val[1][1] = 237
# hoge
# min_loss : 469  estimate[71] = 0
72 -5 -5
72 -5 -5
72 -5 -5
72 -5 -5
72 -5 -5
72 -5 -5
72 -5 -5
72 -5 -5
72 -5 -5
72 -5 -5
# ave_measured_val[0][0] = 577
72 -5 5
72 -5 5
72 -5 5
72 -5 5
72 -5 5
72 -5 5
72 -5 5
72 -5 5
72 -5 5
72 -5 5
# ave_measured_val[0][1] = 613
72 5 -5
72 5 -5
72 5 -5
72 5 -5
72 5 -5
72 5 -5
72 5 -5
72 5 -5
72 5 -5
72 5 -5
# ave_measured_val[1][0] = 792
72 5 5
72 5 5
72 5 5
72 5 5
72 5 5
72 5 5
72 5 5
72 5 5
72 5 5
72 5 5
# ave_measured_val[1][1] = 857
# hoge
# min_loss : 759  estimate[72] = 0
# min_loss : 579  estimate[72] = 1
# min_loss : 499  estimate[72] = 5
# min_loss : 413  estimate[72] = 12
# min_loss : 399  estimate[72] = 13
# min_loss : 373  estimate[72] = 14
# min_loss : 333  estimate[72] = 22
# min_loss : 293  estimate[72] = 29
73 -5 -5
73 -5 -5
73 -5 -5
73 -5 -5
73 -5 -5
73 -5 -5
73 -5 -5
73 -5 -5
73 -5 -5
73 -5 -5
# ave_measured_val[0][0] = 516
73 -5 5
73 -5 5
73 -5 5
73 -5 5
73 -5 5
73 -5 5
73 -5 5
73 -5 5
73 -5 5
73 -5 5
# ave_measured_val[0][1] = 628
73 5 -5
73 5 -5
73 5 -5
73 5 -5
73 5 -5
73 5 -5
73 5 -5
73 5 -5
73 5 -5
73 5 -5
# ave_measured_val[1][0] = 745
73 5 5
73 5 5
73 5 5
73 5 5
73 5 5
73 5 5
73 5 5
73 5 5
73 5 5
73 5 5
# ave_measured_val[1][1] = 598
# hoge
# min_loss : 455  estimate[73] = 0
# min_loss : 319  estimate[73] = 1
# min_loss : 291  estimate[73] = 5
# min_loss : 259  estimate[73] = 6
74 -5 -5
74 -5 -5
74 -5 -5
74 -5 -5
74 -5 -5
74 -5 -5
74 -5 -5
74 -5 -5
74 -5 -5
74 -5 -5
# ave_measured_val[0][0] = 563
74 -5 5
74 -5 5
74 -5 5
74 -5 5
74 -5 5
74 -5 5
74 -5 5
74 -5 5
74 -5 5
74 -5 5
# ave_measured_val[0][1] = 638
74 5 -5
74 5 -5
74 5 -5
74 5 -5
74 5 -5
74 5 -5
74 5 -5
74 5 -5
74 5 -5
74 5 -5
# ave_measured_val[1][0] = 614
74 5 5
74 5 5
74 5 5
74 5 5
74 5 5
74 5 5
74 5 5
74 5 5
74 5 5
74 5 5
# ave_measured_val[1][1] = 494
# hoge
# min_loss : 241  estimate[74] = 0
# min_loss : 199  estimate[74] = 1
# min_loss : 195  estimate[74] = 37
75 -5 -5
75 -5 -5
75 -5 -5
75 -5 -5
75 -5 -5
75 -5 -5
75 -5 -5
75 -5 -5
75 -5 -5
75 -5 -5
# ave_measured_val[0][0] = 511
75 -5 5
75 -5 5
75 -5 5
75 -5 5
75 -5 5
75 -5 5
75 -5 5
75 -5 5
75 -5 5
75 -5 5
# ave_measured_val[0][1] = 508
75 5 -5
75 5 -5
75 5 -5
75 5 -5
75 5 -5
75 5 -5
75 5 -5
75 5 -5
75 5 -5
75 5 -5
# ave_measured_val[1][0] = 695
75 5 5
75 5 5
75 5 5
75 5 5
75 5 5
75 5 5
75 5 5
75 5 5
75 5 5
75 5 5
# ave_measured_val[1][1] = 500
# hoge
# min_loss : 316  estimate[75] = 0
# min_loss : 256  estimate[75] = 34
# min_loss : 192  estimate[75] = 47
76 -5 -5
76 -5 -5
76 -5 -5
76 -5 -5
76 -5 -5
76 -5 -5
76 -5 -5
76 -5 -5
76 -5 -5
76 -5 -5
# ave_measured_val[0][0] = 486
76 -5 5
76 -5 5
76 -5 5
76 -5 5
76 -5 5
76 -5 5
76 -5 5
76 -5 5
76 -5 5
76 -5 5
# ave_measured_val[0][1] = 641
76 5 -5
76 5 -5
76 5 -5
76 5 -5
76 5 -5
76 5 -5
76 5 -5
76 5 -5
76 5 -5
76 5 -5
# ave_measured_val[1][0] = 546
76 5 5
76 5 5
76 5 5
76 5 5
76 5 5
76 5 5
76 5 5
76 5 5
76 5 5
76 5 5
# ave_measured_val[1][1] = 451
# hoge
# min_loss : 250  estimate[76] = 0
77 -5 -5
77 -5 -5
77 -5 -5
77 -5 -5
77 -5 -5
77 -5 -5
77 -5 -5
77 -5 -5
77 -5 -5
77 -5 -5
# ave_measured_val[0][0] = 457
77 -5 5
77 -5 5
77 -5 5
77 -5 5
77 -5 5
77 -5 5
77 -5 5
77 -5 5
77 -5 5
77 -5 5
# ave_measured_val[0][1] = 632
77 5 -5
77 5 -5
77 5 -5
77 5 -5
77 5 -5
77 5 -5
77 5 -5
77 5 -5
77 5 -5
77 5 -5
# ave_measured_val[1][0] = 393
77 5 5
77 5 5
77 5 5
77 5 5
77 5 5
77 5 5
77 5 5
77 5 5
77 5 5
77 5 5
# ave_measured_val[1][1] = 684
# hoge
# min_loss : 406  estimate[77] = 0
# min_loss : 382  estimate[77] = 1
# min_loss : 366  estimate[77] = 3
# min_loss : 326  estimate[77] = 4
# min_loss : 246  estimate[77] = 7
78 -5 -5
78 -5 -5
78 -5 -5
78 -5 -5
78 -5 -5
78 -5 -5
78 -5 -5
78 -5 -5
78 -5 -5
78 -5 -5
# ave_measured_val[0][0] = 383
78 -5 5
78 -5 5
78 -5 5
78 -5 5
78 -5 5
78 -5 5
78 -5 5
78 -5 5
78 -5 5
78 -5 5
# ave_measured_val[0][1] = 481
78 5 -5
78 5 -5
78 5 -5
78 5 -5
78 5 -5
78 5 -5
78 5 -5
78 5 -5
78 5 -5
78 5 -5
# ave_measured_val[1][0] = 519
78 5 5
78 5 5
78 5 5
78 5 5
78 5 5
78 5 5
78 5 5
78 5 5
78 5 5
78 5 5
# ave_measured_val[1][1] = 650
# hoge
# min_loss : 445  estimate[78] = 0
# min_loss : 205  estimate[78] = 4
# min_loss : 127  estimate[78] = 9
79 -5 -5
79 -5 -5
79 -5 -5
79 -5 -5
79 -5 -5
79 -5 -5
79 -5 -5
79 -5 -5
79 -5 -5
79 -5 -5
# ave_measured_val[0][0] = 524
79 -5 5
79 -5 5
79 -5 5
79 -5 5
79 -5 5
79 -5 5
79 -5 5
79 -5 5
79 -5 5
79 -5 5
# ave_measured_val[0][1] = 545
79 5 -5
79 5 -5
79 5 -5
79 5 -5
79 5 -5
79 5 -5
79 5 -5
79 5 -5
79 5 -5
79 5 -5
# ave_measured_val[1][0] = 658
79 5 5
79 5 5
79 5 5
79 5 5
79 5 5
79 5 5
79 5 5
79 5 5
79 5 5
79 5 5
# ave_measured_val[1][1] = 451
# hoge
# min_loss : 278  estimate[79] = 0
# min_loss : 228  estimate[79] = 34
80 -5 -5
80 -5 -5
80 -5 -5
80 -5 -5
80 -5 -5
80 -5 -5
80 -5 -5
80 -5 -5
80 -5 -5
80 -5 -5
# ave_measured_val[0][0] = 409
80 -5 5
80 -5 5
80 -5 5
80 -5 5
80 -5 5
80 -5 5
80 -5 5
80 -5 5
80 -5 5
80 -5 5
# ave_measured_val[0][1] = 671
80 5 -5
80 5 -5
80 5 -5
80 5 -5
80 5 -5
80 5 -5
80 5 -5
80 5 -5
80 5 -5
80 5 -5
# ave_measured_val[1][0] = 488
80 5 5
80 5 5
80 5 5
80 5 5
80 5 5
80 5 5
80 5 5
80 5 5
80 5 5
80 5 5
# ave_measured_val[1][1] = 605
# hoge
# min_loss : 355  estimate[80] = 0
# min_loss : 279  estimate[80] = 1
# min_loss : 239  estimate[80] = 4
# min_loss : 195  estimate[80] = 10
# min_loss : 179  estimate[80] = 19
-1 -1 -1
20
59
6
41
75
65
21
9
51
1
2
7
20
42
20
3
7
0
2
1
65
44
58
24
75
0
32
56
43
9
5
49
11
15
30
0
41
1
27
0
4
1
4
53
2
0
2
4
2
4
5
29
2
4
65
9
9
46
65
30
65
1
0
78
0
4
4
58
58
36
60
0
29
6
37
47
0
7
9
34
19
