470 480 490 500 510 520 530 540 550 560 570 580 590 600 610 600 590 580 570 560 550 540 530 520 510 500 490 480 470 460
480 490 500 510 520 530 540 550 560 570 580 590 600 610 620 610 600 590 580 570 560 550 540 530 520 510 500 490 480 470
490 500 510 520 530 540 550 560 570 580 590 600 610 620 630 620 610 600 590 580 570 560 550 540 530 520 510 500 490 480
500 510 520 530 540 550 560 570 580 590 600 610 620 630 640 630 620 610 600 590 580 570 560 550 540 530 520 510 500 490
510 520 530 540 550 560 570 580 590 600 610 620 630 640 650 640 630 620 610 600 590 580 570 560 550 540 530 520 510 500
520 530 540 550 560 570 580 590 600 610 620 630 640 650 660 650 640 630 620 610 600 590 580 570 560 550 540 530 520 510
530 540 550 560 570 580 590 600 610 620 630 640 650 660 670 660 650 640 630 620 610 600 590 580 570 560 550 540 530 520
540 550 560 570 580 590 600 610 620 630 640 650 660 670 680 670 660 650 640 630 620 610 600 590 580 570 560 550 540 530
550 560 570 580 590 600 610 620 630 640 650 660 670 680 690 680 670 660 650 640 630 620 610 600 590 580 570 560 550 540
560 570 580 590 600 610 620 630 640 650 660 670 680 690 700 690 680 670 660 650 640 630 620 610 600 590 580 570 560 550
570 580 590 600 610 620 630 640 650 660 670 680 690 700 710 700 690 680 670 660 650 640 630 620 610 600 590 580 570 560
580 590 600 610 620 630 640 650 660 670 680 690 700 710 720 710 700 690 680 670 660 650 640 630 620 610 600 590 580 570
590 600 610 620 630 640 650 660 670 680 690 700 710 720 730 720 710 700 690 680 670 660 650 640 630 620 610 600 590 580
600 610 620 630 640 650 660 670 680 690 700 710 720 730 740 730 720 710 700 690 680 670 660 650 640 630 620 610 600 590
610 620 630 640 650 660 670 680 690 700 710 720 730 740 750 740 730 720 710 700 690 680 670 660 650 640 630 620 610 600
600 610 620 630 640 650 660 670 680 690 700 710 720 730 740 730 720 710 700 690 680 670 660 650 640 630 620 610 600 590
590 600 610 620 630 640 650 660 670 680 690 700 710 720 730 720 710 700 690 680 670 660 650 640 630 620 610 600 590 580
580 590 600 610 620 630 640 650 660 670 680 690 700 710 720 710 700 690 680 670 660 650 640 630 620 610 600 590 580 570
570 580 590 600 610 620 630 640 650 660 670 680 690 700 710 700 690 680 670 660 650 640 630 620 610 600 590 580 570 560
560 570 580 590 600 610 620 630 640 650 660 670 680 690 700 690 680 670 660 650 640 630 620 610 600 590 580 570 560 550
550 560 570 580 590 600 610 620 630 640 650 660 670 680 690 680 670 660 650 640 630 620 610 600 590 580 570 560 550 540
540 550 560 570 580 590 600 610 620 630 640 650 660 670 680 670 660 650 640 630 620 610 600 590 580 570 560 550 540 530
530 540 550 560 570 580 590 600 610 620 630 640 650 660 670 660 650 640 630 620 610 600 590 580 570 560 550 540 530 520
520 530 540 550 560 570 580 590 600 610 620 630 640 650 660 650 640 630 620 610 600 590 580 570 560 550 540 530 520 510
510 520 530 540 550 560 570 580 590 600 610 620 630 640 650 640 630 620 610 600 590 580 570 560 550 540 530 520 510 500
500 510 520 530 540 550 560 570 580 590 600 610 620 630 640 630 620 610 600 590 580 570 560 550 540 530 520 510 500 490
490 500 510 520 530 540 550 560 570 580 590 600 610 620 630 620 610 600 590 580 570 560 550 540 530 520 510 500 490 480
480 490 500 510 520 530 540 550 560 570 580 590 600 610 620 610 600 590 580 570 560 550 540 530 520 510 500 490 480 470
470 480 490 500 510 520 530 540 550 560 570 580 590 600 610 600 590 580 570 560 550 540 530 520 510 500 490 480 470 460
460 470 480 490 500 510 520 530 540 550 560 570 580 590 600 590 580 570 560 550 540 530 520 510 500 490 480 470 460 450
0 -5 -5
0 -5 -5
0 -5 -5
0 -5 -5
0 -5 -5
0 -5 -5
0 -5 -5
0 -5 -5
0 -5 -5
0 -5 -5
# ave_measured_val[0][0] = 481
0 -5 5
0 -5 5
0 -5 5
0 -5 5
0 -5 5
0 -5 5
0 -5 5
0 -5 5
0 -5 5
0 -5 5
# ave_measured_val[0][1] = 469
0 5 -5
0 5 -5
0 5 -5
0 5 -5
0 5 -5
0 5 -5
0 5 -5
0 5 -5
0 5 -5
0 5 -5
# ave_measured_val[1][0] = 538
0 5 5
0 5 5
0 5 5
0 5 5
0 5 5
0 5 5
0 5 5
0 5 5
0 5 5
0 5 5
# ave_measured_val[1][1] = 562
# hoge
# min_loss : 150  estimate[0] = 0
1 -5 -5
1 -5 -5
1 -5 -5
1 -5 -5
1 -5 -5
1 -5 -5
1 -5 -5
1 -5 -5
1 -5 -5
1 -5 -5
# ave_measured_val[0][0] = 341
1 -5 5
1 -5 5
1 -5 5
1 -5 5
1 -5 5
1 -5 5
1 -5 5
1 -5 5
1 -5 5
1 -5 5
# ave_measured_val[0][1] = 515
1 5 -5
1 5 -5
1 5 -5
1 5 -5
1 5 -5
1 5 -5
1 5 -5
1 5 -5
1 5 -5
1 5 -5
# ave_measured_val[1][0] = 585
1 5 5
1 5 5
1 5 5
1 5 5
1 5 5
1 5 5
1 5 5
1 5 5
1 5 5
1 5 5
# ave_measured_val[1][1] = 615
# hoge
# min_loss : 184  estimate[1] = 0
2 -5 -5
2 -5 -5
2 -5 -5
2 -5 -5
2 -5 -5
2 -5 -5
2 -5 -5
2 -5 -5
2 -5 -5
2 -5 -5
# ave_measured_val[0][0] = 546
2 -5 5
2 -5 5
2 -5 5
2 -5 5
2 -5 5
2 -5 5
2 -5 5
2 -5 5
2 -5 5
2 -5 5
# ave_measured_val[0][1] = 357
2 5 -5
2 5 -5
2 5 -5
2 5 -5
2 5 -5
2 5 -5
2 5 -5
2 5 -5
2 5 -5
2 5 -5
# ave_measured_val[1][0] = 854
2 5 5
2 5 5
2 5 5
2 5 5
2 5 5
2 5 5
2 5 5
2 5 5
2 5 5
2 5 5
# ave_measured_val[1][1] = 690
# hoge
# min_loss : 573  estimate[2] = 0
# min_loss : 493  estimate[2] = 1
# min_loss : 473  estimate[2] = 33
# min_loss : 441  estimate[2] = 42
3 -5 -5
3 -5 -5
3 -5 -5
3 -5 -5
3 -5 -5
3 -5 -5
3 -5 -5
3 -5 -5
3 -5 -5
3 -5 -5
# ave_measured_val[0][0] = 782
3 -5 5
3 -5 5
3 -5 5
3 -5 5
3 -5 5
3 -5 5
3 -5 5
3 -5 5
3 -5 5
3 -5 5
# ave_measured_val[0][1] = 627
3 5 -5
3 5 -5
3 5 -5
3 5 -5
3 5 -5
3 5 -5
3 5 -5
3 5 -5
3 5 -5
3 5 -5
# ave_measured_val[1][0] = 372
3 5 5
3 5 5
3 5 5
3 5 5
3 5 5
3 5 5
3 5 5
3 5 5
3 5 5
3 5 5
# ave_measured_val[1][1] = 566
# hoge
# min_loss : 631  estimate[3] = 0
# min_loss : 511  estimate[3] = 4
# min_loss : 417  estimate[3] = 5
# min_loss : 349  estimate[3] = 6
4 -5 -5
4 -5 -5
4 -5 -5
4 -5 -5
4 -5 -5
4 -5 -5
4 -5 -5
4 -5 -5
4 -5 -5
4 -5 -5
# ave_measured_val[0][0] = 641
4 -5 5
4 -5 5
4 -5 5
4 -5 5
4 -5 5
4 -5 5
4 -5 5
4 -5 5
4 -5 5
4 -5 5
# ave_measured_val[0][1] = 516
4 5 -5
4 5 -5
4 5 -5
4 5 -5
4 5 -5
4 5 -5
4 5 -5
4 5 -5
4 5 -5
4 5 -5
# ave_measured_val[1][0] = 535
4 5 5
4 5 5
4 5 5
4 5 5
4 5 5
4 5 5
4 5 5
4 5 5
4 5 5
4 5 5
# ave_measured_val[1][1] = 525
# hoge
# min_loss : 265  estimate[4] = 0
# min_loss : 215  estimate[4] = 6
# min_loss : 185  estimate[4] = 45
# min_loss : 183  estimate[4] = 52
# min_loss : 143  estimate[4] = 58
# min_loss : 115  estimate[4] = 74
5 -5 -5
5 -5 -5
5 -5 -5
5 -5 -5
5 -5 -5
5 -5 -5
5 -5 -5
5 -5 -5
5 -5 -5
5 -5 -5
# ave_measured_val[0][0] = 504
5 -5 5
5 -5 5
5 -5 5
5 -5 5
5 -5 5
5 -5 5
5 -5 5
5 -5 5
5 -5 5
5 -5 5
# ave_measured_val[0][1] = 255
5 5 -5
5 5 -5
5 5 -5
5 5 -5
5 5 -5
5 5 -5
5 5 -5
5 5 -5
5 5 -5
5 5 -5
# ave_measured_val[1][0] = 620
5 5 5
5 5 5
5 5 5
5 5 5
5 5 5
5 5 5
5 5 5
5 5 5
5 5 5
5 5 5
# ave_measured_val[1][1] = 412
# hoge
# min_loss : 497  estimate[5] = 0
# min_loss : 489  estimate[5] = 60
# min_loss : 449  estimate[5] = 64
# min_loss : 429  estimate[5] = 72
6 -5 -5
6 -5 -5
6 -5 -5
6 -5 -5
6 -5 -5
6 -5 -5
6 -5 -5
6 -5 -5
6 -5 -5
6 -5 -5
# ave_measured_val[0][0] = 344
6 -5 5
6 -5 5
6 -5 5
6 -5 5
6 -5 5
6 -5 5
6 -5 5
6 -5 5
6 -5 5
6 -5 5
# ave_measured_val[0][1] = 458
6 5 -5
6 5 -5
6 5 -5
6 5 -5
6 5 -5
6 5 -5
6 5 -5
6 5 -5
6 5 -5
6 5 -5
# ave_measured_val[1][0] = 378
6 5 5
6 5 5
6 5 5
6 5 5
6 5 5
6 5 5
6 5 5
6 5 5
6 5 5
6 5 5
# ave_measured_val[1][1] = 480
# hoge
# min_loss : 540  estimate[6] = 0
7 -5 -5
7 -5 -5
7 -5 -5
7 -5 -5
7 -5 -5
7 -5 -5
7 -5 -5
7 -5 -5
7 -5 -5
7 -5 -5
# ave_measured_val[0][0] = 639
7 -5 5
7 -5 5
7 -5 5
7 -5 5
7 -5 5
7 -5 5
7 -5 5
7 -5 5
7 -5 5
7 -5 5
# ave_measured_val[0][1] = 403
7 5 -5
7 5 -5
7 5 -5
7 5 -5
7 5 -5
7 5 -5
7 5 -5
7 5 -5
7 5 -5
7 5 -5
# ave_measured_val[1][0] = 821
7 5 5
7 5 5
7 5 5
7 5 5
7 5 5
7 5 5
7 5 5
7 5 5
7 5 5
7 5 5
# ave_measured_val[1][1] = 569
# hoge
# min_loss : 528  estimate[7] = 0
# min_loss : 488  estimate[7] = 42
# min_loss : 448  estimate[7] = 46
# min_loss : 428  estimate[7] = 49
# min_loss : 368  estimate[7] = 50
# min_loss : 328  estimate[7] = 53
# min_loss : 288  estimate[7] = 57
8 -5 -5
8 -5 -5
8 -5 -5
8 -5 -5
8 -5 -5
8 -5 -5
8 -5 -5
8 -5 -5
8 -5 -5
8 -5 -5
# ave_measured_val[0][0] = 513
8 -5 5
8 -5 5
8 -5 5
8 -5 5
8 -5 5
8 -5 5
8 -5 5
8 -5 5
8 -5 5
8 -5 5
# ave_measured_val[0][1] = 472
8 5 -5
8 5 -5
8 5 -5
8 5 -5
8 5 -5
8 5 -5
8 5 -5
8 5 -5
8 5 -5
8 5 -5
# ave_measured_val[1][0] = 619
8 5 5
8 5 5
8 5 5
8 5 5
8 5 5
8 5 5
8 5 5
8 5 5
8 5 5
8 5 5
# ave_measured_val[1][1] = 718
# hoge
# min_loss : 218  estimate[8] = 0
# min_loss : 154  estimate[8] = 1
9 -5 -5
9 -5 -5
9 -5 -5
9 -5 -5
9 -5 -5
9 -5 -5
9 -5 -5
9 -5 -5
9 -5 -5
9 -5 -5
# ave_measured_val[0][0] = 576
9 -5 5
9 -5 5
9 -5 5
9 -5 5
9 -5 5
9 -5 5
9 -5 5
9 -5 5
9 -5 5
9 -5 5
# ave_measured_val[0][1] = 576
9 5 -5
9 5 -5
9 5 -5
9 5 -5
9 5 -5
9 5 -5
9 5 -5
9 5 -5
9 5 -5
9 5 -5
# ave_measured_val[1][0] = 465
9 5 5
9 5 5
9 5 5
9 5 5
9 5 5
9 5 5
9 5 5
9 5 5
9 5 5
9 5 5
# ave_measured_val[1][1] = 367
# hoge
# min_loss : 480  estimate[9] = 0
# min_loss : 428  estimate[9] = 4
# min_loss : 416  estimate[9] = 5
# min_loss : 296  estimate[9] = 6
# min_loss : 248  estimate[9] = 9
# min_loss : 228  estimate[9] = 85
10 -5 -5
10 -5 -5
10 -5 -5
10 -5 -5
10 -5 -5
10 -5 -5
10 -5 -5
10 -5 -5
10 -5 -5
10 -5 -5
# ave_measured_val[0][0] = 452
10 -5 5
10 -5 5
10 -5 5
10 -5 5
10 -5 5
10 -5 5
10 -5 5
10 -5 5
10 -5 5
10 -5 5
# ave_measured_val[0][1] = 565
10 5 -5
10 5 -5
10 5 -5
10 5 -5
10 5 -5
10 5 -5
10 5 -5
10 5 -5
10 5 -5
10 5 -5
# ave_measured_val[1][0] = 508
10 5 5
10 5 5
10 5 5
10 5 5
10 5 5
10 5 5
10 5 5
10 5 5
10 5 5
10 5 5
# ave_measured_val[1][1] = 667
# hoge
# min_loss : 232  estimate[10] = 0
# min_loss : 192  estimate[10] = 2
# min_loss : 102  estimate[10] = 12
# min_loss : 88  estimate[10] = 13
11 -5 -5
11 -5 -5
11 -5 -5
11 -5 -5
11 -5 -5
11 -5 -5
11 -5 -5
11 -5 -5
11 -5 -5
11 -5 -5
# ave_measured_val[0][0] = 738
11 -5 5
11 -5 5
11 -5 5
11 -5 5
11 -5 5
11 -5 5
11 -5 5
11 -5 5
11 -5 5
11 -5 5
# ave_measured_val[0][1] = 565
11 5 -5
11 5 -5
11 5 -5
11 5 -5
11 5 -5
11 5 -5
11 5 -5
11 5 -5
11 5 -5
11 5 -5
# ave_measured_val[1][0] = 413
11 5 5
11 5 5
11 5 5
11 5 5
11 5 5
11 5 5
11 5 5
11 5 5
11 5 5
11 5 5
# ave_measured_val[1][1] = 567
# hoge
# min_loss : 483  estimate[11] = 0
# min_loss : 453  estimate[11] = 4
# min_loss : 393  estimate[11] = 5
# min_loss : 327  estimate[11] = 6
12 -5 -5
12 -5 -5
12 -5 -5
12 -5 -5
12 -5 -5
12 -5 -5
12 -5 -5
12 -5 -5
12 -5 -5
12 -5 -5
# ave_measured_val[0][0] = 548
12 -5 5
12 -5 5
12 -5 5
12 -5 5
12 -5 5
12 -5 5
12 -5 5
12 -5 5
12 -5 5
12 -5 5
# ave_measured_val[0][1] = 285
12 5 -5
12 5 -5
12 5 -5
12 5 -5
12 5 -5
12 5 -5
12 5 -5
12 5 -5
12 5 -5
12 5 -5
# ave_measured_val[1][0] = 557
12 5 5
12 5 5
12 5 5
12 5 5
12 5 5
12 5 5
12 5 5
12 5 5
12 5 5
12 5 5
# ave_measured_val[1][1] = 797
# hoge
# min_loss : 503  estimate[12] = 0
13 -5 -5
13 -5 -5
13 -5 -5
13 -5 -5
13 -5 -5
13 -5 -5
13 -5 -5
13 -5 -5
13 -5 -5
13 -5 -5
# ave_measured_val[0][0] = 507
13 -5 5
13 -5 5
13 -5 5
13 -5 5
13 -5 5
13 -5 5
13 -5 5
13 -5 5
13 -5 5
13 -5 5
# ave_measured_val[0][1] = 586
13 5 -5
13 5 -5
13 5 -5
13 5 -5
13 5 -5
13 5 -5
13 5 -5
13 5 -5
13 5 -5
13 5 -5
# ave_measured_val[1][0] = 411
13 5 5
13 5 5
13 5 5
13 5 5
13 5 5
13 5 5
13 5 5
13 5 5
13 5 5
13 5 5
# ave_measured_val[1][1] = 301
# hoge
# min_loss : 541  estimate[13] = 0
# min_loss : 475  estimate[13] = 6
# min_loss : 395  estimate[13] = 9
14 -5 -5
14 -5 -5
14 -5 -5
14 -5 -5
14 -5 -5
14 -5 -5
14 -5 -5
14 -5 -5
14 -5 -5
14 -5 -5
# ave_measured_val[0][0] = 346
14 -5 5
14 -5 5
14 -5 5
14 -5 5
14 -5 5
14 -5 5
14 -5 5
14 -5 5
14 -5 5
14 -5 5
# ave_measured_val[0][1] = 733
14 5 -5
14 5 -5
14 5 -5
14 5 -5
14 5 -5
14 5 -5
14 5 -5
14 5 -5
14 5 -5
14 5 -5
# ave_measured_val[1][0] = 558
14 5 5
14 5 5
14 5 5
14 5 5
14 5 5
14 5 5
14 5 5
14 5 5
14 5 5
14 5 5
# ave_measured_val[1][1] = 618
# hoge
# min_loss : 407  estimate[14] = 0
# min_loss : 367  estimate[14] = 2
# min_loss : 343  estimate[14] = 8
# min_loss : 327  estimate[14] = 12
15 -5 -5
15 -5 -5
15 -5 -5
15 -5 -5
15 -5 -5
15 -5 -5
15 -5 -5
15 -5 -5
15 -5 -5
15 -5 -5
# ave_measured_val[0][0] = 726
15 -5 5
15 -5 5
15 -5 5
15 -5 5
15 -5 5
15 -5 5
15 -5 5
15 -5 5
15 -5 5
15 -5 5
# ave_measured_val[0][1] = 489
15 5 -5
15 5 -5
15 5 -5
15 5 -5
15 5 -5
15 5 -5
15 5 -5
15 5 -5
15 5 -5
15 5 -5
# ave_measured_val[1][0] = 466
15 5 5
15 5 5
15 5 5
15 5 5
15 5 5
15 5 5
15 5 5
15 5 5
15 5 5
15 5 5
# ave_measured_val[1][1] = 641
# hoge
# min_loss : 412  estimate[15] = 0
16 -5 -5
16 -5 -5
16 -5 -5
16 -5 -5
16 -5 -5
16 -5 -5
16 -5 -5
16 -5 -5
16 -5 -5
16 -5 -5
# ave_measured_val[0][0] = 507
16 -5 5
16 -5 5
16 -5 5
16 -5 5
16 -5 5
16 -5 5
16 -5 5
16 -5 5
16 -5 5
16 -5 5
# ave_measured_val[0][1] = 565
16 5 -5
16 5 -5
16 5 -5
16 5 -5
16 5 -5
16 5 -5
16 5 -5
16 5 -5
16 5 -5
16 5 -5
# ave_measured_val[1][0] = 360
16 5 5
16 5 5
16 5 5
16 5 5
16 5 5
16 5 5
16 5 5
16 5 5
16 5 5
16 5 5
# ave_measured_val[1][1] = 669
# hoge
# min_loss : 341  estimate[16] = 0
# min_loss : 327  estimate[16] = 1
# min_loss : 321  estimate[16] = 2
# min_loss : 317  estimate[16] = 3
# min_loss : 251  estimate[16] = 12
17 -5 -5
17 -5 -5
17 -5 -5
17 -5 -5
17 -5 -5
17 -5 -5
17 -5 -5
17 -5 -5
17 -5 -5
17 -5 -5
# ave_measured_val[0][0] = 498
17 -5 5
17 -5 5
17 -5 5
17 -5 5
17 -5 5
17 -5 5
17 -5 5
17 -5 5
17 -5 5
17 -5 5
# ave_measured_val[0][1] = 415
17 5 -5
17 5 -5
17 5 -5
17 5 -5
17 5 -5
17 5 -5
17 5 -5
17 5 -5
17 5 -5
17 5 -5
# ave_measured_val[1][0] = 396
17 5 5
17 5 5
17 5 5
17 5 5
17 5 5
17 5 5
17 5 5
17 5 5
17 5 5
17 5 5
# ave_measured_val[1][1] = 577
# hoge
# min_loss : 314  estimate[17] = 0
18 -5 -5
18 -5 -5
18 -5 -5
18 -5 -5
18 -5 -5
18 -5 -5
18 -5 -5
18 -5 -5
18 -5 -5
18 -5 -5
# ave_measured_val[0][0] = 771
18 -5 5
18 -5 5
18 -5 5
18 -5 5
18 -5 5
18 -5 5
18 -5 5
18 -5 5
18 -5 5
18 -5 5
# ave_measured_val[0][1] = 541
18 5 -5
18 5 -5
18 5 -5
18 5 -5
18 5 -5
18 5 -5
18 5 -5
18 5 -5
18 5 -5
18 5 -5
# ave_measured_val[1][0] = 353
18 5 5
18 5 5
18 5 5
18 5 5
18 5 5
18 5 5
18 5 5
18 5 5
18 5 5
18 5 5
# ave_measured_val[1][1] = 465
# hoge
# min_loss : 654  estimate[18] = 0
# min_loss : 612  estimate[18] = 5
# min_loss : 492  estimate[18] = 6
# min_loss : 452  estimate[18] = 55
# min_loss : 392  estimate[18] = 59
# min_loss : 372  estimate[18] = 70
# min_loss : 342  estimate[18] = 71
19 -5 -5
19 -5 -5
19 -5 -5
19 -5 -5
19 -5 -5
19 -5 -5
19 -5 -5
19 -5 -5
19 -5 -5
19 -5 -5
# ave_measured_val[0][0] = 668
19 -5 5
19 -5 5
19 -5 5
19 -5 5
19 -5 5
19 -5 5
19 -5 5
19 -5 5
19 -5 5
19 -5 5
# ave_measured_val[0][1] = 709
19 5 -5
19 5 -5
19 5 -5
19 5 -5
19 5 -5
19 5 -5
19 5 -5
19 5 -5
19 5 -5
19 5 -5
# ave_measured_val[1][0] = 340
19 5 5
19 5 5
19 5 5
19 5 5
19 5 5
19 5 5
19 5 5
19 5 5
19 5 5
19 5 5
# ave_measured_val[1][1] = 443
# hoge
# min_loss : 754  estimate[19] = 0
# min_loss : 634  estimate[19] = 4
# min_loss : 514  estimate[19] = 5
# min_loss : 394  estimate[19] = 6
20 -5 -5
20 -5 -5
20 -5 -5
20 -5 -5
20 -5 -5
20 -5 -5
20 -5 -5
20 -5 -5
20 -5 -5
20 -5 -5
# ave_measured_val[0][0] = 446
20 -5 5
20 -5 5
20 -5 5
20 -5 5
20 -5 5
20 -5 5
20 -5 5
20 -5 5
20 -5 5
20 -5 5
# ave_measured_val[0][1] = 505
20 5 -5
20 5 -5
20 5 -5
20 5 -5
20 5 -5
20 5 -5
20 5 -5
20 5 -5
20 5 -5
20 5 -5
# ave_measured_val[1][0] = 405
20 5 5
20 5 5
20 5 5
20 5 5
20 5 5
20 5 5
20 5 5
20 5 5
20 5 5
20 5 5
# ave_measured_val[1][1] = 623
# hoge
# min_loss : 267  estimate[20] = 0
# min_loss : 247  estimate[20] = 2
# min_loss : 227  estimate[20] = 12
21 -5 -5
21 -5 -5
21 -5 -5
21 -5 -5
21 -5 -5
21 -5 -5
21 -5 -5
21 -5 -5
21 -5 -5
21 -5 -5
# ave_measured_val[0][0] = 572
21 -5 5
21 -5 5
21 -5 5
21 -5 5
21 -5 5
21 -5 5
21 -5 5
21 -5 5
21 -5 5
21 -5 5
# ave_measured_val[0][1] = 679
21 5 -5
21 5 -5
21 5 -5
21 5 -5
21 5 -5
21 5 -5
21 5 -5
21 5 -5
21 5 -5
21 5 -5
# ave_measured_val[1][0] = 515
21 5 5
21 5 5
21 5 5
21 5 5
21 5 5
21 5 5
21 5 5
21 5 5
21 5 5
21 5 5
# ave_measured_val[1][1] = 348
# hoge
# min_loss : 548  estimate[21] = 0
# min_loss : 428  estimate[21] = 4
# min_loss : 364  estimate[21] = 5
# min_loss : 274  estimate[21] = 6
22 -5 -5
22 -5 -5
22 -5 -5
22 -5 -5
22 -5 -5
22 -5 -5
22 -5 -5
22 -5 -5
22 -5 -5
22 -5 -5
# ave_measured_val[0][0] = 745
22 -5 5
22 -5 5
22 -5 5
22 -5 5
22 -5 5
22 -5 5
22 -5 5
22 -5 5
22 -5 5
22 -5 5
# ave_measured_val[0][1] = 392
22 5 -5
22 5 -5
22 5 -5
22 5 -5
22 5 -5
22 5 -5
22 5 -5
22 5 -5
22 5 -5
22 5 -5
# ave_measured_val[1][0] = 580
22 5 5
22 5 5
22 5 5
22 5 5
22 5 5
22 5 5
22 5 5
22 5 5
22 5 5
22 5 5
# ave_measured_val[1][1] = 468
# hoge
# min_loss : 505  estimate[22] = 0
# min_loss : 485  estimate[22] = 44
# min_loss : 465  estimate[22] = 45
# min_loss : 425  estimate[22] = 47
# min_loss : 405  estimate[22] = 52
# min_loss : 345  estimate[22] = 55
# min_loss : 285  estimate[22] = 59
# min_loss : 265  estimate[22] = 70
23 -5 -5
23 -5 -5
23 -5 -5
23 -5 -5
23 -5 -5
23 -5 -5
23 -5 -5
23 -5 -5
23 -5 -5
23 -5 -5
# ave_measured_val[0][0] = 525
23 -5 5
23 -5 5
23 -5 5
23 -5 5
23 -5 5
23 -5 5
23 -5 5
23 -5 5
23 -5 5
23 -5 5
# ave_measured_val[0][1] = 498
23 5 -5
23 5 -5
23 5 -5
23 5 -5
23 5 -5
23 5 -5
23 5 -5
23 5 -5
23 5 -5
23 5 -5
# ave_measured_val[1][0] = 500
23 5 5
23 5 5
23 5 5
23 5 5
23 5 5
23 5 5
23 5 5
23 5 5
23 5 5
23 5 5
# ave_measured_val[1][1] = 514
# hoge
# min_loss : 213  estimate[23] = 0
# min_loss : 203  estimate[23] = 9
# min_loss : 179  estimate[23] = 72
# min_loss : 163  estimate[23] = 79
24 -5 -5
24 -5 -5
24 -5 -5
24 -5 -5
24 -5 -5
24 -5 -5
24 -5 -5
24 -5 -5
24 -5 -5
24 -5 -5
# ave_measured_val[0][0] = 416
24 -5 5
24 -5 5
24 -5 5
24 -5 5
24 -5 5
24 -5 5
24 -5 5
24 -5 5
24 -5 5
24 -5 5
# ave_measured_val[0][1] = 784
24 5 -5
24 5 -5
24 5 -5
24 5 -5
24 5 -5
24 5 -5
24 5 -5
24 5 -5
24 5 -5
24 5 -5
# ave_measured_val[1][0] = 634
24 5 5
24 5 5
24 5 5
24 5 5
24 5 5
24 5 5
24 5 5
24 5 5
24 5 5
24 5 5
# ave_measured_val[1][1] = 495
# hoge
# min_loss : 507  estimate[24] = 0
25 -5 -5
25 -5 -5
25 -5 -5
25 -5 -5
25 -5 -5
25 -5 -5
25 -5 -5
25 -5 -5
25 -5 -5
25 -5 -5
# ave_measured_val[0][0] = 577
25 -5 5
25 -5 5
25 -5 5
25 -5 5
25 -5 5
25 -5 5
25 -5 5
25 -5 5
25 -5 5
25 -5 5
# ave_measured_val[0][1] = 569
25 5 -5
25 5 -5
25 5 -5
25 5 -5
25 5 -5
25 5 -5
25 5 -5
25 5 -5
25 5 -5
25 5 -5
# ave_measured_val[1][0] = 593
25 5 5
25 5 5
25 5 5
25 5 5
25 5 5
25 5 5
25 5 5
25 5 5
25 5 5
25 5 5
# ave_measured_val[1][1] = 603
# hoge
# min_loss : 142  estimate[25] = 0
# min_loss : 132  estimate[25] = 3
# min_loss : 78  estimate[25] = 4
# min_loss : 72  estimate[25] = 40
# min_loss : 64  estimate[25] = 46
# min_loss : 58  estimate[25] = 82
26 -5 -5
26 -5 -5
26 -5 -5
26 -5 -5
26 -5 -5
26 -5 -5
26 -5 -5
26 -5 -5
26 -5 -5
26 -5 -5
# ave_measured_val[0][0] = 526
26 -5 5
26 -5 5
26 -5 5
26 -5 5
26 -5 5
26 -5 5
26 -5 5
26 -5 5
26 -5 5
26 -5 5
# ave_measured_val[0][1] = 530
26 5 -5
26 5 -5
26 5 -5
26 5 -5
26 5 -5
26 5 -5
26 5 -5
26 5 -5
26 5 -5
26 5 -5
# ave_measured_val[1][0] = 378
26 5 5
26 5 5
26 5 5
26 5 5
26 5 5
26 5 5
26 5 5
26 5 5
26 5 5
26 5 5
# ave_measured_val[1][1] = 607
# hoge
# min_loss : 245  estimate[26] = 0
# min_loss : 231  estimate[26] = 2
27 -5 -5
27 -5 -5
27 -5 -5
27 -5 -5
27 -5 -5
27 -5 -5
27 -5 -5
27 -5 -5
27 -5 -5
27 -5 -5
# ave_measured_val[0][0] = 686
27 -5 5
27 -5 5
27 -5 5
27 -5 5
27 -5 5
27 -5 5
27 -5 5
27 -5 5
27 -5 5
27 -5 5
# ave_measured_val[0][1] = 339
27 5 -5
27 5 -5
27 5 -5
27 5 -5
27 5 -5
27 5 -5
27 5 -5
27 5 -5
27 5 -5
27 5 -5
# ave_measured_val[1][0] = 459
27 5 5
27 5 5
27 5 5
27 5 5
27 5 5
27 5 5
27 5 5
27 5 5
27 5 5
27 5 5
# ave_measured_val[1][1] = 493
# hoge
# min_loss : 595  estimate[27] = 0
# min_loss : 475  estimate[27] = 6
# min_loss : 463  estimate[27] = 55
# min_loss : 455  estimate[27] = 58
# min_loss : 389  estimate[27] = 59
# min_loss : 381  estimate[27] = 70
28 -5 -5
28 -5 -5
28 -5 -5
28 -5 -5
28 -5 -5
28 -5 -5
28 -5 -5
28 -5 -5
28 -5 -5
28 -5 -5
# ave_measured_val[0][0] = 705
28 -5 5
28 -5 5
28 -5 5
28 -5 5
28 -5 5
28 -5 5
28 -5 5
28 -5 5
28 -5 5
28 -5 5
# ave_measured_val[0][1] = 567
28 5 -5
28 5 -5
28 5 -5
28 5 -5
28 5 -5
28 5 -5
28 5 -5
28 5 -5
28 5 -5
28 5 -5
# ave_measured_val[1][0] = 404
28 5 5
28 5 5
28 5 5
28 5 5
28 5 5
28 5 5
28 5 5
28 5 5
28 5 5
28 5 5
# ave_measured_val[1][1] = 585
# hoge
# min_loss : 443  estimate[28] = 0
# min_loss : 409  estimate[28] = 4
# min_loss : 349  estimate[28] = 5
# min_loss : 319  estimate[28] = 6
29 -5 -5
29 -5 -5
29 -5 -5
29 -5 -5
29 -5 -5
29 -5 -5
29 -5 -5
29 -5 -5
29 -5 -5
29 -5 -5
# ave_measured_val[0][0] = 330
29 -5 5
29 -5 5
29 -5 5
29 -5 5
29 -5 5
29 -5 5
29 -5 5
29 -5 5
29 -5 5
29 -5 5
# ave_measured_val[0][1] = 385
29 5 -5
29 5 -5
29 5 -5
29 5 -5
29 5 -5
29 5 -5
29 5 -5
29 5 -5
29 5 -5
29 5 -5
# ave_measured_val[1][0] = 390
29 5 5
29 5 5
29 5 5
29 5 5
29 5 5
29 5 5
29 5 5
29 5 5
29 5 5
29 5 5
# ave_measured_val[1][1] = 474
# hoge
# min_loss : 621  estimate[29] = 0
30 -5 -5
30 -5 -5
30 -5 -5
30 -5 -5
30 -5 -5
30 -5 -5
30 -5 -5
30 -5 -5
30 -5 -5
30 -5 -5
# ave_measured_val[0][0] = 398
30 -5 5
30 -5 5
30 -5 5
30 -5 5
30 -5 5
30 -5 5
30 -5 5
30 -5 5
30 -5 5
30 -5 5
# ave_measured_val[0][1] = 440
30 5 -5
30 5 -5
30 5 -5
30 5 -5
30 5 -5
30 5 -5
30 5 -5
30 5 -5
30 5 -5
30 5 -5
# ave_measured_val[1][0] = 838
30 5 5
30 5 5
30 5 5
30 5 5
30 5 5
30 5 5
30 5 5
30 5 5
30 5 5
30 5 5
# ave_measured_val[1][1] = 737
# hoge
# min_loss : 577  estimate[30] = 0
# min_loss : 537  estimate[30] = 1
31 -5 -5
31 -5 -5
31 -5 -5
31 -5 -5
31 -5 -5
31 -5 -5
31 -5 -5
31 -5 -5
31 -5 -5
31 -5 -5
# ave_measured_val[0][0] = 556
31 -5 5
31 -5 5
31 -5 5
31 -5 5
31 -5 5
31 -5 5
31 -5 5
31 -5 5
31 -5 5
31 -5 5
# ave_measured_val[0][1] = 426
31 5 -5
31 5 -5
31 5 -5
31 5 -5
31 5 -5
31 5 -5
31 5 -5
31 5 -5
31 5 -5
31 5 -5
# ave_measured_val[1][0] = 491
31 5 5
31 5 5
31 5 5
31 5 5
31 5 5
31 5 5
31 5 5
31 5 5
31 5 5
31 5 5
# ave_measured_val[1][1] = 307
# hoge
# min_loss : 532  estimate[31] = 0
# min_loss : 500  estimate[31] = 6
# min_loss : 442  estimate[31] = 9
# min_loss : 420  estimate[31] = 72
32 -5 -5
32 -5 -5
32 -5 -5
32 -5 -5
32 -5 -5
32 -5 -5
32 -5 -5
32 -5 -5
32 -5 -5
32 -5 -5
# ave_measured_val[0][0] = 615
32 -5 5
32 -5 5
32 -5 5
32 -5 5
32 -5 5
32 -5 5
32 -5 5
32 -5 5
32 -5 5
32 -5 5
# ave_measured_val[0][1] = 605
32 5 -5
32 5 -5
32 5 -5
32 5 -5
32 5 -5
32 5 -5
32 5 -5
32 5 -5
32 5 -5
32 5 -5
# ave_measured_val[1][0] = 630
32 5 5
32 5 5
32 5 5
32 5 5
32 5 5
32 5 5
32 5 5
32 5 5
32 5 5
32 5 5
# ave_measured_val[1][1] = 434
# hoge
# min_loss : 416  estimate[32] = 0
# min_loss : 376  estimate[32] = 1
# min_loss : 336  estimate[32] = 3
# min_loss : 286  estimate[32] = 4
# min_loss : 276  estimate[32] = 40
# min_loss : 256  estimate[32] = 45
# min_loss : 216  estimate[32] = 46
# min_loss : 186  estimate[32] = 49
33 -5 -5
33 -5 -5
33 -5 -5
33 -5 -5
33 -5 -5
33 -5 -5
33 -5 -5
33 -5 -5
33 -5 -5
33 -5 -5
# ave_measured_val[0][0] = 423
33 -5 5
33 -5 5
33 -5 5
33 -5 5
33 -5 5
33 -5 5
33 -5 5
33 -5 5
33 -5 5
33 -5 5
# ave_measured_val[0][1] = 413
33 5 -5
33 5 -5
33 5 -5
33 5 -5
33 5 -5
33 5 -5
33 5 -5
33 5 -5
33 5 -5
33 5 -5
# ave_measured_val[1][0] = 368
33 5 5
33 5 5
33 5 5
33 5 5
33 5 5
33 5 5
33 5 5
33 5 5
33 5 5
33 5 5
# ave_measured_val[1][1] = 537
# hoge
# min_loss : 459  estimate[33] = 0
34 -5 -5
34 -5 -5
34 -5 -5
34 -5 -5
34 -5 -5
34 -5 -5
34 -5 -5
34 -5 -5
34 -5 -5
34 -5 -5
# ave_measured_val[0][0] = 587
34 -5 5
34 -5 5
34 -5 5
34 -5 5
34 -5 5
34 -5 5
34 -5 5
34 -5 5
34 -5 5
34 -5 5
# ave_measured_val[0][1] = 728
34 5 -5
34 5 -5
34 5 -5
34 5 -5
34 5 -5
34 5 -5
34 5 -5
34 5 -5
34 5 -5
34 5 -5
# ave_measured_val[1][0] = 662
34 5 5
34 5 5
34 5 5
34 5 5
34 5 5
34 5 5
34 5 5
34 5 5
34 5 5
34 5 5
# ave_measured_val[1][1] = 536
# hoge
# min_loss : 441  estimate[34] = 0
# min_loss : 401  estimate[34] = 1
# min_loss : 361  estimate[34] = 3
# min_loss : 301  estimate[34] = 4
# min_loss : 267  estimate[34] = 5
35 -5 -5
35 -5 -5
35 -5 -5
35 -5 -5
35 -5 -5
35 -5 -5
35 -5 -5
35 -5 -5
35 -5 -5
35 -5 -5
# ave_measured_val[0][0] = 581
35 -5 5
35 -5 5
35 -5 5
35 -5 5
35 -5 5
35 -5 5
35 -5 5
35 -5 5
35 -5 5
35 -5 5
# ave_measured_val[0][1] = 459
35 5 -5
35 5 -5
35 5 -5
35 5 -5
35 5 -5
35 5 -5
35 5 -5
35 5 -5
35 5 -5
35 5 -5
# ave_measured_val[1][0] = 689
35 5 5
35 5 5
35 5 5
35 5 5
35 5 5
35 5 5
35 5 5
35 5 5
35 5 5
35 5 5
# ave_measured_val[1][1] = 463
# hoge
# min_loss : 388  estimate[35] = 0
# min_loss : 348  estimate[35] = 42
# min_loss : 346  estimate[35] = 46
# min_loss : 286  estimate[35] = 50
# min_loss : 206  estimate[35] = 57
# min_loss : 166  estimate[35] = 60
36 -5 -5
36 -5 -5
36 -5 -5
36 -5 -5
36 -5 -5
36 -5 -5
36 -5 -5
36 -5 -5
36 -5 -5
36 -5 -5
# ave_measured_val[0][0] = 752
36 -5 5
36 -5 5
36 -5 5
36 -5 5
36 -5 5
36 -5 5
36 -5 5
36 -5 5
36 -5 5
36 -5 5
# ave_measured_val[0][1] = 634
36 5 -5
36 5 -5
36 5 -5
36 5 -5
36 5 -5
36 5 -5
36 5 -5
36 5 -5
36 5 -5
36 5 -5
# ave_measured_val[1][0] = 517
36 5 5
36 5 5
36 5 5
36 5 5
36 5 5
36 5 5
36 5 5
36 5 5
36 5 5
36 5 5
# ave_measured_val[1][1] = 376
# hoge
# min_loss : 653  estimate[36] = 0
# min_loss : 533  estimate[36] = 4
# min_loss : 425  estimate[36] = 5
# min_loss : 339  estimate[36] = 6
# min_loss : 293  estimate[36] = 55
37 -5 -5
37 -5 -5
37 -5 -5
37 -5 -5
37 -5 -5
37 -5 -5
37 -5 -5
37 -5 -5
37 -5 -5
37 -5 -5
# ave_measured_val[0][0] = 367
37 -5 5
37 -5 5
37 -5 5
37 -5 5
37 -5 5
37 -5 5
37 -5 5
37 -5 5
37 -5 5
37 -5 5
# ave_measured_val[0][1] = 440
37 5 -5
37 5 -5
37 5 -5
37 5 -5
37 5 -5
37 5 -5
37 5 -5
37 5 -5
37 5 -5
37 5 -5
# ave_measured_val[1][0] = 694
37 5 5
37 5 5
37 5 5
37 5 5
37 5 5
37 5 5
37 5 5
37 5 5
37 5 5
37 5 5
# ave_measured_val[1][1] = 380
# hoge
# min_loss : 547  estimate[37] = 0
# min_loss : 527  estimate[37] = 57
# min_loss : 487  estimate[37] = 60
38 -5 -5
38 -5 -5
38 -5 -5
38 -5 -5
38 -5 -5
38 -5 -5
38 -5 -5
38 -5 -5
38 -5 -5
38 -5 -5
# ave_measured_val[0][0] = 352
38 -5 5
38 -5 5
38 -5 5
38 -5 5
38 -5 5
38 -5 5
38 -5 5
38 -5 5
38 -5 5
38 -5 5
# ave_measured_val[0][1] = 334
38 5 -5
38 5 -5
38 5 -5
38 5 -5
38 5 -5
38 5 -5
38 5 -5
38 5 -5
38 5 -5
38 5 -5
# ave_measured_val[1][0] = 679
38 5 5
38 5 5
38 5 5
38 5 5
38 5 5
38 5 5
38 5 5
38 5 5
38 5 5
38 5 5
# ave_measured_val[1][1] = 557
# hoge
# min_loss : 476  estimate[38] = 0
# min_loss : 456  estimate[38] = 57
# min_loss : 430  estimate[38] = 60
# min_loss : 416  estimate[38] = 81
39 -5 -5
39 -5 -5
39 -5 -5
39 -5 -5
39 -5 -5
39 -5 -5
39 -5 -5
39 -5 -5
39 -5 -5
39 -5 -5
# ave_measured_val[0][0] = 484
39 -5 5
39 -5 5
39 -5 5
39 -5 5
39 -5 5
39 -5 5
39 -5 5
39 -5 5
39 -5 5
39 -5 5
# ave_measured_val[0][1] = 600
39 5 -5
39 5 -5
39 5 -5
39 5 -5
39 5 -5
39 5 -5
39 5 -5
39 5 -5
39 5 -5
39 5 -5
# ave_measured_val[1][0] = 500
39 5 5
39 5 5
39 5 5
39 5 5
39 5 5
39 5 5
39 5 5
39 5 5
39 5 5
39 5 5
# ave_measured_val[1][1] = 447
# hoge
# min_loss : 329  estimate[39] = 0
# min_loss : 309  estimate[39] = 2
# min_loss : 249  estimate[39] = 6
# min_loss : 209  estimate[39] = 9
40 -5 -5
40 -5 -5
40 -5 -5
40 -5 -5
40 -5 -5
40 -5 -5
40 -5 -5
40 -5 -5
40 -5 -5
40 -5 -5
# ave_measured_val[0][0] = 286
40 -5 5
40 -5 5
40 -5 5
40 -5 5
40 -5 5
40 -5 5
40 -5 5
40 -5 5
40 -5 5
40 -5 5
# ave_measured_val[0][1] = 566
40 5 -5
40 5 -5
40 5 -5
40 5 -5
40 5 -5
40 5 -5
40 5 -5
40 5 -5
40 5 -5
40 5 -5
# ave_measured_val[1][0] = 670
40 5 5
40 5 5
40 5 5
40 5 5
40 5 5
40 5 5
40 5 5
40 5 5
40 5 5
40 5 5
# ave_measured_val[1][1] = 453
# hoge
# min_loss : 497  estimate[40] = 0
41 -5 -5
41 -5 -5
41 -5 -5
41 -5 -5
41 -5 -5
41 -5 -5
41 -5 -5
41 -5 -5
41 -5 -5
41 -5 -5
# ave_measured_val[0][0] = 404
41 -5 5
41 -5 5
41 -5 5
41 -5 5
41 -5 5
41 -5 5
41 -5 5
41 -5 5
41 -5 5
41 -5 5
# ave_measured_val[0][1] = 607
41 5 -5
41 5 -5
41 5 -5
41 5 -5
41 5 -5
41 5 -5
41 5 -5
41 5 -5
41 5 -5
41 5 -5
# ave_measured_val[1][0] = 443
41 5 5
41 5 5
41 5 5
41 5 5
41 5 5
41 5 5
41 5 5
41 5 5
41 5 5
41 5 5
# ave_measured_val[1][1] = 561
# hoge
# min_loss : 359  estimate[41] = 0
# min_loss : 339  estimate[41] = 2
# min_loss : 307  estimate[41] = 6
# min_loss : 227  estimate[41] = 9
# min_loss : 207  estimate[41] = 11
42 -5 -5
42 -5 -5
42 -5 -5
42 -5 -5
42 -5 -5
42 -5 -5
42 -5 -5
42 -5 -5
42 -5 -5
42 -5 -5
# ave_measured_val[0][0] = 509
42 -5 5
42 -5 5
42 -5 5
42 -5 5
42 -5 5
42 -5 5
42 -5 5
42 -5 5
42 -5 5
42 -5 5
# ave_measured_val[0][1] = 485
42 5 -5
42 5 -5
42 5 -5
42 5 -5
42 5 -5
42 5 -5
42 5 -5
42 5 -5
42 5 -5
42 5 -5
# ave_measured_val[1][0] = 690
42 5 5
42 5 5
42 5 5
42 5 5
42 5 5
42 5 5
42 5 5
42 5 5
42 5 5
42 5 5
# ave_measured_val[1][1] = 539
# hoge
# min_loss : 215  estimate[42] = 0
# min_loss : 177  estimate[42] = 57
# min_loss : 137  estimate[42] = 60
43 -5 -5
43 -5 -5
43 -5 -5
43 -5 -5
43 -5 -5
43 -5 -5
43 -5 -5
43 -5 -5
43 -5 -5
43 -5 -5
# ave_measured_val[0][0] = 339
43 -5 5
43 -5 5
43 -5 5
43 -5 5
43 -5 5
43 -5 5
43 -5 5
43 -5 5
43 -5 5
43 -5 5
# ave_measured_val[0][1] = 587
43 5 -5
43 5 -5
43 5 -5
43 5 -5
43 5 -5
43 5 -5
43 5 -5
43 5 -5
43 5 -5
43 5 -5
# ave_measured_val[1][0] = 622
43 5 5
43 5 5
43 5 5
43 5 5
43 5 5
43 5 5
43 5 5
43 5 5
43 5 5
43 5 5
# ave_measured_val[1][1] = 723
# hoge
# min_loss : 393  estimate[43] = 0
# min_loss : 313  estimate[43] = 1
# min_loss : 273  estimate[43] = 3
# min_loss : 253  estimate[43] = 13
# min_loss : 219  estimate[43] = 21
44 -5 -5
44 -5 -5
44 -5 -5
44 -5 -5
44 -5 -5
44 -5 -5
44 -5 -5
44 -5 -5
44 -5 -5
44 -5 -5
# ave_measured_val[0][0] = 754
44 -5 5
44 -5 5
44 -5 5
44 -5 5
44 -5 5
44 -5 5
44 -5 5
44 -5 5
44 -5 5
44 -5 5
# ave_measured_val[0][1] = 589
44 5 -5
44 5 -5
44 5 -5
44 5 -5
44 5 -5
44 5 -5
44 5 -5
44 5 -5
44 5 -5
44 5 -5
# ave_measured_val[1][0] = 733
44 5 5
44 5 5
44 5 5
44 5 5
44 5 5
44 5 5
44 5 5
44 5 5
44 5 5
44 5 5
# ave_measured_val[1][1] = 358
# hoge
# min_loss : 718  estimate[44] = 0
# min_loss : 678  estimate[44] = 1
# min_loss : 638  estimate[44] = 3
# min_loss : 620  estimate[44] = 4
# min_loss : 580  estimate[44] = 40
# min_loss : 540  estimate[44] = 43
# min_loss : 518  estimate[44] = 46
# min_loss : 500  estimate[44] = 47
# min_loss : 460  estimate[44] = 48
# min_loss : 420  estimate[44] = 51
# min_loss : 380  estimate[44] = 54
# min_loss : 340  estimate[44] = 59
45 -5 -5
45 -5 -5
45 -5 -5
45 -5 -5
45 -5 -5
45 -5 -5
45 -5 -5
45 -5 -5
45 -5 -5
45 -5 -5
# ave_measured_val[0][0] = 455
45 -5 5
45 -5 5
45 -5 5
45 -5 5
45 -5 5
45 -5 5
45 -5 5
45 -5 5
45 -5 5
45 -5 5
# ave_measured_val[0][1] = 709
45 5 -5
45 5 -5
45 5 -5
45 5 -5
45 5 -5
45 5 -5
45 5 -5
45 5 -5
45 5 -5
45 5 -5
# ave_measured_val[1][0] = 549
45 5 5
45 5 5
45 5 5
45 5 5
45 5 5
45 5 5
45 5 5
45 5 5
45 5 5
45 5 5
# ave_measured_val[1][1] = 646
# hoge
# min_loss : 311  estimate[45] = 0
# min_loss : 271  estimate[45] = 2
# min_loss : 239  estimate[45] = 7
# min_loss : 231  estimate[45] = 8
# min_loss : 209  estimate[45] = 12
# min_loss : 199  estimate[45] = 13
# min_loss : 169  estimate[45] = 16
46 -5 -5
46 -5 -5
46 -5 -5
46 -5 -5
46 -5 -5
46 -5 -5
46 -5 -5
46 -5 -5
46 -5 -5
46 -5 -5
# ave_measured_val[0][0] = 398
46 -5 5
46 -5 5
46 -5 5
46 -5 5
46 -5 5
46 -5 5
46 -5 5
46 -5 5
46 -5 5
46 -5 5
# ave_measured_val[0][1] = 733
46 5 -5
46 5 -5
46 5 -5
46 5 -5
46 5 -5
46 5 -5
46 5 -5
46 5 -5
46 5 -5
46 5 -5
# ave_measured_val[1][0] = 622
46 5 5
46 5 5
46 5 5
46 5 5
46 5 5
46 5 5
46 5 5
46 5 5
46 5 5
46 5 5
# ave_measured_val[1][1] = 467
# hoge
# min_loss : 490  estimate[46] = 0
47 -5 -5
47 -5 -5
47 -5 -5
47 -5 -5
47 -5 -5
47 -5 -5
47 -5 -5
47 -5 -5
47 -5 -5
47 -5 -5
# ave_measured_val[0][0] = 472
47 -5 5
47 -5 5
47 -5 5
47 -5 5
47 -5 5
47 -5 5
47 -5 5
47 -5 5
47 -5 5
47 -5 5
# ave_measured_val[0][1] = 737
47 5 -5
47 5 -5
47 5 -5
47 5 -5
47 5 -5
47 5 -5
47 5 -5
47 5 -5
47 5 -5
47 5 -5
# ave_measured_val[1][0] = 503
47 5 5
47 5 5
47 5 5
47 5 5
47 5 5
47 5 5
47 5 5
47 5 5
47 5 5
47 5 5
# ave_measured_val[1][1] = 447
# hoge
# min_loss : 475  estimate[47] = 0
# min_loss : 455  estimate[47] = 2
# min_loss : 435  estimate[47] = 5
# min_loss : 321  estimate[47] = 6
48 -5 -5
48 -5 -5
48 -5 -5
48 -5 -5
48 -5 -5
48 -5 -5
48 -5 -5
48 -5 -5
48 -5 -5
48 -5 -5
# ave_measured_val[0][0] = 485
48 -5 5
48 -5 5
48 -5 5
48 -5 5
48 -5 5
48 -5 5
48 -5 5
48 -5 5
48 -5 5
48 -5 5
# ave_measured_val[0][1] = 728
48 5 -5
48 5 -5
48 5 -5
48 5 -5
48 5 -5
48 5 -5
48 5 -5
48 5 -5
48 5 -5
48 5 -5
# ave_measured_val[1][0] = 341
48 5 5
48 5 5
48 5 5
48 5 5
48 5 5
48 5 5
48 5 5
48 5 5
48 5 5
48 5 5
# ave_measured_val[1][1] = 385
# hoge
# min_loss : 677  estimate[48] = 0
# min_loss : 657  estimate[48] = 2
# min_loss : 637  estimate[48] = 5
# min_loss : 517  estimate[48] = 6
# min_loss : 477  estimate[48] = 9
# min_loss : 457  estimate[48] = 11
# min_loss : 437  estimate[48] = 14
49 -5 -5
49 -5 -5
49 -5 -5
49 -5 -5
49 -5 -5
49 -5 -5
49 -5 -5
49 -5 -5
49 -5 -5
49 -5 -5
# ave_measured_val[0][0] = 540
49 -5 5
49 -5 5
49 -5 5
49 -5 5
49 -5 5
49 -5 5
49 -5 5
49 -5 5
49 -5 5
49 -5 5
# ave_measured_val[0][1] = 525
49 5 -5
49 5 -5
49 5 -5
49 5 -5
49 5 -5
49 5 -5
49 5 -5
49 5 -5
49 5 -5
49 5 -5
# ave_measured_val[1][0] = 832
49 5 5
49 5 5
49 5 5
49 5 5
49 5 5
49 5 5
49 5 5
49 5 5
49 5 5
49 5 5
# ave_measured_val[1][1] = 481
# hoge
# min_loss : 416  estimate[49] = 0
# min_loss : 406  estimate[49] = 1
# min_loss : 386  estimate[49] = 42
# min_loss : 346  estimate[49] = 53
# min_loss : 336  estimate[49] = 57
50 -5 -5
50 -5 -5
50 -5 -5
50 -5 -5
50 -5 -5
50 -5 -5
50 -5 -5
50 -5 -5
50 -5 -5
50 -5 -5
# ave_measured_val[0][0] = 712
50 -5 5
50 -5 5
50 -5 5
50 -5 5
50 -5 5
50 -5 5
50 -5 5
50 -5 5
50 -5 5
50 -5 5
# ave_measured_val[0][1] = 699
50 5 -5
50 5 -5
50 5 -5
50 5 -5
50 5 -5
50 5 -5
50 5 -5
50 5 -5
50 5 -5
50 5 -5
# ave_measured_val[1][0] = 562
50 5 5
50 5 5
50 5 5
50 5 5
50 5 5
50 5 5
50 5 5
50 5 5
50 5 5
50 5 5
# ave_measured_val[1][1] = 563
# hoge
# min_loss : 446  estimate[50] = 0
# min_loss : 326  estimate[50] = 4
# min_loss : 210  estimate[50] = 5
# min_loss : 172  estimate[50] = 32
# min_loss : 150  estimate[50] = 35
# min_loss : 88  estimate[50] = 43
# min_loss : 86  estimate[50] = 44
51 -5 -5
51 -5 -5
51 -5 -5
51 -5 -5
51 -5 -5
51 -5 -5
51 -5 -5
51 -5 -5
51 -5 -5
51 -5 -5
# ave_measured_val[0][0] = 656
51 -5 5
51 -5 5
51 -5 5
51 -5 5
51 -5 5
51 -5 5
51 -5 5
51 -5 5
51 -5 5
51 -5 5
# ave_measured_val[0][1] = 668
51 5 -5
51 5 -5
51 5 -5
51 5 -5
51 5 -5
51 5 -5
51 5 -5
51 5 -5
51 5 -5
51 5 -5
# ave_measured_val[1][0] = 518
51 5 5
51 5 5
51 5 5
51 5 5
51 5 5
51 5 5
51 5 5
51 5 5
51 5 5
51 5 5
# ave_measured_val[1][1] = 465
# hoge
# min_loss : 501  estimate[51] = 0
# min_loss : 381  estimate[51] = 4
# min_loss : 261  estimate[51] = 5
# min_loss : 177  estimate[51] = 6
# min_loss : 159  estimate[51] = 71
# min_loss : 149  estimate[51] = 78
# min_loss : 141  estimate[51] = 83
52 -5 -5
52 -5 -5
52 -5 -5
52 -5 -5
52 -5 -5
52 -5 -5
52 -5 -5
52 -5 -5
52 -5 -5
52 -5 -5
# ave_measured_val[0][0] = 573
52 -5 5
52 -5 5
52 -5 5
52 -5 5
52 -5 5
52 -5 5
52 -5 5
52 -5 5
52 -5 5
52 -5 5
# ave_measured_val[0][1] = 427
52 5 -5
52 5 -5
52 5 -5
52 5 -5
52 5 -5
52 5 -5
52 5 -5
52 5 -5
52 5 -5
52 5 -5
# ave_measured_val[1][0] = 376
52 5 5
52 5 5
52 5 5
52 5 5
52 5 5
52 5 5
52 5 5
52 5 5
52 5 5
52 5 5
# ave_measured_val[1][1] = 852
# hoge
# min_loss : 622  estimate[52] = 0
53 -5 -5
53 -5 -5
53 -5 -5
53 -5 -5
53 -5 -5
53 -5 -5
53 -5 -5
53 -5 -5
53 -5 -5
53 -5 -5
# ave_measured_val[0][0] = 747
53 -5 5
53 -5 5
53 -5 5
53 -5 5
53 -5 5
53 -5 5
53 -5 5
53 -5 5
53 -5 5
53 -5 5
# ave_measured_val[0][1] = 654
53 5 -5
53 5 -5
53 5 -5
53 5 -5
53 5 -5
53 5 -5
53 5 -5
53 5 -5
53 5 -5
53 5 -5
# ave_measured_val[1][0] = 622
53 5 5
53 5 5
53 5 5
53 5 5
53 5 5
53 5 5
53 5 5
53 5 5
53 5 5
53 5 5
# ave_measured_val[1][1] = 652
# hoge
# min_loss : 475  estimate[53] = 0
# min_loss : 355  estimate[53] = 1
# min_loss : 291  estimate[53] = 3
# min_loss : 275  estimate[53] = 4
# min_loss : 263  estimate[53] = 26
# min_loss : 223  estimate[53] = 31
# min_loss : 183  estimate[53] = 34
# min_loss : 159  estimate[53] = 39
# min_loss : 131  estimate[53] = 48
54 -5 -5
54 -5 -5
54 -5 -5
54 -5 -5
54 -5 -5
54 -5 -5
54 -5 -5
54 -5 -5
54 -5 -5
54 -5 -5
# ave_measured_val[0][0] = 825
54 -5 5
54 -5 5
54 -5 5
54 -5 5
54 -5 5
54 -5 5
54 -5 5
54 -5 5
54 -5 5
54 -5 5
# ave_measured_val[0][1] = 600
54 5 -5
54 5 -5
54 5 -5
54 5 -5
54 5 -5
54 5 -5
54 5 -5
54 5 -5
54 5 -5
54 5 -5
# ave_measured_val[1][0] = 644
54 5 5
54 5 5
54 5 5
54 5 5
54 5 5
54 5 5
54 5 5
54 5 5
54 5 5
54 5 5
# ave_measured_val[1][1] = 554
# hoge
# min_loss : 515  estimate[54] = 0
# min_loss : 475  estimate[54] = 1
# min_loss : 435  estimate[54] = 3
# min_loss : 395  estimate[54] = 4
# min_loss : 375  estimate[54] = 40
# min_loss : 315  estimate[54] = 43
# min_loss : 275  estimate[54] = 47
# min_loss : 247  estimate[54] = 48
# min_loss : 235  estimate[54] = 49
# min_loss : 227  estimate[54] = 51
# min_loss : 223  estimate[54] = 52
# min_loss : 167  estimate[54] = 54
# min_loss : 155  estimate[54] = 62
55 -5 -5
55 -5 -5
55 -5 -5
55 -5 -5
55 -5 -5
55 -5 -5
55 -5 -5
55 -5 -5
55 -5 -5
55 -5 -5
# ave_measured_val[0][0] = 488
55 -5 5
55 -5 5
55 -5 5
55 -5 5
55 -5 5
55 -5 5
55 -5 5
55 -5 5
55 -5 5
55 -5 5
# ave_measured_val[0][1] = 791
55 5 -5
55 5 -5
55 5 -5
55 5 -5
55 5 -5
55 5 -5
55 5 -5
55 5 -5
55 5 -5
55 5 -5
# ave_measured_val[1][0] = 548
55 5 5
55 5 5
55 5 5
55 5 5
55 5 5
55 5 5
55 5 5
55 5 5
55 5 5
55 5 5
# ave_measured_val[1][1] = 472
# hoge
# min_loss : 443  estimate[55] = 0
# min_loss : 423  estimate[55] = 2
# min_loss : 403  estimate[55] = 5
# min_loss : 379  estimate[55] = 6
56 -5 -5
56 -5 -5
56 -5 -5
56 -5 -5
56 -5 -5
56 -5 -5
56 -5 -5
56 -5 -5
56 -5 -5
56 -5 -5
# ave_measured_val[0][0] = 509
56 -5 5
56 -5 5
56 -5 5
56 -5 5
56 -5 5
56 -5 5
56 -5 5
56 -5 5
56 -5 5
56 -5 5
# ave_measured_val[0][1] = 163
56 5 -5
56 5 -5
56 5 -5
56 5 -5
56 5 -5
56 5 -5
56 5 -5
56 5 -5
56 5 -5
56 5 -5
# ave_measured_val[1][0] = 515
56 5 5
56 5 5
56 5 5
56 5 5
56 5 5
56 5 5
56 5 5
56 5 5
56 5 5
56 5 5
# ave_measured_val[1][1] = 672
# hoge
# min_loss : 503  estimate[56] = 0
57 -5 -5
57 -5 -5
57 -5 -5
57 -5 -5
57 -5 -5
57 -5 -5
57 -5 -5
57 -5 -5
57 -5 -5
57 -5 -5
# ave_measured_val[0][0] = 692
57 -5 5
57 -5 5
57 -5 5
57 -5 5
57 -5 5
57 -5 5
57 -5 5
57 -5 5
57 -5 5
57 -5 5
# ave_measured_val[0][1] = 649
57 5 -5
57 5 -5
57 5 -5
57 5 -5
57 5 -5
57 5 -5
57 5 -5
57 5 -5
57 5 -5
57 5 -5
# ave_measured_val[1][0] = 638
57 5 5
57 5 5
57 5 5
57 5 5
57 5 5
57 5 5
57 5 5
57 5 5
57 5 5
57 5 5
# ave_measured_val[1][1] = 836
# hoge
# min_loss : 615  estimate[57] = 0
# min_loss : 495  estimate[57] = 1
# min_loss : 415  estimate[57] = 3
# min_loss : 375  estimate[57] = 15
# min_loss : 357  estimate[57] = 26
# min_loss : 337  estimate[57] = 31
# min_loss : 297  estimate[57] = 34
# min_loss : 279  estimate[57] = 38
# min_loss : 257  estimate[57] = 39
# min_loss : 241  estimate[57] = 48
58 -5 -5
58 -5 -5
58 -5 -5
58 -5 -5
58 -5 -5
58 -5 -5
58 -5 -5
58 -5 -5
58 -5 -5
58 -5 -5
# ave_measured_val[0][0] = 739
58 -5 5
58 -5 5
58 -5 5
58 -5 5
58 -5 5
58 -5 5
58 -5 5
58 -5 5
58 -5 5
58 -5 5
# ave_measured_val[0][1] = 574
58 5 -5
58 5 -5
58 5 -5
58 5 -5
58 5 -5
58 5 -5
58 5 -5
58 5 -5
58 5 -5
58 5 -5
# ave_measured_val[1][0] = 365
58 5 5
58 5 5
58 5 5
58 5 5
58 5 5
58 5 5
58 5 5
58 5 5
58 5 5
58 5 5
# ave_measured_val[1][1] = 738
# hoge
# min_loss : 646  estimate[58] = 0
# min_loss : 606  estimate[58] = 1
# min_loss : 538  estimate[58] = 3
59 -5 -5
59 -5 -5
59 -5 -5
59 -5 -5
59 -5 -5
59 -5 -5
59 -5 -5
59 -5 -5
59 -5 -5
59 -5 -5
# ave_measured_val[0][0] = 726
59 -5 5
59 -5 5
59 -5 5
59 -5 5
59 -5 5
59 -5 5
59 -5 5
59 -5 5
59 -5 5
59 -5 5
# ave_measured_val[0][1] = 585
59 5 -5
59 5 -5
59 5 -5
59 5 -5
59 5 -5
59 5 -5
59 5 -5
59 5 -5
59 5 -5
59 5 -5
# ave_measured_val[1][0] = 579
59 5 5
59 5 5
59 5 5
59 5 5
59 5 5
59 5 5
59 5 5
59 5 5
59 5 5
59 5 5
# ave_measured_val[1][1] = 442
# hoge
# min_loss : 450  estimate[59] = 0
# min_loss : 380  estimate[59] = 4
# min_loss : 358  estimate[59] = 5
# min_loss : 320  estimate[59] = 43
# min_loss : 300  estimate[59] = 44
# min_loss : 278  estimate[59] = 45
# min_loss : 240  estimate[59] = 47
# min_loss : 220  estimate[59] = 52
# min_loss : 160  estimate[59] = 55
# min_loss : 100  estimate[59] = 59
# min_loss : 90  estimate[59] = 70
60 -5 -5
60 -5 -5
60 -5 -5
60 -5 -5
60 -5 -5
60 -5 -5
60 -5 -5
60 -5 -5
60 -5 -5
60 -5 -5
# ave_measured_val[0][0] = 707
60 -5 5
60 -5 5
60 -5 5
60 -5 5
60 -5 5
60 -5 5
60 -5 5
60 -5 5
60 -5 5
60 -5 5
# ave_measured_val[0][1] = 718
60 5 -5
60 5 -5
60 5 -5
60 5 -5
60 5 -5
60 5 -5
60 5 -5
60 5 -5
60 5 -5
60 5 -5
# ave_measured_val[1][0] = 318
60 5 5
60 5 5
60 5 5
60 5 5
60 5 5
60 5 5
60 5 5
60 5 5
60 5 5
60 5 5
# ave_measured_val[1][1] = 577
# hoge
# min_loss : 690  estimate[60] = 0
# min_loss : 570  estimate[60] = 4
# min_loss : 450  estimate[60] = 5
# min_loss : 404  estimate[60] = 6
# min_loss : 344  estimate[60] = 10
# min_loss : 330  estimate[60] = 18
61 -5 -5
61 -5 -5
61 -5 -5
61 -5 -5
61 -5 -5
61 -5 -5
61 -5 -5
61 -5 -5
61 -5 -5
61 -5 -5
# ave_measured_val[0][0] = 862
61 -5 5
61 -5 5
61 -5 5
61 -5 5
61 -5 5
61 -5 5
61 -5 5
61 -5 5
61 -5 5
61 -5 5
# ave_measured_val[0][1] = 565
61 5 -5
61 5 -5
61 5 -5
61 5 -5
61 5 -5
61 5 -5
61 5 -5
61 5 -5
61 5 -5
61 5 -5
# ave_measured_val[1][0] = 442
61 5 5
61 5 5
61 5 5
61 5 5
61 5 5
61 5 5
61 5 5
61 5 5
61 5 5
61 5 5
# ave_measured_val[1][1] = 596
# hoge
# min_loss : 549  estimate[61] = 0
# min_loss : 519  estimate[61] = 4
# min_loss : 459  estimate[61] = 5
# min_loss : 451  estimate[61] = 6
62 -5 -5
62 -5 -5
62 -5 -5
62 -5 -5
62 -5 -5
62 -5 -5
62 -5 -5
62 -5 -5
62 -5 -5
62 -5 -5
# ave_measured_val[0][0] = 483
62 -5 5
62 -5 5
62 -5 5
62 -5 5
62 -5 5
62 -5 5
62 -5 5
62 -5 5
62 -5 5
62 -5 5
# ave_measured_val[0][1] = 754
62 5 -5
62 5 -5
62 5 -5
62 5 -5
62 5 -5
62 5 -5
62 5 -5
62 5 -5
62 5 -5
62 5 -5
# ave_measured_val[1][0] = 490
62 5 5
62 5 5
62 5 5
62 5 5
62 5 5
62 5 5
62 5 5
62 5 5
62 5 5
62 5 5
# ave_measured_val[1][1] = 460
# hoge
# min_loss : 481  estimate[62] = 0
# min_loss : 461  estimate[62] = 2
# min_loss : 441  estimate[62] = 5
# min_loss : 321  estimate[62] = 6
# min_loss : 301  estimate[62] = 9
63 -5 -5
63 -5 -5
63 -5 -5
63 -5 -5
63 -5 -5
63 -5 -5
63 -5 -5
63 -5 -5
63 -5 -5
63 -5 -5
# ave_measured_val[0][0] = 776
63 -5 5
63 -5 5
63 -5 5
63 -5 5
63 -5 5
63 -5 5
63 -5 5
63 -5 5
63 -5 5
63 -5 5
# ave_measured_val[0][1] = 554
63 5 -5
63 5 -5
63 5 -5
63 5 -5
63 5 -5
63 5 -5
63 5 -5
63 5 -5
63 5 -5
63 5 -5
# ave_measured_val[1][0] = 630
63 5 5
63 5 5
63 5 5
63 5 5
63 5 5
63 5 5
63 5 5
63 5 5
63 5 5
63 5 5
# ave_measured_val[1][1] = 549
# hoge
# min_loss : 411  estimate[63] = 0
# min_loss : 371  estimate[63] = 1
# min_loss : 343  estimate[63] = 40
# min_loss : 303  estimate[63] = 43
# min_loss : 263  estimate[63] = 46
# min_loss : 223  estimate[63] = 49
# min_loss : 183  estimate[63] = 52
# min_loss : 163  estimate[63] = 56
# min_loss : 149  estimate[63] = 58
# min_loss : 143  estimate[63] = 62
# min_loss : 141  estimate[63] = 66
64 -5 -5
64 -5 -5
64 -5 -5
64 -5 -5
64 -5 -5
64 -5 -5
64 -5 -5
64 -5 -5
64 -5 -5
64 -5 -5
# ave_measured_val[0][0] = 576
64 -5 5
64 -5 5
64 -5 5
64 -5 5
64 -5 5
64 -5 5
64 -5 5
64 -5 5
64 -5 5
64 -5 5
# ave_measured_val[0][1] = 455
64 5 -5
64 5 -5
64 5 -5
64 5 -5
64 5 -5
64 5 -5
64 5 -5
64 5 -5
64 5 -5
64 5 -5
# ave_measured_val[1][0] = 589
64 5 5
64 5 5
64 5 5
64 5 5
64 5 5
64 5 5
64 5 5
64 5 5
64 5 5
64 5 5
# ave_measured_val[1][1] = 457
# hoge
# min_loss : 293  estimate[64] = 0
# min_loss : 283  estimate[64] = 57
# min_loss : 203  estimate[64] = 60
# min_loss : 163  estimate[64] = 64
# min_loss : 135  estimate[64] = 72
65 -5 -5
65 -5 -5
65 -5 -5
65 -5 -5
65 -5 -5
65 -5 -5
65 -5 -5
65 -5 -5
65 -5 -5
65 -5 -5
# ave_measured_val[0][0] = 416
65 -5 5
65 -5 5
65 -5 5
65 -5 5
65 -5 5
65 -5 5
65 -5 5
65 -5 5
65 -5 5
65 -5 5
# ave_measured_val[0][1] = 311
65 5 -5
65 5 -5
65 5 -5
65 5 -5
65 5 -5
65 5 -5
65 5 -5
65 5 -5
65 5 -5
65 5 -5
# ave_measured_val[1][0] = 626
65 5 5
65 5 5
65 5 5
65 5 5
65 5 5
65 5 5
65 5 5
65 5 5
65 5 5
65 5 5
# ave_measured_val[1][1] = 452
# hoge
# min_loss : 487  estimate[65] = 0
# min_loss : 475  estimate[65] = 60
# min_loss : 447  estimate[65] = 64
# min_loss : 427  estimate[65] = 72
66 -5 -5
66 -5 -5
66 -5 -5
66 -5 -5
66 -5 -5
66 -5 -5
66 -5 -5
66 -5 -5
66 -5 -5
66 -5 -5
# ave_measured_val[0][0] = 789
66 -5 5
66 -5 5
66 -5 5
66 -5 5
66 -5 5
66 -5 5
66 -5 5
66 -5 5
66 -5 5
66 -5 5
# ave_measured_val[0][1] = 677
66 5 -5
66 5 -5
66 5 -5
66 5 -5
66 5 -5
66 5 -5
66 5 -5
66 5 -5
66 5 -5
66 5 -5
# ave_measured_val[1][0] = 478
66 5 5
66 5 5
66 5 5
66 5 5
66 5 5
66 5 5
66 5 5
66 5 5
66 5 5
66 5 5
# ave_measured_val[1][1] = 499
# hoge
# min_loss : 649  estimate[66] = 0
# min_loss : 529  estimate[66] = 4
# min_loss : 409  estimate[66] = 5
# min_loss : 289  estimate[66] = 6
67 -5 -5
67 -5 -5
67 -5 -5
67 -5 -5
67 -5 -5
67 -5 -5
67 -5 -5
67 -5 -5
67 -5 -5
67 -5 -5
# ave_measured_val[0][0] = 545
67 -5 5
67 -5 5
67 -5 5
67 -5 5
67 -5 5
67 -5 5
67 -5 5
67 -5 5
67 -5 5
67 -5 5
# ave_measured_val[0][1] = 651
67 5 -5
67 5 -5
67 5 -5
67 5 -5
67 5 -5
67 5 -5
67 5 -5
67 5 -5
67 5 -5
67 5 -5
# ave_measured_val[1][0] = 481
67 5 5
67 5 5
67 5 5
67 5 5
67 5 5
67 5 5
67 5 5
67 5 5
67 5 5
67 5 5
# ave_measured_val[1][1] = 667
# hoge
# min_loss : 342  estimate[67] = 0
# min_loss : 302  estimate[67] = 1
# min_loss : 222  estimate[67] = 3
# min_loss : 212  estimate[67] = 4
# min_loss : 172  estimate[67] = 7
# min_loss : 170  estimate[67] = 10
# min_loss : 154  estimate[67] = 11
# min_loss : 152  estimate[67] = 14
# min_loss : 150  estimate[67] = 16
# min_loss : 122  estimate[67] = 19
# min_loss : 102  estimate[67] = 24
68 -5 -5
68 -5 -5
68 -5 -5
68 -5 -5
68 -5 -5
68 -5 -5
68 -5 -5
68 -5 -5
68 -5 -5
68 -5 -5
# ave_measured_val[0][0] = 589
68 -5 5
68 -5 5
68 -5 5
68 -5 5
68 -5 5
68 -5 5
68 -5 5
68 -5 5
68 -5 5
68 -5 5
# ave_measured_val[0][1] = 583
68 5 -5
68 5 -5
68 5 -5
68 5 -5
68 5 -5
68 5 -5
68 5 -5
68 5 -5
68 5 -5
68 5 -5
# ave_measured_val[1][0] = 315
68 5 5
68 5 5
68 5 5
68 5 5
68 5 5
68 5 5
68 5 5
68 5 5
68 5 5
68 5 5
# ave_measured_val[1][1] = 564
# hoge
# min_loss : 453  estimate[68] = 0
# min_loss : 387  estimate[68] = 4
# min_loss : 349  estimate[68] = 5
# min_loss : 277  estimate[68] = 6
# min_loss : 255  estimate[68] = 9
69 -5 -5
69 -5 -5
69 -5 -5
69 -5 -5
69 -5 -5
69 -5 -5
69 -5 -5
69 -5 -5
69 -5 -5
69 -5 -5
# ave_measured_val[0][0] = 523
69 -5 5
69 -5 5
69 -5 5
69 -5 5
69 -5 5
69 -5 5
69 -5 5
69 -5 5
69 -5 5
69 -5 5
# ave_measured_val[0][1] = 553
69 5 -5
69 5 -5
69 5 -5
69 5 -5
69 5 -5
69 5 -5
69 5 -5
69 5 -5
69 5 -5
69 5 -5
# ave_measured_val[1][0] = 665
69 5 5
69 5 5
69 5 5
69 5 5
69 5 5
69 5 5
69 5 5
69 5 5
69 5 5
69 5 5
# ave_measured_val[1][1] = 514
# hoge
# min_loss : 227  estimate[69] = 0
# min_loss : 187  estimate[69] = 1
# min_loss : 181  estimate[69] = 42
70 -5 -5
70 -5 -5
70 -5 -5
70 -5 -5
70 -5 -5
70 -5 -5
70 -5 -5
70 -5 -5
70 -5 -5
70 -5 -5
# ave_measured_val[0][0] = 547
70 -5 5
70 -5 5
70 -5 5
70 -5 5
70 -5 5
70 -5 5
70 -5 5
70 -5 5
70 -5 5
70 -5 5
# ave_measured_val[0][1] = 271
70 5 -5
70 5 -5
70 5 -5
70 5 -5
70 5 -5
70 5 -5
70 5 -5
70 5 -5
70 5 -5
70 5 -5
# ave_measured_val[1][0] = 630
70 5 5
70 5 5
70 5 5
70 5 5
70 5 5
70 5 5
70 5 5
70 5 5
70 5 5
70 5 5
# ave_measured_val[1][1] = 482
# hoge
# min_loss : 464  estimate[70] = 0
# min_loss : 430  estimate[70] = 57
# min_loss : 350  estimate[70] = 60
# min_loss : 330  estimate[70] = 64
# min_loss : 310  estimate[70] = 72
71 -5 -5
71 -5 -5
71 -5 -5
71 -5 -5
71 -5 -5
71 -5 -5
71 -5 -5
71 -5 -5
71 -5 -5
71 -5 -5
# ave_measured_val[0][0] = 547
71 -5 5
71 -5 5
71 -5 5
71 -5 5
71 -5 5
71 -5 5
71 -5 5
71 -5 5
71 -5 5
71 -5 5
# ave_measured_val[0][1] = 377
71 5 -5
71 5 -5
71 5 -5
71 5 -5
71 5 -5
71 5 -5
71 5 -5
71 5 -5
71 5 -5
71 5 -5
# ave_measured_val[1][0] = 310
71 5 5
71 5 5
71 5 5
71 5 5
71 5 5
71 5 5
71 5 5
71 5 5
71 5 5
71 5 5
# ave_measured_val[1][1] = 552
# hoge
# min_loss : 508  estimate[71] = 0
# min_loss : 438  estimate[71] = 9
# min_loss : 418  estimate[71] = 11
72 -5 -5
72 -5 -5
72 -5 -5
72 -5 -5
72 -5 -5
72 -5 -5
72 -5 -5
72 -5 -5
72 -5 -5
72 -5 -5
# ave_measured_val[0][0] = 325
72 -5 5
72 -5 5
72 -5 5
72 -5 5
72 -5 5
72 -5 5
72 -5 5
72 -5 5
72 -5 5
72 -5 5
# ave_measured_val[0][1] = 424
72 5 -5
72 5 -5
72 5 -5
72 5 -5
72 5 -5
72 5 -5
72 5 -5
72 5 -5
72 5 -5
72 5 -5
# ave_measured_val[1][0] = 410
72 5 5
72 5 5
72 5 5
72 5 5
72 5 5
72 5 5
72 5 5
72 5 5
72 5 5
72 5 5
# ave_measured_val[1][1] = 641
# hoge
# min_loss : 482  estimate[72] = 0
# min_loss : 462  estimate[72] = 2
# min_loss : 442  estimate[72] = 12
73 -5 -5
73 -5 -5
73 -5 -5
73 -5 -5
73 -5 -5
73 -5 -5
73 -5 -5
73 -5 -5
73 -5 -5
73 -5 -5
# ave_measured_val[0][0] = 637
73 -5 5
73 -5 5
73 -5 5
73 -5 5
73 -5 5
73 -5 5
73 -5 5
73 -5 5
73 -5 5
73 -5 5
# ave_measured_val[0][1] = 557
73 5 -5
73 5 -5
73 5 -5
73 5 -5
73 5 -5
73 5 -5
73 5 -5
73 5 -5
73 5 -5
73 5 -5
# ave_measured_val[1][0] = 633
73 5 5
73 5 5
73 5 5
73 5 5
73 5 5
73 5 5
73 5 5
73 5 5
73 5 5
73 5 5
# ave_measured_val[1][1] = 424
# hoge
# min_loss : 403  estimate[73] = 0
# min_loss : 363  estimate[73] = 1
# min_loss : 329  estimate[73] = 40
# min_loss : 295  estimate[73] = 45
# min_loss : 249  estimate[73] = 46
# min_loss : 215  estimate[73] = 49
# min_loss : 195  estimate[73] = 52
# min_loss : 149  estimate[73] = 56
# min_loss : 129  estimate[73] = 58
74 -5 -5
74 -5 -5
74 -5 -5
74 -5 -5
74 -5 -5
74 -5 -5
74 -5 -5
74 -5 -5
74 -5 -5
74 -5 -5
# ave_measured_val[0][0] = 503
74 -5 5
74 -5 5
74 -5 5
74 -5 5
74 -5 5
74 -5 5
74 -5 5
74 -5 5
74 -5 5
74 -5 5
# ave_measured_val[0][1] = 509
74 5 -5
74 5 -5
74 5 -5
74 5 -5
74 5 -5
74 5 -5
74 5 -5
74 5 -5
74 5 -5
74 5 -5
# ave_measured_val[1][0] = 656
74 5 5
74 5 5
74 5 5
74 5 5
74 5 5
74 5 5
74 5 5
74 5 5
74 5 5
74 5 5
# ave_measured_val[1][1] = 338
# hoge
# min_loss : 352  estimate[74] = 0
# min_loss : 324  estimate[74] = 60
75 -5 -5
75 -5 -5
75 -5 -5
75 -5 -5
75 -5 -5
75 -5 -5
75 -5 -5
75 -5 -5
75 -5 -5
75 -5 -5
# ave_measured_val[0][0] = 264
75 -5 5
75 -5 5
75 -5 5
75 -5 5
75 -5 5
75 -5 5
75 -5 5
75 -5 5
75 -5 5
75 -5 5
# ave_measured_val[0][1] = 523
75 5 -5
75 5 -5
75 5 -5
75 5 -5
75 5 -5
75 5 -5
75 5 -5
75 5 -5
75 5 -5
75 5 -5
# ave_measured_val[1][0] = 529
75 5 5
75 5 5
75 5 5
75 5 5
75 5 5
75 5 5
75 5 5
75 5 5
75 5 5
75 5 5
# ave_measured_val[1][1] = 803
# hoge
# min_loss : 493  estimate[75] = 0
# min_loss : 467  estimate[75] = 2
# min_loss : 465  estimate[75] = 12
# min_loss : 427  estimate[75] = 13
76 -5 -5
76 -5 -5
76 -5 -5
76 -5 -5
76 -5 -5
76 -5 -5
76 -5 -5
76 -5 -5
76 -5 -5
76 -5 -5
# ave_measured_val[0][0] = 598
76 -5 5
76 -5 5
76 -5 5
76 -5 5
76 -5 5
76 -5 5
76 -5 5
76 -5 5
76 -5 5
76 -5 5
# ave_measured_val[0][1] = 607
76 5 -5
76 5 -5
76 5 -5
76 5 -5
76 5 -5
76 5 -5
76 5 -5
76 5 -5
76 5 -5
76 5 -5
# ave_measured_val[1][0] = 303
76 5 5
76 5 5
76 5 5
76 5 5
76 5 5
76 5 5
76 5 5
76 5 5
76 5 5
76 5 5
# ave_measured_val[1][1] = 774
# hoge
# min_loss : 636  estimate[76] = 0
# min_loss : 596  estimate[76] = 1
# min_loss : 516  estimate[76] = 3
# min_loss : 462  estimate[76] = 4
77 -5 -5
77 -5 -5
77 -5 -5
77 -5 -5
77 -5 -5
77 -5 -5
77 -5 -5
77 -5 -5
77 -5 -5
77 -5 -5
# ave_measured_val[0][0] = 307
77 -5 5
77 -5 5
77 -5 5
77 -5 5
77 -5 5
77 -5 5
77 -5 5
77 -5 5
77 -5 5
77 -5 5
# ave_measured_val[0][1] = 497
77 5 -5
77 5 -5
77 5 -5
77 5 -5
77 5 -5
77 5 -5
77 5 -5
77 5 -5
77 5 -5
77 5 -5
# ave_measured_val[1][0] = 327
77 5 5
77 5 5
77 5 5
77 5 5
77 5 5
77 5 5
77 5 5
77 5 5
77 5 5
77 5 5
# ave_measured_val[1][1] = 520
# hoge
# min_loss : 549  estimate[77] = 0
78 -5 -5
78 -5 -5
78 -5 -5
78 -5 -5
78 -5 -5
78 -5 -5
78 -5 -5
78 -5 -5
78 -5 -5
78 -5 -5
# ave_measured_val[0][0] = 518
78 -5 5
78 -5 5
78 -5 5
78 -5 5
78 -5 5
78 -5 5
78 -5 5
78 -5 5
78 -5 5
78 -5 5
# ave_measured_val[0][1] = 771
78 5 -5
78 5 -5
78 5 -5
78 5 -5
78 5 -5
78 5 -5
78 5 -5
78 5 -5
78 5 -5
78 5 -5
# ave_measured_val[1][0] = 476
78 5 5
78 5 5
78 5 5
78 5 5
78 5 5
78 5 5
78 5 5
78 5 5
78 5 5
78 5 5
# ave_measured_val[1][1] = 500
# hoge
# min_loss : 473  estimate[78] = 0
# min_loss : 457  estimate[78] = 4
# min_loss : 397  estimate[78] = 5
# min_loss : 277  estimate[78] = 6
# min_loss : 237  estimate[78] = 9
# min_loss : 229  estimate[78] = 11
79 -5 -5
79 -5 -5
79 -5 -5
79 -5 -5
79 -5 -5
79 -5 -5
79 -5 -5
79 -5 -5
79 -5 -5
79 -5 -5
# ave_measured_val[0][0] = 442
79 -5 5
79 -5 5
79 -5 5
79 -5 5
79 -5 5
79 -5 5
79 -5 5
79 -5 5
79 -5 5
79 -5 5
# ave_measured_val[0][1] = 497
79 5 -5
79 5 -5
79 5 -5
79 5 -5
79 5 -5
79 5 -5
79 5 -5
79 5 -5
79 5 -5
79 5 -5
# ave_measured_val[1][0] = 571
79 5 5
79 5 5
79 5 5
79 5 5
79 5 5
79 5 5
79 5 5
79 5 5
79 5 5
79 5 5
# ave_measured_val[1][1] = 543
# hoge
# min_loss : 147  estimate[79] = 0
80 -5 -5
80 -5 -5
80 -5 -5
80 -5 -5
80 -5 -5
80 -5 -5
80 -5 -5
80 -5 -5
80 -5 -5
80 -5 -5
# ave_measured_val[0][0] = 682
80 -5 5
80 -5 5
80 -5 5
80 -5 5
80 -5 5
80 -5 5
80 -5 5
80 -5 5
80 -5 5
80 -5 5
# ave_measured_val[0][1] = 558
80 5 -5
80 5 -5
80 5 -5
80 5 -5
80 5 -5
80 5 -5
80 5 -5
80 5 -5
80 5 -5
80 5 -5
# ave_measured_val[1][0] = 800
80 5 5
80 5 5
80 5 5
80 5 5
80 5 5
80 5 5
80 5 5
80 5 5
80 5 5
80 5 5
# ave_measured_val[1][1] = 575
# hoge
# min_loss : 465  estimate[80] = 0
# min_loss : 425  estimate[80] = 1
# min_loss : 389  estimate[80] = 40
# min_loss : 365  estimate[80] = 42
# min_loss : 309  estimate[80] = 46
# min_loss : 285  estimate[80] = 48
# min_loss : 245  estimate[80] = 50
# min_loss : 219  estimate[80] = 56
# min_loss : 215  estimate[80] = 62
# min_loss : 179  estimate[80] = 65
81 -5 -5
81 -5 -5
81 -5 -5
81 -5 -5
81 -5 -5
81 -5 -5
81 -5 -5
81 -5 -5
81 -5 -5
81 -5 -5
# ave_measured_val[0][0] = 405
81 -5 5
81 -5 5
81 -5 5
81 -5 5
81 -5 5
81 -5 5
81 -5 5
81 -5 5
81 -5 5
81 -5 5
# ave_measured_val[0][1] = 440
81 5 -5
81 5 -5
81 5 -5
81 5 -5
81 5 -5
81 5 -5
81 5 -5
81 5 -5
81 5 -5
81 5 -5
# ave_measured_val[1][0] = 630
81 5 5
81 5 5
81 5 5
81 5 5
81 5 5
81 5 5
81 5 5
81 5 5
81 5 5
81 5 5
# ave_measured_val[1][1] = 339
# hoge
# min_loss : 486  estimate[81] = 0
# min_loss : 466  estimate[81] = 60
# min_loss : 446  estimate[81] = 64
# min_loss : 426  estimate[81] = 72
82 -5 -5
82 -5 -5
82 -5 -5
82 -5 -5
82 -5 -5
82 -5 -5
82 -5 -5
82 -5 -5
82 -5 -5
82 -5 -5
# ave_measured_val[0][0] = 608
82 -5 5
82 -5 5
82 -5 5
82 -5 5
82 -5 5
82 -5 5
82 -5 5
82 -5 5
82 -5 5
82 -5 5
# ave_measured_val[0][1] = 445
82 5 -5
82 5 -5
82 5 -5
82 5 -5
82 5 -5
82 5 -5
82 5 -5
82 5 -5
82 5 -5
82 5 -5
# ave_measured_val[1][0] = 557
82 5 5
82 5 5
82 5 5
82 5 5
82 5 5
82 5 5
82 5 5
82 5 5
82 5 5
82 5 5
# ave_measured_val[1][1] = 611
# hoge
# min_loss : 217  estimate[82] = 0
83 -5 -5
83 -5 -5
83 -5 -5
83 -5 -5
83 -5 -5
83 -5 -5
83 -5 -5
83 -5 -5
83 -5 -5
83 -5 -5
# ave_measured_val[0][0] = 577
83 -5 5
83 -5 5
83 -5 5
83 -5 5
83 -5 5
83 -5 5
83 -5 5
83 -5 5
83 -5 5
83 -5 5
# ave_measured_val[0][1] = 610
83 5 -5
83 5 -5
83 5 -5
83 5 -5
83 5 -5
83 5 -5
83 5 -5
83 5 -5
83 5 -5
83 5 -5
# ave_measured_val[1][0] = 308
83 5 5
83 5 5
83 5 5
83 5 5
83 5 5
83 5 5
83 5 5
83 5 5
83 5 5
83 5 5
# ave_measured_val[1][1] = 533
# hoge
# min_loss : 506  estimate[83] = 0
# min_loss : 386  estimate[83] = 4
# min_loss : 372  estimate[83] = 5
# min_loss : 252  estimate[83] = 6
# min_loss : 206  estimate[83] = 9
84 -5 -5
84 -5 -5
84 -5 -5
84 -5 -5
84 -5 -5
84 -5 -5
84 -5 -5
84 -5 -5
84 -5 -5
84 -5 -5
# ave_measured_val[0][0] = 413
84 -5 5
84 -5 5
84 -5 5
84 -5 5
84 -5 5
84 -5 5
84 -5 5
84 -5 5
84 -5 5
84 -5 5
# ave_measured_val[0][1] = 578
84 5 -5
84 5 -5
84 5 -5
84 5 -5
84 5 -5
84 5 -5
84 5 -5
84 5 -5
84 5 -5
84 5 -5
# ave_measured_val[1][0] = 604
84 5 5
84 5 5
84 5 5
84 5 5
84 5 5
84 5 5
84 5 5
84 5 5
84 5 5
84 5 5
# ave_measured_val[1][1] = 531
# hoge
# min_loss : 238  estimate[84] = 0
85 -5 -5
85 -5 -5
85 -5 -5
85 -5 -5
85 -5 -5
85 -5 -5
85 -5 -5
85 -5 -5
85 -5 -5
85 -5 -5
# ave_measured_val[0][0] = 464
85 -5 5
85 -5 5
85 -5 5
85 -5 5
85 -5 5
85 -5 5
85 -5 5
85 -5 5
85 -5 5
85 -5 5
# ave_measured_val[0][1] = 300
85 5 -5
85 5 -5
85 5 -5
85 5 -5
85 5 -5
85 5 -5
85 5 -5
85 5 -5
85 5 -5
85 5 -5
# ave_measured_val[1][0] = 457
85 5 5
85 5 5
85 5 5
85 5 5
85 5 5
85 5 5
85 5 5
85 5 5
85 5 5
85 5 5
# ave_measured_val[1][1] = 492
# hoge
# min_loss : 487  estimate[85] = 0
86 -5 -5
86 -5 -5
86 -5 -5
86 -5 -5
86 -5 -5
86 -5 -5
86 -5 -5
86 -5 -5
86 -5 -5
86 -5 -5
# ave_measured_val[0][0] = 693
86 -5 5
86 -5 5
86 -5 5
86 -5 5
86 -5 5
86 -5 5
86 -5 5
86 -5 5
86 -5 5
86 -5 5
# ave_measured_val[0][1] = 370
86 5 -5
86 5 -5
86 5 -5
86 5 -5
86 5 -5
86 5 -5
86 5 -5
86 5 -5
86 5 -5
86 5 -5
# ave_measured_val[1][0] = 737
86 5 5
86 5 5
86 5 5
86 5 5
86 5 5
86 5 5
86 5 5
86 5 5
86 5 5
86 5 5
# ave_measured_val[1][1] = 482
# hoge
# min_loss : 618  estimate[86] = 0
# min_loss : 578  estimate[86] = 42
# min_loss : 538  estimate[86] = 46
# min_loss : 498  estimate[86] = 48
# min_loss : 458  estimate[86] = 50
# min_loss : 418  estimate[86] = 53
# min_loss : 378  estimate[86] = 57
-1 -1 -1
0
0
42
6
74
72
0
57
1
85
13
6
0
9
12
0
12
0
71
6
12
6
70
79
0
82
2
70
6
0
1
72
49
0
5
60
55
60
81
9
0
11
60
21
59
16
0
6
14
57
44
83
0
48
62
6
0
48
3
70
18
6
9
66
72
72
6
24
9
42
72
11
12
58
60
13
4
0
11
0
65
72
0
9
0
0
57
