590 600 610 620 630 640 650 660 670 660 650 640 630 620 610 600 590 580 570
600 610 620 630 640 650 660 670 680 670 660 650 640 630 620 610 600 590 580
610 620 630 640 650 660 670 680 690 680 670 660 650 640 630 620 610 600 590
620 630 640 650 660 670 680 690 700 690 680 670 660 650 640 630 620 610 600
630 640 650 660 670 680 690 700 710 700 690 680 670 660 650 640 630 620 610
640 650 660 670 680 690 700 710 720 710 700 690 680 670 660 650 640 630 620
650 660 670 680 690 700 710 720 730 720 710 700 690 680 670 660 650 640 630
660 670 680 690 700 710 720 730 740 730 720 710 700 690 680 670 660 650 640
670 680 690 700 710 720 730 740 750 740 730 720 710 700 690 680 670 660 650
660 670 680 690 700 710 720 730 740 730 720 710 700 690 680 670 660 650 640
650 660 670 680 690 700 710 720 730 720 710 700 690 680 670 660 650 640 630
640 650 660 670 680 690 700 710 720 710 700 690 680 670 660 650 640 630 620
630 640 650 660 670 680 690 700 710 700 690 680 670 660 650 640 630 620 610
620 630 640 650 660 670 680 690 700 690 680 670 660 650 640 630 620 610 600
610 620 630 640 650 660 670 680 690 680 670 660 650 640 630 620 610 600 590
600 610 620 630 640 650 660 670 680 670 660 650 640 630 620 610 600 590 580
590 600 610 620 630 640 650 660 670 660 650 640 630 620 610 600 590 580 570
580 590 600 610 620 630 640 650 660 650 640 630 620 610 600 590 580 570 560
570 580 590 600 610 620 630 640 650 640 630 620 610 600 590 580 570 560 550
0 -5 -5
0 -5 -5
0 -5 -5
0 -5 -5
0 -5 -5
0 -5 -5
0 -5 -5
0 -5 -5
0 -5 -5
0 -5 -5
# ave_measured_val[0][0] = 634
0 -5 5
0 -5 5
0 -5 5
0 -5 5
0 -5 5
0 -5 5
0 -5 5
0 -5 5
0 -5 5
0 -5 5
# ave_measured_val[0][1] = 579
0 5 -5
0 5 -5
0 5 -5
0 5 -5
0 5 -5
0 5 -5
0 5 -5
0 5 -5
0 5 -5
0 5 -5
# ave_measured_val[1][0] = 722
0 5 5
0 5 5
0 5 5
0 5 5
0 5 5
0 5 5
0 5 5
0 5 5
0 5 5
0 5 5
# ave_measured_val[1][1] = 655
# hoge
# min_loss : 182  estimate[0] = 0
# min_loss : 162  estimate[0] = 38
# min_loss : 122  estimate[0] = 44
# min_loss : 54  estimate[0] = 53
# min_loss : 42  estimate[0] = 54
# min_loss : 34  estimate[0] = 59
# min_loss : 30  estimate[0] = 60
# min_loss : 22  estimate[0] = 77
1 -5 -5
1 -5 -5
1 -5 -5
1 -5 -5
1 -5 -5
1 -5 -5
1 -5 -5
1 -5 -5
1 -5 -5
1 -5 -5
# ave_measured_val[0][0] = 704
1 -5 5
1 -5 5
1 -5 5
1 -5 5
1 -5 5
1 -5 5
1 -5 5
1 -5 5
1 -5 5
1 -5 5
# ave_measured_val[0][1] = 662
1 5 -5
1 5 -5
1 5 -5
1 5 -5
1 5 -5
1 5 -5
1 5 -5
1 5 -5
1 5 -5
1 5 -5
# ave_measured_val[1][0] = 700
1 5 5
1 5 5
1 5 5
1 5 5
1 5 5
1 5 5
1 5 5
1 5 5
1 5 5
1 5 5
# ave_measured_val[1][1] = 635
# hoge
# min_loss : 171  estimate[1] = 0
# min_loss : 167  estimate[1] = 1
# min_loss : 151  estimate[1] = 40
# min_loss : 147  estimate[1] = 43
# min_loss : 137  estimate[1] = 47
# min_loss : 107  estimate[1] = 48
# min_loss : 101  estimate[1] = 49
# min_loss : 81  estimate[1] = 51
# min_loss : 71  estimate[1] = 81
# min_loss : 61  estimate[1] = 86
2 -5 -5
2 -5 -5
2 -5 -5
2 -5 -5
2 -5 -5
2 -5 -5
2 -5 -5
2 -5 -5
2 -5 -5
2 -5 -5
# ave_measured_val[0][0] = 679
2 -5 5
2 -5 5
2 -5 5
2 -5 5
2 -5 5
2 -5 5
2 -5 5
2 -5 5
2 -5 5
2 -5 5
# ave_measured_val[0][1] = 630
2 5 -5
2 5 -5
2 5 -5
2 5 -5
2 5 -5
2 5 -5
2 5 -5
2 5 -5
2 5 -5
2 5 -5
# ave_measured_val[1][0] = 663
2 5 5
2 5 5
2 5 5
2 5 5
2 5 5
2 5 5
2 5 5
2 5 5
2 5 5
2 5 5
# ave_measured_val[1][1] = 585
# hoge
# min_loss : 187  estimate[2] = 0
# min_loss : 167  estimate[2] = 39
# min_loss : 141  estimate[2] = 45
# min_loss : 127  estimate[2] = 46
# min_loss : 89  estimate[2] = 49
# min_loss : 87  estimate[2] = 52
# min_loss : 49  estimate[2] = 56
3 -5 -5
3 -5 -5
3 -5 -5
3 -5 -5
3 -5 -5
3 -5 -5
3 -5 -5
3 -5 -5
3 -5 -5
3 -5 -5
# ave_measured_val[0][0] = 674
3 -5 5
3 -5 5
3 -5 5
3 -5 5
3 -5 5
3 -5 5
3 -5 5
3 -5 5
3 -5 5
3 -5 5
# ave_measured_val[0][1] = 610
3 5 -5
3 5 -5
3 5 -5
3 5 -5
3 5 -5
3 5 -5
3 5 -5
3 5 -5
3 5 -5
3 5 -5
# ave_measured_val[1][0] = 688
3 5 5
3 5 5
3 5 5
3 5 5
3 5 5
3 5 5
3 5 5
3 5 5
3 5 5
3 5 5
# ave_measured_val[1][1] = 622
# hoge
# min_loss : 190  estimate[3] = 0
# min_loss : 170  estimate[3] = 38
# min_loss : 130  estimate[3] = 44
# min_loss : 106  estimate[3] = 49
# min_loss : 102  estimate[3] = 51
# min_loss : 90  estimate[3] = 52
# min_loss : 66  estimate[3] = 56
# min_loss : 62  estimate[3] = 57
# min_loss : 34  estimate[3] = 58
# min_loss : 14  estimate[3] = 62
4 -5 -5
4 -5 -5
4 -5 -5
4 -5 -5
4 -5 -5
4 -5 -5
4 -5 -5
4 -5 -5
4 -5 -5
4 -5 -5
# ave_measured_val[0][0] = 621
4 -5 5
4 -5 5
4 -5 5
4 -5 5
4 -5 5
4 -5 5
4 -5 5
4 -5 5
4 -5 5
4 -5 5
# ave_measured_val[0][1] = 560
4 5 -5
4 5 -5
4 5 -5
4 5 -5
4 5 -5
4 5 -5
4 5 -5
4 5 -5
4 5 -5
4 5 -5
# ave_measured_val[1][0] = 714
4 5 5
4 5 5
4 5 5
4 5 5
4 5 5
4 5 5
4 5 5
4 5 5
4 5 5
4 5 5
# ave_measured_val[1][1] = 653
# hoge
# min_loss : 200  estimate[4] = 0
# min_loss : 162  estimate[4] = 38
# min_loss : 122  estimate[4] = 44
# min_loss : 80  estimate[4] = 53
# min_loss : 72  estimate[4] = 54
# min_loss : 42  estimate[4] = 55
5 -5 -5
5 -5 -5
5 -5 -5
5 -5 -5
5 -5 -5
5 -5 -5
5 -5 -5
5 -5 -5
5 -5 -5
5 -5 -5
# ave_measured_val[0][0] = 682
5 -5 5
5 -5 5
5 -5 5
5 -5 5
5 -5 5
5 -5 5
5 -5 5
5 -5 5
5 -5 5
5 -5 5
# ave_measured_val[0][1] = 668
5 5 -5
5 5 -5
5 5 -5
5 5 -5
5 5 -5
5 5 -5
5 5 -5
5 5 -5
5 5 -5
5 5 -5
# ave_measured_val[1][0] = 649
5 5 5
5 5 5
5 5 5
5 5 5
5 5 5
5 5 5
5 5 5
5 5 5
5 5 5
5 5 5
# ave_measured_val[1][1] = 657
# hoge
# min_loss : 104  estimate[5] = 0
# min_loss : 66  estimate[5] = 1
# min_loss : 62  estimate[5] = 40
# min_loss : 60  estimate[5] = 43
# min_loss : 40  estimate[5] = 48
# min_loss : 38  estimate[5] = 51
6 -5 -5
6 -5 -5
6 -5 -5
6 -5 -5
6 -5 -5
6 -5 -5
6 -5 -5
6 -5 -5
6 -5 -5
6 -5 -5
# ave_measured_val[0][0] = 616
6 -5 5
6 -5 5
6 -5 5
6 -5 5
6 -5 5
6 -5 5
6 -5 5
6 -5 5
6 -5 5
6 -5 5
# ave_measured_val[0][1] = 697
6 5 -5
6 5 -5
6 5 -5
6 5 -5
6 5 -5
6 5 -5
6 5 -5
6 5 -5
6 5 -5
6 5 -5
# ave_measured_val[1][0] = 571
6 5 5
6 5 5
6 5 5
6 5 5
6 5 5
6 5 5
6 5 5
6 5 5
6 5 5
6 5 5
# ave_measured_val[1][1] = 646
# hoge
# min_loss : 184  estimate[6] = 0
# min_loss : 124  estimate[6] = 1
# min_loss : 122  estimate[6] = 2
# min_loss : 110  estimate[6] = 9
# min_loss : 90  estimate[6] = 16
# min_loss : 62  estimate[6] = 22
# min_loss : 50  estimate[6] = 23
7 -5 -5
7 -5 -5
7 -5 -5
7 -5 -5
7 -5 -5
7 -5 -5
7 -5 -5
7 -5 -5
7 -5 -5
7 -5 -5
# ave_measured_val[0][0] = 733
7 -5 5
7 -5 5
7 -5 5
7 -5 5
7 -5 5
7 -5 5
7 -5 5
7 -5 5
7 -5 5
7 -5 5
# ave_measured_val[0][1] = 632
7 5 -5
7 5 -5
7 5 -5
7 5 -5
7 5 -5
7 5 -5
7 5 -5
7 5 -5
7 5 -5
7 5 -5
# ave_measured_val[1][0] = 645
7 5 5
7 5 5
7 5 5
7 5 5
7 5 5
7 5 5
7 5 5
7 5 5
7 5 5
7 5 5
# ave_measured_val[1][1] = 598
# hoge
# min_loss : 238  estimate[7] = 0
# min_loss : 208  estimate[7] = 1
# min_loss : 198  estimate[7] = 39
# min_loss : 188  estimate[7] = 40
# min_loss : 178  estimate[7] = 46
# min_loss : 148  estimate[7] = 47
# min_loss : 108  estimate[7] = 49
# min_loss : 98  estimate[7] = 56
# min_loss : 54  estimate[7] = 63
8 -5 -5
8 -5 -5
8 -5 -5
8 -5 -5
8 -5 -5
8 -5 -5
8 -5 -5
8 -5 -5
8 -5 -5
8 -5 -5
# ave_measured_val[0][0] = 641
8 -5 5
8 -5 5
8 -5 5
8 -5 5
8 -5 5
8 -5 5
8 -5 5
8 -5 5
8 -5 5
8 -5 5
# ave_measured_val[0][1] = 652
8 5 -5
8 5 -5
8 5 -5
8 5 -5
8 5 -5
8 5 -5
8 5 -5
8 5 -5
8 5 -5
8 5 -5
# ave_measured_val[1][0] = 656
8 5 5
8 5 5
8 5 5
8 5 5
8 5 5
8 5 5
8 5 5
8 5 5
8 5 5
8 5 5
# ave_measured_val[1][1] = 641
# hoge
# min_loss : 72  estimate[8] = 0
# min_loss : 64  estimate[8] = 5
# min_loss : 48  estimate[8] = 39
# min_loss : 44  estimate[8] = 40
# min_loss : 36  estimate[8] = 46
# min_loss : 34  estimate[8] = 90
9 -5 -5
9 -5 -5
9 -5 -5
9 -5 -5
9 -5 -5
9 -5 -5
9 -5 -5
9 -5 -5
9 -5 -5
9 -5 -5
# ave_measured_val[0][0] = 630
9 -5 5
9 -5 5
9 -5 5
9 -5 5
9 -5 5
9 -5 5
9 -5 5
9 -5 5
9 -5 5
9 -5 5
# ave_measured_val[0][1] = 646
9 5 -5
9 5 -5
9 5 -5
9 5 -5
9 5 -5
9 5 -5
9 5 -5
9 5 -5
9 5 -5
9 5 -5
# ave_measured_val[1][0] = 681
9 5 5
9 5 5
9 5 5
9 5 5
9 5 5
9 5 5
9 5 5
9 5 5
9 5 5
9 5 5
# ave_measured_val[1][1] = 647
# hoge
# min_loss : 78  estimate[9] = 0
# min_loss : 58  estimate[9] = 39
# min_loss : 50  estimate[9] = 45
10 -5 -5
10 -5 -5
10 -5 -5
10 -5 -5
10 -5 -5
10 -5 -5
10 -5 -5
10 -5 -5
10 -5 -5
10 -5 -5
# ave_measured_val[0][0] = 656
10 -5 5
10 -5 5
10 -5 5
10 -5 5
10 -5 5
10 -5 5
10 -5 5
10 -5 5
10 -5 5
10 -5 5
# ave_measured_val[0][1] = 691
10 5 -5
10 5 -5
10 5 -5
10 5 -5
10 5 -5
10 5 -5
10 5 -5
10 5 -5
10 5 -5
10 5 -5
# ave_measured_val[1][0] = 649
10 5 5
10 5 5
10 5 5
10 5 5
10 5 5
10 5 5
10 5 5
10 5 5
10 5 5
10 5 5
# ave_measured_val[1][1] = 709
# hoge
# min_loss : 87  estimate[10] = 0
# min_loss : 85  estimate[10] = 1
# min_loss : 65  estimate[10] = 4
11 -5 -5
11 -5 -5
11 -5 -5
11 -5 -5
11 -5 -5
11 -5 -5
11 -5 -5
11 -5 -5
11 -5 -5
11 -5 -5
# ave_measured_val[0][0] = 652
11 -5 5
11 -5 5
11 -5 5
11 -5 5
11 -5 5
11 -5 5
11 -5 5
11 -5 5
11 -5 5
11 -5 5
# ave_measured_val[0][1] = 658
11 5 -5
11 5 -5
11 5 -5
11 5 -5
11 5 -5
11 5 -5
11 5 -5
11 5 -5
11 5 -5
11 5 -5
# ave_measured_val[1][0] = 585
11 5 5
11 5 5
11 5 5
11 5 5
11 5 5
11 5 5
11 5 5
11 5 5
11 5 5
11 5 5
# ave_measured_val[1][1] = 717
# hoge
# min_loss : 126  estimate[11] = 0
12 -5 -5
12 -5 -5
12 -5 -5
12 -5 -5
12 -5 -5
12 -5 -5
12 -5 -5
12 -5 -5
12 -5 -5
12 -5 -5
# ave_measured_val[0][0] = 714
12 -5 5
12 -5 5
12 -5 5
12 -5 5
12 -5 5
12 -5 5
12 -5 5
12 -5 5
12 -5 5
12 -5 5
# ave_measured_val[0][1] = 629
12 5 -5
12 5 -5
12 5 -5
12 5 -5
12 5 -5
12 5 -5
12 5 -5
12 5 -5
12 5 -5
12 5 -5
# ave_measured_val[1][0] = 664
12 5 5
12 5 5
12 5 5
12 5 5
12 5 5
12 5 5
12 5 5
12 5 5
12 5 5
12 5 5
# ave_measured_val[1][1] = 571
# hoge
# min_loss : 238  estimate[12] = 0
# min_loss : 218  estimate[12] = 39
# min_loss : 190  estimate[12] = 45
# min_loss : 178  estimate[12] = 46
# min_loss : 138  estimate[12] = 49
# min_loss : 98  estimate[12] = 56
# min_loss : 70  estimate[12] = 63
# min_loss : 30  estimate[12] = 69
13 -5 -5
13 -5 -5
13 -5 -5
13 -5 -5
13 -5 -5
13 -5 -5
13 -5 -5
13 -5 -5
13 -5 -5
13 -5 -5
# ave_measured_val[0][0] = 583
13 -5 5
13 -5 5
13 -5 5
13 -5 5
13 -5 5
13 -5 5
13 -5 5
13 -5 5
13 -5 5
13 -5 5
# ave_measured_val[0][1] = 619
13 5 -5
13 5 -5
13 5 -5
13 5 -5
13 5 -5
13 5 -5
13 5 -5
13 5 -5
13 5 -5
13 5 -5
# ave_measured_val[1][0] = 710
13 5 5
13 5 5
13 5 5
13 5 5
13 5 5
13 5 5
13 5 5
13 5 5
13 5 5
13 5 5
# ave_measured_val[1][1] = 681
# hoge
# min_loss : 147  estimate[13] = 0
# min_loss : 93  estimate[13] = 7
# min_loss : 65  estimate[13] = 38
14 -5 -5
14 -5 -5
14 -5 -5
14 -5 -5
14 -5 -5
14 -5 -5
14 -5 -5
14 -5 -5
14 -5 -5
14 -5 -5
# ave_measured_val[0][0] = 611
14 -5 5
14 -5 5
14 -5 5
14 -5 5
14 -5 5
14 -5 5
14 -5 5
14 -5 5
14 -5 5
14 -5 5
# ave_measured_val[0][1] = 621
14 5 -5
14 5 -5
14 5 -5
14 5 -5
14 5 -5
14 5 -5
14 5 -5
14 5 -5
14 5 -5
14 5 -5
# ave_measured_val[1][0] = 658
14 5 5
14 5 5
14 5 5
14 5 5
14 5 5
14 5 5
14 5 5
14 5 5
14 5 5
14 5 5
# ave_measured_val[1][1] = 665
# hoge
# min_loss : 85  estimate[14] = 0
# min_loss : 61  estimate[14] = 39
# min_loss : 47  estimate[14] = 44
# min_loss : 45  estimate[14] = 45
15 -5 -5
15 -5 -5
15 -5 -5
15 -5 -5
15 -5 -5
15 -5 -5
15 -5 -5
15 -5 -5
15 -5 -5
15 -5 -5
# ave_measured_val[0][0] = 624
15 -5 5
15 -5 5
15 -5 5
15 -5 5
15 -5 5
15 -5 5
15 -5 5
15 -5 5
15 -5 5
15 -5 5
# ave_measured_val[0][1] = 740
15 5 -5
15 5 -5
15 5 -5
15 5 -5
15 5 -5
15 5 -5
15 5 -5
15 5 -5
15 5 -5
15 5 -5
# ave_measured_val[1][0] = 563
15 5 5
15 5 5
15 5 5
15 5 5
15 5 5
15 5 5
15 5 5
15 5 5
15 5 5
15 5 5
# ave_measured_val[1][1] = 667
# hoge
# min_loss : 206  estimate[15] = 0
# min_loss : 160  estimate[15] = 1
# min_loss : 146  estimate[15] = 8
# min_loss : 120  estimate[15] = 9
# min_loss : 80  estimate[15] = 12
# min_loss : 66  estimate[15] = 16
# min_loss : 46  estimate[15] = 17
16 -5 -5
16 -5 -5
16 -5 -5
16 -5 -5
16 -5 -5
16 -5 -5
16 -5 -5
16 -5 -5
16 -5 -5
16 -5 -5
# ave_measured_val[0][0] = 623
16 -5 5
16 -5 5
16 -5 5
16 -5 5
16 -5 5
16 -5 5
16 -5 5
16 -5 5
16 -5 5
16 -5 5
# ave_measured_val[0][1] = 698
16 5 -5
16 5 -5
16 5 -5
16 5 -5
16 5 -5
16 5 -5
16 5 -5
16 5 -5
16 5 -5
16 5 -5
# ave_measured_val[1][0] = 641
16 5 5
16 5 5
16 5 5
16 5 5
16 5 5
16 5 5
16 5 5
16 5 5
16 5 5
16 5 5
# ave_measured_val[1][1] = 675
# hoge
# min_loss : 79  estimate[16] = 0
# min_loss : 71  estimate[16] = 1
# min_loss : 51  estimate[16] = 4
# min_loss : 41  estimate[16] = 8
17 -5 -5
17 -5 -5
17 -5 -5
17 -5 -5
17 -5 -5
17 -5 -5
17 -5 -5
17 -5 -5
17 -5 -5
17 -5 -5
# ave_measured_val[0][0] = 693
17 -5 5
17 -5 5
17 -5 5
17 -5 5
17 -5 5
17 -5 5
17 -5 5
17 -5 5
17 -5 5
17 -5 5
# ave_measured_val[0][1] = 723
17 5 -5
17 5 -5
17 5 -5
17 5 -5
17 5 -5
17 5 -5
17 5 -5
17 5 -5
17 5 -5
17 5 -5
# ave_measured_val[1][0] = 638
17 5 5
17 5 5
17 5 5
17 5 5
17 5 5
17 5 5
17 5 5
17 5 5
17 5 5
17 5 5
# ave_measured_val[1][1] = 656
# hoge
# min_loss : 182  estimate[17] = 0
# min_loss : 98  estimate[17] = 1
# min_loss : 90  estimate[17] = 2
# min_loss : 70  estimate[17] = 9
18 -5 -5
18 -5 -5
18 -5 -5
18 -5 -5
18 -5 -5
18 -5 -5
18 -5 -5
18 -5 -5
18 -5 -5
18 -5 -5
# ave_measured_val[0][0] = 608
18 -5 5
18 -5 5
18 -5 5
18 -5 5
18 -5 5
18 -5 5
18 -5 5
18 -5 5
18 -5 5
18 -5 5
# ave_measured_val[0][1] = 696
18 5 -5
18 5 -5
18 5 -5
18 5 -5
18 5 -5
18 5 -5
18 5 -5
18 5 -5
18 5 -5
18 5 -5
# ave_measured_val[1][0] = 623
18 5 5
18 5 5
18 5 5
18 5 5
18 5 5
18 5 5
18 5 5
18 5 5
18 5 5
18 5 5
# ave_measured_val[1][1] = 670
# hoge
# min_loss : 115  estimate[18] = 0
# min_loss : 75  estimate[18] = 1
# min_loss : 55  estimate[18] = 8
# min_loss : 49  estimate[18] = 20
# min_loss : 41  estimate[18] = 30
19 -5 -5
19 -5 -5
19 -5 -5
19 -5 -5
19 -5 -5
19 -5 -5
19 -5 -5
19 -5 -5
19 -5 -5
19 -5 -5
# ave_measured_val[0][0] = 655
19 -5 5
19 -5 5
19 -5 5
19 -5 5
19 -5 5
19 -5 5
19 -5 5
19 -5 5
19 -5 5
19 -5 5
# ave_measured_val[0][1] = 688
19 5 -5
19 5 -5
19 5 -5
19 5 -5
19 5 -5
19 5 -5
19 5 -5
19 5 -5
19 5 -5
19 5 -5
# ave_measured_val[1][0] = 678
19 5 5
19 5 5
19 5 5
19 5 5
19 5 5
19 5 5
19 5 5
19 5 5
19 5 5
19 5 5
# ave_measured_val[1][1] = 697
# hoge
# min_loss : 78  estimate[19] = 0
20 -5 -5
20 -5 -5
20 -5 -5
20 -5 -5
20 -5 -5
20 -5 -5
20 -5 -5
20 -5 -5
20 -5 -5
20 -5 -5
# ave_measured_val[0][0] = 780
20 -5 5
20 -5 5
20 -5 5
20 -5 5
20 -5 5
20 -5 5
20 -5 5
20 -5 5
20 -5 5
20 -5 5
# ave_measured_val[0][1] = 594
20 5 -5
20 5 -5
20 5 -5
20 5 -5
20 5 -5
20 5 -5
20 5 -5
20 5 -5
20 5 -5
20 5 -5
# ave_measured_val[1][0] = 651
20 5 5
20 5 5
20 5 5
20 5 5
20 5 5
20 5 5
20 5 5
20 5 5
20 5 5
20 5 5
# ave_measured_val[1][1] = 546
# hoge
# min_loss : 369  estimate[20] = 0
# min_loss : 351  estimate[20] = 1
# min_loss : 331  estimate[20] = 39
# min_loss : 329  estimate[20] = 45
# min_loss : 309  estimate[20] = 46
# min_loss : 291  estimate[20] = 47
# min_loss : 251  estimate[20] = 49
# min_loss : 229  estimate[20] = 56
# min_loss : 171  estimate[20] = 63
# min_loss : 149  estimate[20] = 69
# min_loss : 91  estimate[20] = 74
21 -5 -5
21 -5 -5
21 -5 -5
21 -5 -5
21 -5 -5
21 -5 -5
21 -5 -5
21 -5 -5
21 -5 -5
21 -5 -5
# ave_measured_val[0][0] = 626
21 -5 5
21 -5 5
21 -5 5
21 -5 5
21 -5 5
21 -5 5
21 -5 5
21 -5 5
21 -5 5
21 -5 5
# ave_measured_val[0][1] = 701
21 5 -5
21 5 -5
21 5 -5
21 5 -5
21 5 -5
21 5 -5
21 5 -5
21 5 -5
21 5 -5
21 5 -5
# ave_measured_val[1][0] = 658
21 5 5
21 5 5
21 5 5
21 5 5
21 5 5
21 5 5
21 5 5
21 5 5
21 5 5
21 5 5
# ave_measured_val[1][1] = 752
# hoge
# min_loss : 109  estimate[21] = 0
# min_loss : 97  estimate[21] = 6
22 -5 -5
22 -5 -5
22 -5 -5
22 -5 -5
22 -5 -5
22 -5 -5
22 -5 -5
22 -5 -5
22 -5 -5
22 -5 -5
# ave_measured_val[0][0] = 588
22 -5 5
22 -5 5
22 -5 5
22 -5 5
22 -5 5
22 -5 5
22 -5 5
22 -5 5
22 -5 5
22 -5 5
# ave_measured_val[0][1] = 652
22 5 -5
22 5 -5
22 5 -5
22 5 -5
22 5 -5
22 5 -5
22 5 -5
22 5 -5
22 5 -5
22 5 -5
# ave_measured_val[1][0] = 578
22 5 5
22 5 5
22 5 5
22 5 5
22 5 5
22 5 5
22 5 5
22 5 5
22 5 5
22 5 5
# ave_measured_val[1][1] = 717
# hoge
# min_loss : 159  estimate[22] = 0
# min_loss : 139  estimate[22] = 6
# min_loss : 125  estimate[22] = 7
# min_loss : 105  estimate[22] = 13
# min_loss : 101  estimate[22] = 15
# min_loss : 81  estimate[22] = 21
23 -5 -5
23 -5 -5
23 -5 -5
23 -5 -5
23 -5 -5
23 -5 -5
23 -5 -5
23 -5 -5
23 -5 -5
23 -5 -5
# ave_measured_val[0][0] = 618
23 -5 5
23 -5 5
23 -5 5
23 -5 5
23 -5 5
23 -5 5
23 -5 5
23 -5 5
23 -5 5
23 -5 5
# ave_measured_val[0][1] = 637
23 5 -5
23 5 -5
23 5 -5
23 5 -5
23 5 -5
23 5 -5
23 5 -5
23 5 -5
23 5 -5
23 5 -5
# ave_measured_val[1][0] = 612
23 5 5
23 5 5
23 5 5
23 5 5
23 5 5
23 5 5
23 5 5
23 5 5
23 5 5
23 5 5
# ave_measured_val[1][1] = 686
# hoge
# min_loss : 87  estimate[23] = 0
# min_loss : 79  estimate[23] = 8
# min_loss : 59  estimate[23] = 30
24 -5 -5
24 -5 -5
24 -5 -5
24 -5 -5
24 -5 -5
24 -5 -5
24 -5 -5
24 -5 -5
24 -5 -5
24 -5 -5
# ave_measured_val[0][0] = 680
24 -5 5
24 -5 5
24 -5 5
24 -5 5
24 -5 5
24 -5 5
24 -5 5
24 -5 5
24 -5 5
24 -5 5
# ave_measured_val[0][1] = 719
24 5 -5
24 5 -5
24 5 -5
24 5 -5
24 5 -5
24 5 -5
24 5 -5
24 5 -5
24 5 -5
24 5 -5
# ave_measured_val[1][0] = 621
24 5 5
24 5 5
24 5 5
24 5 5
24 5 5
24 5 5
24 5 5
24 5 5
24 5 5
24 5 5
# ave_measured_val[1][1] = 620
# hoge
# min_loss : 218  estimate[24] = 0
# min_loss : 118  estimate[24] = 1
# min_loss : 40  estimate[24] = 2
25 -5 -5
25 -5 -5
25 -5 -5
25 -5 -5
25 -5 -5
25 -5 -5
25 -5 -5
25 -5 -5
25 -5 -5
25 -5 -5
# ave_measured_val[0][0] = 612
25 -5 5
25 -5 5
25 -5 5
25 -5 5
25 -5 5
25 -5 5
25 -5 5
25 -5 5
25 -5 5
25 -5 5
# ave_measured_val[0][1] = 639
25 5 -5
25 5 -5
25 5 -5
25 5 -5
25 5 -5
25 5 -5
25 5 -5
25 5 -5
25 5 -5
25 5 -5
# ave_measured_val[1][0] = 682
25 5 5
25 5 5
25 5 5
25 5 5
25 5 5
25 5 5
25 5 5
25 5 5
25 5 5
25 5 5
# ave_measured_val[1][1] = 679
# hoge
# min_loss : 72  estimate[25] = 0
# min_loss : 70  estimate[25] = 39
# min_loss : 30  estimate[25] = 44
26 -5 -5
26 -5 -5
26 -5 -5
26 -5 -5
26 -5 -5
26 -5 -5
26 -5 -5
26 -5 -5
26 -5 -5
26 -5 -5
# ave_measured_val[0][0] = 637
26 -5 5
26 -5 5
26 -5 5
26 -5 5
26 -5 5
26 -5 5
26 -5 5
26 -5 5
26 -5 5
26 -5 5
# ave_measured_val[0][1] = 739
26 5 -5
26 5 -5
26 5 -5
26 5 -5
26 5 -5
26 5 -5
26 5 -5
26 5 -5
26 5 -5
26 5 -5
# ave_measured_val[1][0] = 600
26 5 5
26 5 5
26 5 5
26 5 5
26 5 5
26 5 5
26 5 5
26 5 5
26 5 5
26 5 5
# ave_measured_val[1][1] = 676
# hoge
# min_loss : 160  estimate[26] = 0
# min_loss : 118  estimate[26] = 1
# min_loss : 100  estimate[26] = 8
# min_loss : 78  estimate[26] = 9
# min_loss : 58  estimate[26] = 12
# min_loss : 40  estimate[26] = 16
# min_loss : 38  estimate[26] = 17
# min_loss : 26  estimate[26] = 18
27 -5 -5
27 -5 -5
27 -5 -5
27 -5 -5
27 -5 -5
27 -5 -5
27 -5 -5
27 -5 -5
27 -5 -5
27 -5 -5
# ave_measured_val[0][0] = 698
27 -5 5
27 -5 5
27 -5 5
27 -5 5
27 -5 5
27 -5 5
27 -5 5
27 -5 5
27 -5 5
27 -5 5
# ave_measured_val[0][1] = 568
27 5 -5
27 5 -5
27 5 -5
27 5 -5
27 5 -5
27 5 -5
27 5 -5
27 5 -5
27 5 -5
27 5 -5
# ave_measured_val[1][0] = 746
27 5 5
27 5 5
27 5 5
27 5 5
27 5 5
27 5 5
27 5 5
27 5 5
27 5 5
27 5 5
# ave_measured_val[1][1] = 655
# hoge
# min_loss : 281  estimate[27] = 0
# min_loss : 261  estimate[27] = 38
# min_loss : 221  estimate[27] = 44
# min_loss : 211  estimate[27] = 52
# min_loss : 141  estimate[27] = 53
# min_loss : 131  estimate[27] = 58
# min_loss : 101  estimate[27] = 59
# min_loss : 61  estimate[27] = 67
# min_loss : 55  estimate[27] = 73
28 -5 -5
28 -5 -5
28 -5 -5
28 -5 -5
28 -5 -5
28 -5 -5
28 -5 -5
28 -5 -5
28 -5 -5
28 -5 -5
# ave_measured_val[0][0] = 638
28 -5 5
28 -5 5
28 -5 5
28 -5 5
28 -5 5
28 -5 5
28 -5 5
28 -5 5
28 -5 5
28 -5 5
# ave_measured_val[0][1] = 613
28 5 -5
28 5 -5
28 5 -5
28 5 -5
28 5 -5
28 5 -5
28 5 -5
28 5 -5
28 5 -5
28 5 -5
# ave_measured_val[1][0] = 712
28 5 5
28 5 5
28 5 5
28 5 5
28 5 5
28 5 5
28 5 5
28 5 5
28 5 5
28 5 5
# ave_measured_val[1][1] = 681
# hoge
# min_loss : 116  estimate[28] = 0
# min_loss : 102  estimate[28] = 38
# min_loss : 58  estimate[28] = 44
# min_loss : 28  estimate[28] = 53
29 -5 -5
29 -5 -5
29 -5 -5
29 -5 -5
29 -5 -5
29 -5 -5
29 -5 -5
29 -5 -5
29 -5 -5
29 -5 -5
# ave_measured_val[0][0] = 682
29 -5 5
29 -5 5
29 -5 5
29 -5 5
29 -5 5
29 -5 5
29 -5 5
29 -5 5
29 -5 5
29 -5 5
# ave_measured_val[0][1] = 615
29 5 -5
29 5 -5
29 5 -5
29 5 -5
29 5 -5
29 5 -5
29 5 -5
29 5 -5
29 5 -5
29 5 -5
# ave_measured_val[1][0] = 723
29 5 5
29 5 5
29 5 5
29 5 5
29 5 5
29 5 5
29 5 5
29 5 5
29 5 5
29 5 5
# ave_measured_val[1][1] = 611
# hoge
# min_loss : 239  estimate[29] = 0
# min_loss : 229  estimate[29] = 38
# min_loss : 219  estimate[29] = 39
# min_loss : 179  estimate[29] = 44
# min_loss : 139  estimate[29] = 49
# min_loss : 129  estimate[29] = 53
# min_loss : 99  estimate[29] = 56
# min_loss : 69  estimate[29] = 58
# min_loss : 59  estimate[29] = 65
# min_loss : 49  estimate[29] = 66
30 -5 -5
30 -5 -5
30 -5 -5
30 -5 -5
30 -5 -5
30 -5 -5
30 -5 -5
30 -5 -5
30 -5 -5
30 -5 -5
# ave_measured_val[0][0] = 651
30 -5 5
30 -5 5
30 -5 5
30 -5 5
30 -5 5
30 -5 5
30 -5 5
30 -5 5
30 -5 5
30 -5 5
# ave_measured_val[0][1] = 689
30 5 -5
30 5 -5
30 5 -5
30 5 -5
30 5 -5
30 5 -5
30 5 -5
30 5 -5
30 5 -5
30 5 -5
# ave_measured_val[1][0] = 653
30 5 5
30 5 5
30 5 5
30 5 5
30 5 5
30 5 5
30 5 5
30 5 5
30 5 5
30 5 5
# ave_measured_val[1][1] = 620
# hoge
# min_loss : 127  estimate[30] = 0
# min_loss : 73  estimate[30] = 1
# min_loss : 71  estimate[30] = 43
31 -5 -5
31 -5 -5
31 -5 -5
31 -5 -5
31 -5 -5
31 -5 -5
31 -5 -5
31 -5 -5
31 -5 -5
31 -5 -5
# ave_measured_val[0][0] = 695
31 -5 5
31 -5 5
31 -5 5
31 -5 5
31 -5 5
31 -5 5
31 -5 5
31 -5 5
31 -5 5
31 -5 5
# ave_measured_val[0][1] = 634
31 5 -5
31 5 -5
31 5 -5
31 5 -5
31 5 -5
31 5 -5
31 5 -5
31 5 -5
31 5 -5
31 5 -5
# ave_measured_val[1][0] = 716
31 5 5
31 5 5
31 5 5
31 5 5
31 5 5
31 5 5
31 5 5
31 5 5
31 5 5
31 5 5
# ave_measured_val[1][1] = 662
# hoge
# min_loss : 175  estimate[31] = 0
# min_loss : 155  estimate[31] = 39
# min_loss : 143  estimate[31] = 44
# min_loss : 123  estimate[31] = 45
# min_loss : 119  estimate[31] = 46
# min_loss : 103  estimate[31] = 53
# min_loss : 99  estimate[31] = 57
# min_loss : 87  estimate[31] = 58
# min_loss : 67  estimate[31] = 76
32 -5 -5
32 -5 -5
32 -5 -5
32 -5 -5
32 -5 -5
32 -5 -5
32 -5 -5
32 -5 -5
32 -5 -5
32 -5 -5
# ave_measured_val[0][0] = 687
32 -5 5
32 -5 5
32 -5 5
32 -5 5
32 -5 5
32 -5 5
32 -5 5
32 -5 5
32 -5 5
32 -5 5
# ave_measured_val[0][1] = 630
32 5 -5
32 5 -5
32 5 -5
32 5 -5
32 5 -5
32 5 -5
32 5 -5
32 5 -5
32 5 -5
32 5 -5
# ave_measured_val[1][0] = 648
32 5 5
32 5 5
32 5 5
32 5 5
32 5 5
32 5 5
32 5 5
32 5 5
32 5 5
32 5 5
# ave_measured_val[1][1] = 642
# hoge
# min_loss : 147  estimate[32] = 0
# min_loss : 123  estimate[32] = 1
# min_loss : 107  estimate[32] = 39
# min_loss : 103  estimate[32] = 40
# min_loss : 87  estimate[32] = 46
# min_loss : 67  estimate[32] = 48
# min_loss : 51  estimate[32] = 51
33 -5 -5
33 -5 -5
33 -5 -5
33 -5 -5
33 -5 -5
33 -5 -5
33 -5 -5
33 -5 -5
33 -5 -5
33 -5 -5
# ave_measured_val[0][0] = 704
33 -5 5
33 -5 5
33 -5 5
33 -5 5
33 -5 5
33 -5 5
33 -5 5
33 -5 5
33 -5 5
33 -5 5
# ave_measured_val[0][1] = 645
33 5 -5
33 5 -5
33 5 -5
33 5 -5
33 5 -5
33 5 -5
33 5 -5
33 5 -5
33 5 -5
33 5 -5
# ave_measured_val[1][0] = 674
33 5 5
33 5 5
33 5 5
33 5 5
33 5 5
33 5 5
33 5 5
33 5 5
33 5 5
33 5 5
# ave_measured_val[1][1] = 641
# hoge
# min_loss : 152  estimate[33] = 0
# min_loss : 132  estimate[33] = 39
# min_loss : 122  estimate[33] = 45
# min_loss : 102  estimate[33] = 46
# min_loss : 94  estimate[33] = 48
# min_loss : 74  estimate[33] = 51
# min_loss : 54  estimate[33] = 52
# min_loss : 44  estimate[33] = 57
34 -5 -5
34 -5 -5
34 -5 -5
34 -5 -5
34 -5 -5
34 -5 -5
34 -5 -5
34 -5 -5
34 -5 -5
34 -5 -5
# ave_measured_val[0][0] = 654
34 -5 5
34 -5 5
34 -5 5
34 -5 5
34 -5 5
34 -5 5
34 -5 5
34 -5 5
34 -5 5
34 -5 5
# ave_measured_val[0][1] = 732
34 5 -5
34 5 -5
34 5 -5
34 5 -5
34 5 -5
34 5 -5
34 5 -5
34 5 -5
34 5 -5
34 5 -5
# ave_measured_val[1][0] = 668
34 5 5
34 5 5
34 5 5
34 5 5
34 5 5
34 5 5
34 5 5
34 5 5
34 5 5
34 5 5
# ave_measured_val[1][1] = 593
# hoge
# min_loss : 201  estimate[34] = 0
# min_loss : 161  estimate[34] = 1
# min_loss : 153  estimate[34] = 2
35 -5 -5
35 -5 -5
35 -5 -5
35 -5 -5
35 -5 -5
35 -5 -5
35 -5 -5
35 -5 -5
35 -5 -5
35 -5 -5
# ave_measured_val[0][0] = 642
35 -5 5
35 -5 5
35 -5 5
35 -5 5
35 -5 5
35 -5 5
35 -5 5
35 -5 5
35 -5 5
35 -5 5
# ave_measured_val[0][1] = 685
35 5 -5
35 5 -5
35 5 -5
35 5 -5
35 5 -5
35 5 -5
35 5 -5
35 5 -5
35 5 -5
35 5 -5
# ave_measured_val[1][0] = 580
35 5 5
35 5 5
35 5 5
35 5 5
35 5 5
35 5 5
35 5 5
35 5 5
35 5 5
35 5 5
# ave_measured_val[1][1] = 594
# hoge
# min_loss : 213  estimate[35] = 0
# min_loss : 129  estimate[35] = 1
# min_loss : 119  estimate[35] = 2
# min_loss : 103  estimate[35] = 31
# min_loss : 99  estimate[35] = 32
36 -5 -5
36 -5 -5
36 -5 -5
36 -5 -5
36 -5 -5
36 -5 -5
36 -5 -5
36 -5 -5
36 -5 -5
36 -5 -5
# ave_measured_val[0][0] = 577
36 -5 5
36 -5 5
36 -5 5
36 -5 5
36 -5 5
36 -5 5
36 -5 5
36 -5 5
36 -5 5
36 -5 5
# ave_measured_val[0][1] = 674
36 5 -5
36 5 -5
36 5 -5
36 5 -5
36 5 -5
36 5 -5
36 5 -5
36 5 -5
36 5 -5
36 5 -5
# ave_measured_val[1][0] = 691
36 5 5
36 5 5
36 5 5
36 5 5
36 5 5
36 5 5
36 5 5
36 5 5
36 5 5
36 5 5
# ave_measured_val[1][1] = 743
# hoge
# min_loss : 151  estimate[36] = 0
# min_loss : 131  estimate[36] = 6
# min_loss : 91  estimate[36] = 7
# min_loss : 51  estimate[36] = 11
37 -5 -5
37 -5 -5
37 -5 -5
37 -5 -5
37 -5 -5
37 -5 -5
37 -5 -5
37 -5 -5
37 -5 -5
37 -5 -5
# ave_measured_val[0][0] = 640
37 -5 5
37 -5 5
37 -5 5
37 -5 5
37 -5 5
37 -5 5
37 -5 5
37 -5 5
37 -5 5
37 -5 5
# ave_measured_val[0][1] = 613
37 5 -5
37 5 -5
37 5 -5
37 5 -5
37 5 -5
37 5 -5
37 5 -5
37 5 -5
37 5 -5
37 5 -5
# ave_measured_val[1][0] = 710
37 5 5
37 5 5
37 5 5
37 5 5
37 5 5
37 5 5
37 5 5
37 5 5
37 5 5
37 5 5
# ave_measured_val[1][1] = 710
# hoge
# min_loss : 127  estimate[37] = 0
# min_loss : 93  estimate[37] = 38
# min_loss : 87  estimate[37] = 44
# min_loss : 53  estimate[37] = 53
38 -5 -5
38 -5 -5
38 -5 -5
38 -5 -5
38 -5 -5
38 -5 -5
38 -5 -5
38 -5 -5
38 -5 -5
38 -5 -5
# ave_measured_val[0][0] = 627
38 -5 5
38 -5 5
38 -5 5
38 -5 5
38 -5 5
38 -5 5
38 -5 5
38 -5 5
38 -5 5
38 -5 5
# ave_measured_val[0][1] = 701
38 5 -5
38 5 -5
38 5 -5
38 5 -5
38 5 -5
38 5 -5
38 5 -5
38 5 -5
38 5 -5
38 5 -5
# ave_measured_val[1][0] = 664
38 5 5
38 5 5
38 5 5
38 5 5
38 5 5
38 5 5
38 5 5
38 5 5
38 5 5
38 5 5
# ave_measured_val[1][1] = 670
# hoge
# min_loss : 68  estimate[38] = 0
39 -5 -5
39 -5 -5
39 -5 -5
39 -5 -5
39 -5 -5
39 -5 -5
39 -5 -5
39 -5 -5
39 -5 -5
39 -5 -5
# ave_measured_val[0][0] = 706
39 -5 5
39 -5 5
39 -5 5
39 -5 5
39 -5 5
39 -5 5
39 -5 5
39 -5 5
39 -5 5
39 -5 5
# ave_measured_val[0][1] = 656
39 5 -5
39 5 -5
39 5 -5
39 5 -5
39 5 -5
39 5 -5
39 5 -5
39 5 -5
39 5 -5
39 5 -5
# ave_measured_val[1][0] = 646
39 5 5
39 5 5
39 5 5
39 5 5
39 5 5
39 5 5
39 5 5
39 5 5
39 5 5
39 5 5
# ave_measured_val[1][1] = 601
# hoge
# min_loss : 183  estimate[39] = 0
# min_loss : 155  estimate[39] = 1
# min_loss : 135  estimate[39] = 40
# min_loss : 95  estimate[39] = 47
# min_loss : 55  estimate[39] = 49
# min_loss : 33  estimate[39] = 63
40 -5 -5
40 -5 -5
40 -5 -5
40 -5 -5
40 -5 -5
40 -5 -5
40 -5 -5
40 -5 -5
40 -5 -5
40 -5 -5
# ave_measured_val[0][0] = 613
40 -5 5
40 -5 5
40 -5 5
40 -5 5
40 -5 5
40 -5 5
40 -5 5
40 -5 5
40 -5 5
40 -5 5
# ave_measured_val[0][1] = 556
40 5 -5
40 5 -5
40 5 -5
40 5 -5
40 5 -5
40 5 -5
40 5 -5
40 5 -5
40 5 -5
40 5 -5
# ave_measured_val[1][0] = 753
40 5 5
40 5 5
40 5 5
40 5 5
40 5 5
40 5 5
40 5 5
40 5 5
40 5 5
40 5 5
# ave_measured_val[1][1] = 694
# hoge
# min_loss : 218  estimate[40] = 0
# min_loss : 216  estimate[40] = 7
# min_loss : 156  estimate[40] = 38
# min_loss : 138  estimate[40] = 53
# min_loss : 98  estimate[40] = 54
41 -5 -5
41 -5 -5
41 -5 -5
41 -5 -5
41 -5 -5
41 -5 -5
41 -5 -5
41 -5 -5
41 -5 -5
41 -5 -5
# ave_measured_val[0][0] = 627
41 -5 5
41 -5 5
41 -5 5
41 -5 5
41 -5 5
41 -5 5
41 -5 5
41 -5 5
41 -5 5
41 -5 5
# ave_measured_val[0][1] = 717
41 5 -5
41 5 -5
41 5 -5
41 5 -5
41 5 -5
41 5 -5
41 5 -5
41 5 -5
41 5 -5
41 5 -5
# ave_measured_val[1][0] = 610
41 5 5
41 5 5
41 5 5
41 5 5
41 5 5
41 5 5
41 5 5
41 5 5
41 5 5
41 5 5
# ave_measured_val[1][1] = 691
# hoge
# min_loss : 111  estimate[41] = 0
# min_loss : 103  estimate[41] = 6
# min_loss : 71  estimate[41] = 8
# min_loss : 37  estimate[41] = 16
# min_loss : 23  estimate[41] = 19
42 -5 -5
42 -5 -5
42 -5 -5
42 -5 -5
42 -5 -5
42 -5 -5
42 -5 -5
42 -5 -5
42 -5 -5
42 -5 -5
# ave_measured_val[0][0] = 675
42 -5 5
42 -5 5
42 -5 5
42 -5 5
42 -5 5
42 -5 5
42 -5 5
42 -5 5
42 -5 5
42 -5 5
# ave_measured_val[0][1] = 601
42 5 -5
42 5 -5
42 5 -5
42 5 -5
42 5 -5
42 5 -5
42 5 -5
42 5 -5
42 5 -5
42 5 -5
# ave_measured_val[1][0] = 713
42 5 5
42 5 5
42 5 5
42 5 5
42 5 5
42 5 5
42 5 5
42 5 5
42 5 5
42 5 5
# ave_measured_val[1][1] = 664
# hoge
# min_loss : 183  estimate[42] = 0
# min_loss : 163  estimate[42] = 38
# min_loss : 123  estimate[42] = 44
# min_loss : 45  estimate[42] = 53
# min_loss : 43  estimate[42] = 66
# min_loss : 31  estimate[42] = 76
43 -5 -5
43 -5 -5
43 -5 -5
43 -5 -5
43 -5 -5
43 -5 -5
43 -5 -5
43 -5 -5
43 -5 -5
43 -5 -5
# ave_measured_val[0][0] = 627
43 -5 5
43 -5 5
43 -5 5
43 -5 5
43 -5 5
43 -5 5
43 -5 5
43 -5 5
43 -5 5
43 -5 5
# ave_measured_val[0][1] = 677
43 5 -5
43 5 -5
43 5 -5
43 5 -5
43 5 -5
43 5 -5
43 5 -5
43 5 -5
43 5 -5
43 5 -5
# ave_measured_val[1][0] = 688
43 5 5
43 5 5
43 5 5
43 5 5
43 5 5
43 5 5
43 5 5
43 5 5
43 5 5
43 5 5
# ave_measured_val[1][1] = 651
# hoge
# min_loss : 87  estimate[43] = 0
44 -5 -5
44 -5 -5
44 -5 -5
44 -5 -5
44 -5 -5
44 -5 -5
44 -5 -5
44 -5 -5
44 -5 -5
44 -5 -5
# ave_measured_val[0][0] = 674
44 -5 5
44 -5 5
44 -5 5
44 -5 5
44 -5 5
44 -5 5
44 -5 5
44 -5 5
44 -5 5
44 -5 5
# ave_measured_val[0][1] = 675
44 5 -5
44 5 -5
44 5 -5
44 5 -5
44 5 -5
44 5 -5
44 5 -5
44 5 -5
44 5 -5
44 5 -5
# ave_measured_val[1][0] = 618
44 5 5
44 5 5
44 5 5
44 5 5
44 5 5
44 5 5
44 5 5
44 5 5
44 5 5
44 5 5
# ave_measured_val[1][1] = 624
# hoge
# min_loss : 167  estimate[44] = 0
# min_loss : 77  estimate[44] = 1
# min_loss : 65  estimate[44] = 2
# min_loss : 45  estimate[44] = 42
# min_loss : 17  estimate[44] = 47
45 -5 -5
45 -5 -5
45 -5 -5
45 -5 -5
45 -5 -5
45 -5 -5
45 -5 -5
45 -5 -5
45 -5 -5
45 -5 -5
# ave_measured_val[0][0] = 696
45 -5 5
45 -5 5
45 -5 5
45 -5 5
45 -5 5
45 -5 5
45 -5 5
45 -5 5
45 -5 5
45 -5 5
# ave_measured_val[0][1] = 712
45 5 -5
45 5 -5
45 5 -5
45 5 -5
45 5 -5
45 5 -5
45 5 -5
45 5 -5
45 5 -5
45 5 -5
# ave_measured_val[1][0] = 646
45 5 5
45 5 5
45 5 5
45 5 5
45 5 5
45 5 5
45 5 5
45 5 5
45 5 5
45 5 5
# ave_measured_val[1][1] = 588
# hoge
# min_loss : 234  estimate[45] = 0
# min_loss : 166  estimate[45] = 1
# min_loss : 106  estimate[45] = 2
# min_loss : 102  estimate[45] = 3
# min_loss : 86  estimate[45] = 41
# min_loss : 82  estimate[45] = 63
# min_loss : 74  estimate[45] = 85
46 -5 -5
46 -5 -5
46 -5 -5
46 -5 -5
46 -5 -5
46 -5 -5
46 -5 -5
46 -5 -5
46 -5 -5
46 -5 -5
# ave_measured_val[0][0] = 643
46 -5 5
46 -5 5
46 -5 5
46 -5 5
46 -5 5
46 -5 5
46 -5 5
46 -5 5
46 -5 5
46 -5 5
# ave_measured_val[0][1] = 578
46 5 -5
46 5 -5
46 5 -5
46 5 -5
46 5 -5
46 5 -5
46 5 -5
46 5 -5
46 5 -5
46 5 -5
# ave_measured_val[1][0] = 697
46 5 5
46 5 5
46 5 5
46 5 5
46 5 5
46 5 5
46 5 5
46 5 5
46 5 5
46 5 5
# ave_measured_val[1][1] = 645
# hoge
# min_loss : 177  estimate[46] = 0
# min_loss : 157  estimate[46] = 38
# min_loss : 117  estimate[46] = 44
# min_loss : 63  estimate[46] = 53
# min_loss : 57  estimate[46] = 59
# min_loss : 47  estimate[46] = 61
47 -5 -5
47 -5 -5
47 -5 -5
47 -5 -5
47 -5 -5
47 -5 -5
47 -5 -5
47 -5 -5
47 -5 -5
47 -5 -5
# ave_measured_val[0][0] = 630
47 -5 5
47 -5 5
47 -5 5
47 -5 5
47 -5 5
47 -5 5
47 -5 5
47 -5 5
47 -5 5
47 -5 5
# ave_measured_val[0][1] = 695
47 5 -5
47 5 -5
47 5 -5
47 5 -5
47 5 -5
47 5 -5
47 5 -5
47 5 -5
47 5 -5
47 5 -5
# ave_measured_val[1][0] = 656
47 5 5
47 5 5
47 5 5
47 5 5
47 5 5
47 5 5
47 5 5
47 5 5
47 5 5
47 5 5
# ave_measured_val[1][1] = 624
# hoge
# min_loss : 105  estimate[47] = 0
# min_loss : 97  estimate[47] = 1
48 -5 -5
48 -5 -5
48 -5 -5
48 -5 -5
48 -5 -5
48 -5 -5
48 -5 -5
48 -5 -5
48 -5 -5
48 -5 -5
# ave_measured_val[0][0] = 650
48 -5 5
48 -5 5
48 -5 5
48 -5 5
48 -5 5
48 -5 5
48 -5 5
48 -5 5
48 -5 5
48 -5 5
# ave_measured_val[0][1] = 608
48 5 -5
48 5 -5
48 5 -5
48 5 -5
48 5 -5
48 5 -5
48 5 -5
48 5 -5
48 5 -5
48 5 -5
# ave_measured_val[1][0] = 701
48 5 5
48 5 5
48 5 5
48 5 5
48 5 5
48 5 5
48 5 5
48 5 5
48 5 5
48 5 5
# ave_measured_val[1][1] = 660
# hoge
# min_loss : 143  estimate[48] = 0
# min_loss : 123  estimate[48] = 38
# min_loss : 83  estimate[48] = 44
# min_loss : 37  estimate[48] = 53
# min_loss : 21  estimate[48] = 76
49 -5 -5
49 -5 -5
49 -5 -5
49 -5 -5
49 -5 -5
49 -5 -5
49 -5 -5
49 -5 -5
49 -5 -5
49 -5 -5
# ave_measured_val[0][0] = 679
49 -5 5
49 -5 5
49 -5 5
49 -5 5
49 -5 5
49 -5 5
49 -5 5
49 -5 5
49 -5 5
49 -5 5
# ave_measured_val[0][1] = 748
49 5 -5
49 5 -5
49 5 -5
49 5 -5
49 5 -5
49 5 -5
49 5 -5
49 5 -5
49 5 -5
49 5 -5
# ave_measured_val[1][0] = 660
49 5 5
49 5 5
49 5 5
49 5 5
49 5 5
49 5 5
49 5 5
49 5 5
49 5 5
49 5 5
# ave_measured_val[1][1] = 636
# hoge
# min_loss : 191  estimate[49] = 0
# min_loss : 151  estimate[49] = 1
# min_loss : 105  estimate[49] = 2
50 -5 -5
50 -5 -5
50 -5 -5
50 -5 -5
50 -5 -5
50 -5 -5
50 -5 -5
50 -5 -5
50 -5 -5
50 -5 -5
# ave_measured_val[0][0] = 695
50 -5 5
50 -5 5
50 -5 5
50 -5 5
50 -5 5
50 -5 5
50 -5 5
50 -5 5
50 -5 5
50 -5 5
# ave_measured_val[0][1] = 618
50 5 -5
50 5 -5
50 5 -5
50 5 -5
50 5 -5
50 5 -5
50 5 -5
50 5 -5
50 5 -5
50 5 -5
# ave_measured_val[1][0] = 697
50 5 5
50 5 5
50 5 5
50 5 5
50 5 5
50 5 5
50 5 5
50 5 5
50 5 5
50 5 5
# ave_measured_val[1][1] = 608
# hoge
# min_loss : 226  estimate[50] = 0
# min_loss : 222  estimate[50] = 38
# min_loss : 206  estimate[50] = 39
# min_loss : 166  estimate[50] = 44
# min_loss : 126  estimate[50] = 49
# min_loss : 86  estimate[50] = 56
# min_loss : 68  estimate[50] = 58
# min_loss : 62  estimate[50] = 62
# min_loss : 56  estimate[50] = 64
# min_loss : 46  estimate[50] = 65
# min_loss : 16  estimate[50] = 71
51 -5 -5
51 -5 -5
51 -5 -5
51 -5 -5
51 -5 -5
51 -5 -5
51 -5 -5
51 -5 -5
51 -5 -5
51 -5 -5
# ave_measured_val[0][0] = 645
51 -5 5
51 -5 5
51 -5 5
51 -5 5
51 -5 5
51 -5 5
51 -5 5
51 -5 5
51 -5 5
51 -5 5
# ave_measured_val[0][1] = 734
51 5 -5
51 5 -5
51 5 -5
51 5 -5
51 5 -5
51 5 -5
51 5 -5
51 5 -5
51 5 -5
51 5 -5
# ave_measured_val[1][0] = 535
51 5 5
51 5 5
51 5 5
51 5 5
51 5 5
51 5 5
51 5 5
51 5 5
51 5 5
51 5 5
# ave_measured_val[1][1] = 638
# hoge
# min_loss : 266  estimate[51] = 0
# min_loss : 176  estimate[51] = 1
# min_loss : 132  estimate[51] = 2
# min_loss : 116  estimate[51] = 9
# min_loss : 96  estimate[51] = 12
# min_loss : 86  estimate[51] = 17
# min_loss : 46  estimate[51] = 24
# min_loss : 28  estimate[51] = 25
52 -5 -5
52 -5 -5
52 -5 -5
52 -5 -5
52 -5 -5
52 -5 -5
52 -5 -5
52 -5 -5
52 -5 -5
52 -5 -5
# ave_measured_val[0][0] = 645
52 -5 5
52 -5 5
52 -5 5
52 -5 5
52 -5 5
52 -5 5
52 -5 5
52 -5 5
52 -5 5
52 -5 5
# ave_measured_val[0][1] = 692
52 5 -5
52 5 -5
52 5 -5
52 5 -5
52 5 -5
52 5 -5
52 5 -5
52 5 -5
52 5 -5
52 5 -5
# ave_measured_val[1][0] = 544
52 5 5
52 5 5
52 5 5
52 5 5
52 5 5
52 5 5
52 5 5
52 5 5
52 5 5
52 5 5
# ave_measured_val[1][1] = 660
# hoge
# min_loss : 193  estimate[52] = 0
# min_loss : 103  estimate[52] = 1
# min_loss : 99  estimate[52] = 10
# min_loss : 89  estimate[52] = 17
# min_loss : 69  estimate[52] = 24
53 -5 -5
53 -5 -5
53 -5 -5
53 -5 -5
53 -5 -5
53 -5 -5
53 -5 -5
53 -5 -5
53 -5 -5
53 -5 -5
# ave_measured_val[0][0] = 633
53 -5 5
53 -5 5
53 -5 5
53 -5 5
53 -5 5
53 -5 5
53 -5 5
53 -5 5
53 -5 5
53 -5 5
# ave_measured_val[0][1] = 627
53 5 -5
53 5 -5
53 5 -5
53 5 -5
53 5 -5
53 5 -5
53 5 -5
53 5 -5
53 5 -5
53 5 -5
# ave_measured_val[1][0] = 675
53 5 5
53 5 5
53 5 5
53 5 5
53 5 5
53 5 5
53 5 5
53 5 5
53 5 5
53 5 5
# ave_measured_val[1][1] = 679
# hoge
# min_loss : 62  estimate[53] = 0
# min_loss : 60  estimate[53] = 39
# min_loss : 26  estimate[53] = 44
# min_loss : 20  estimate[53] = 45
54 -5 -5
54 -5 -5
54 -5 -5
54 -5 -5
54 -5 -5
54 -5 -5
54 -5 -5
54 -5 -5
54 -5 -5
54 -5 -5
# ave_measured_val[0][0] = 716
54 -5 5
54 -5 5
54 -5 5
54 -5 5
54 -5 5
54 -5 5
54 -5 5
54 -5 5
54 -5 5
54 -5 5
# ave_measured_val[0][1] = 546
54 5 -5
54 5 -5
54 5 -5
54 5 -5
54 5 -5
54 5 -5
54 5 -5
54 5 -5
54 5 -5
54 5 -5
# ave_measured_val[1][0] = 721
54 5 5
54 5 5
54 5 5
54 5 5
54 5 5
54 5 5
54 5 5
54 5 5
54 5 5
54 5 5
# ave_measured_val[1][1] = 671
# hoge
# min_loss : 280  estimate[54] = 0
# min_loss : 260  estimate[54] = 38
# min_loss : 220  estimate[54] = 44
# min_loss : 142  estimate[54] = 53
# min_loss : 140  estimate[54] = 54
# min_loss : 122  estimate[54] = 59
# min_loss : 120  estimate[54] = 60
55 -5 -5
55 -5 -5
55 -5 -5
55 -5 -5
55 -5 -5
55 -5 -5
55 -5 -5
55 -5 -5
55 -5 -5
55 -5 -5
# ave_measured_val[0][0] = 614
55 -5 5
55 -5 5
55 -5 5
55 -5 5
55 -5 5
55 -5 5
55 -5 5
55 -5 5
55 -5 5
55 -5 5
# ave_measured_val[0][1] = 667
55 5 -5
55 5 -5
55 5 -5
55 5 -5
55 5 -5
55 5 -5
55 5 -5
55 5 -5
55 5 -5
55 5 -5
# ave_measured_val[1][0] = 695
55 5 5
55 5 5
55 5 5
55 5 5
55 5 5
55 5 5
55 5 5
55 5 5
55 5 5
55 5 5
# ave_measured_val[1][1] = 651
# hoge
# min_loss : 97  estimate[55] = 0
56 -5 -5
56 -5 -5
56 -5 -5
56 -5 -5
56 -5 -5
56 -5 -5
56 -5 -5
56 -5 -5
56 -5 -5
56 -5 -5
# ave_measured_val[0][0] = 605
56 -5 5
56 -5 5
56 -5 5
56 -5 5
56 -5 5
56 -5 5
56 -5 5
56 -5 5
56 -5 5
56 -5 5
# ave_measured_val[0][1] = 668
56 5 -5
56 5 -5
56 5 -5
56 5 -5
56 5 -5
56 5 -5
56 5 -5
56 5 -5
56 5 -5
56 5 -5
# ave_measured_val[1][0] = 693
56 5 5
56 5 5
56 5 5
56 5 5
56 5 5
56 5 5
56 5 5
56 5 5
56 5 5
56 5 5
# ave_measured_val[1][1] = 682
# hoge
# min_loss : 74  estimate[56] = 0
57 -5 -5
57 -5 -5
57 -5 -5
57 -5 -5
57 -5 -5
57 -5 -5
57 -5 -5
57 -5 -5
57 -5 -5
57 -5 -5
# ave_measured_val[0][0] = 712
57 -5 5
57 -5 5
57 -5 5
57 -5 5
57 -5 5
57 -5 5
57 -5 5
57 -5 5
57 -5 5
57 -5 5
# ave_measured_val[0][1] = 648
57 5 -5
57 5 -5
57 5 -5
57 5 -5
57 5 -5
57 5 -5
57 5 -5
57 5 -5
57 5 -5
57 5 -5
# ave_measured_val[1][0] = 614
57 5 5
57 5 5
57 5 5
57 5 5
57 5 5
57 5 5
57 5 5
57 5 5
57 5 5
57 5 5
# ave_measured_val[1][1] = 619
# hoge
# min_loss : 211  estimate[57] = 0
# min_loss : 151  estimate[57] = 1
# min_loss : 119  estimate[57] = 2
# min_loss : 117  estimate[57] = 41
# min_loss : 99  estimate[57] = 42
# min_loss : 71  estimate[57] = 47
# min_loss : 69  estimate[57] = 50
58 -5 -5
58 -5 -5
58 -5 -5
58 -5 -5
58 -5 -5
58 -5 -5
58 -5 -5
58 -5 -5
58 -5 -5
58 -5 -5
# ave_measured_val[0][0] = 562
58 -5 5
58 -5 5
58 -5 5
58 -5 5
58 -5 5
58 -5 5
58 -5 5
58 -5 5
58 -5 5
58 -5 5
# ave_measured_val[0][1] = 658
58 5 -5
58 5 -5
58 5 -5
58 5 -5
58 5 -5
58 5 -5
58 5 -5
58 5 -5
58 5 -5
58 5 -5
# ave_measured_val[1][0] = 661
58 5 5
58 5 5
58 5 5
58 5 5
58 5 5
58 5 5
58 5 5
58 5 5
58 5 5
58 5 5
# ave_measured_val[1][1] = 688
# hoge
# min_loss : 73  estimate[58] = 0
# min_loss : 69  estimate[58] = 28
59 -5 -5
59 -5 -5
59 -5 -5
59 -5 -5
59 -5 -5
59 -5 -5
59 -5 -5
59 -5 -5
59 -5 -5
59 -5 -5
# ave_measured_val[0][0] = 603
59 -5 5
59 -5 5
59 -5 5
59 -5 5
59 -5 5
59 -5 5
59 -5 5
59 -5 5
59 -5 5
59 -5 5
# ave_measured_val[0][1] = 694
59 5 -5
59 5 -5
59 5 -5
59 5 -5
59 5 -5
59 5 -5
59 5 -5
59 5 -5
59 5 -5
59 5 -5
# ave_measured_val[1][0] = 584
59 5 5
59 5 5
59 5 5
59 5 5
59 5 5
59 5 5
59 5 5
59 5 5
59 5 5
59 5 5
# ave_measured_val[1][1] = 734
# hoge
# min_loss : 181  estimate[59] = 0
# min_loss : 141  estimate[59] = 6
# min_loss : 67  estimate[59] = 13
60 -5 -5
60 -5 -5
60 -5 -5
60 -5 -5
60 -5 -5
60 -5 -5
60 -5 -5
60 -5 -5
60 -5 -5
60 -5 -5
# ave_measured_val[0][0] = 647
60 -5 5
60 -5 5
60 -5 5
60 -5 5
60 -5 5
60 -5 5
60 -5 5
60 -5 5
60 -5 5
60 -5 5
# ave_measured_val[0][1] = 585
60 5 -5
60 5 -5
60 5 -5
60 5 -5
60 5 -5
60 5 -5
60 5 -5
60 5 -5
60 5 -5
60 5 -5
# ave_measured_val[1][0] = 713
60 5 5
60 5 5
60 5 5
60 5 5
60 5 5
60 5 5
60 5 5
60 5 5
60 5 5
60 5 5
# ave_measured_val[1][1] = 638
# hoge
# min_loss : 197  estimate[60] = 0
# min_loss : 177  estimate[60] = 38
# min_loss : 137  estimate[60] = 44
# min_loss : 57  estimate[60] = 53
# min_loss : 37  estimate[60] = 59
61 -5 -5
61 -5 -5
61 -5 -5
61 -5 -5
61 -5 -5
61 -5 -5
61 -5 -5
61 -5 -5
61 -5 -5
61 -5 -5
# ave_measured_val[0][0] = 719
61 -5 5
61 -5 5
61 -5 5
61 -5 5
61 -5 5
61 -5 5
61 -5 5
61 -5 5
61 -5 5
61 -5 5
# ave_measured_val[0][1] = 649
61 5 -5
61 5 -5
61 5 -5
61 5 -5
61 5 -5
61 5 -5
61 5 -5
61 5 -5
61 5 -5
61 5 -5
# ave_measured_val[1][0] = 714
61 5 5
61 5 5
61 5 5
61 5 5
61 5 5
61 5 5
61 5 5
61 5 5
61 5 5
61 5 5
# ave_measured_val[1][1] = 635
# hoge
# min_loss : 209  estimate[61] = 0
# min_loss : 189  estimate[61] = 39
# min_loss : 187  estimate[61] = 45
# min_loss : 167  estimate[61] = 46
# min_loss : 149  estimate[61] = 48
# min_loss : 139  estimate[61] = 49
# min_loss : 119  estimate[61] = 51
# min_loss : 109  estimate[61] = 52
# min_loss : 97  estimate[61] = 57
# min_loss : 87  estimate[61] = 81
62 -5 -5
62 -5 -5
62 -5 -5
62 -5 -5
62 -5 -5
62 -5 -5
62 -5 -5
62 -5 -5
62 -5 -5
62 -5 -5
# ave_measured_val[0][0] = 676
62 -5 5
62 -5 5
62 -5 5
62 -5 5
62 -5 5
62 -5 5
62 -5 5
62 -5 5
62 -5 5
62 -5 5
# ave_measured_val[0][1] = 757
62 5 -5
62 5 -5
62 5 -5
62 5 -5
62 5 -5
62 5 -5
62 5 -5
62 5 -5
62 5 -5
62 5 -5
# ave_measured_val[1][0] = 544
62 5 5
62 5 5
62 5 5
62 5 5
62 5 5
62 5 5
62 5 5
62 5 5
62 5 5
62 5 5
# ave_measured_val[1][1] = 674
# hoge
# min_loss : 275  estimate[62] = 0
# min_loss : 203  estimate[62] = 1
# min_loss : 151  estimate[62] = 2
# min_loss : 123  estimate[62] = 9
# min_loss : 103  estimate[62] = 12
# min_loss : 83  estimate[62] = 25
63 -5 -5
63 -5 -5
63 -5 -5
63 -5 -5
63 -5 -5
63 -5 -5
63 -5 -5
63 -5 -5
63 -5 -5
63 -5 -5
# ave_measured_val[0][0] = 615
63 -5 5
63 -5 5
63 -5 5
63 -5 5
63 -5 5
63 -5 5
63 -5 5
63 -5 5
63 -5 5
63 -5 5
# ave_measured_val[0][1] = 673
63 5 -5
63 5 -5
63 5 -5
63 5 -5
63 5 -5
63 5 -5
63 5 -5
63 5 -5
63 5 -5
63 5 -5
# ave_measured_val[1][0] = 710
63 5 5
63 5 5
63 5 5
63 5 5
63 5 5
63 5 5
63 5 5
63 5 5
63 5 5
63 5 5
# ave_measured_val[1][1] = 685
# hoge
# min_loss : 83  estimate[63] = 0
64 -5 -5
64 -5 -5
64 -5 -5
64 -5 -5
64 -5 -5
64 -5 -5
64 -5 -5
64 -5 -5
64 -5 -5
64 -5 -5
# ave_measured_val[0][0] = 587
64 -5 5
64 -5 5
64 -5 5
64 -5 5
64 -5 5
64 -5 5
64 -5 5
64 -5 5
64 -5 5
64 -5 5
# ave_measured_val[0][1] = 637
64 5 -5
64 5 -5
64 5 -5
64 5 -5
64 5 -5
64 5 -5
64 5 -5
64 5 -5
64 5 -5
64 5 -5
# ave_measured_val[1][0] = 691
64 5 5
64 5 5
64 5 5
64 5 5
64 5 5
64 5 5
64 5 5
64 5 5
64 5 5
64 5 5
# ave_measured_val[1][1] = 718
# hoge
# min_loss : 125  estimate[64] = 0
# min_loss : 37  estimate[64] = 7
65 -5 -5
65 -5 -5
65 -5 -5
65 -5 -5
65 -5 -5
65 -5 -5
65 -5 -5
65 -5 -5
65 -5 -5
65 -5 -5
# ave_measured_val[0][0] = 720
65 -5 5
65 -5 5
65 -5 5
65 -5 5
65 -5 5
65 -5 5
65 -5 5
65 -5 5
65 -5 5
65 -5 5
# ave_measured_val[0][1] = 638
65 5 -5
65 5 -5
65 5 -5
65 5 -5
65 5 -5
65 5 -5
65 5 -5
65 5 -5
65 5 -5
65 5 -5
# ave_measured_val[1][0] = 656
65 5 5
65 5 5
65 5 5
65 5 5
65 5 5
65 5 5
65 5 5
65 5 5
65 5 5
65 5 5
# ave_measured_val[1][1] = 587
# hoge
# min_loss : 219  estimate[65] = 0
# min_loss : 211  estimate[65] = 1
# min_loss : 191  estimate[65] = 39
# min_loss : 159  estimate[65] = 46
# min_loss : 151  estimate[65] = 47
# min_loss : 111  estimate[65] = 49
# min_loss : 79  estimate[65] = 56
# min_loss : 31  estimate[65] = 63
# min_loss : 13  estimate[65] = 69
66 -5 -5
66 -5 -5
66 -5 -5
66 -5 -5
66 -5 -5
66 -5 -5
66 -5 -5
66 -5 -5
66 -5 -5
66 -5 -5
# ave_measured_val[0][0] = 689
66 -5 5
66 -5 5
66 -5 5
66 -5 5
66 -5 5
66 -5 5
66 -5 5
66 -5 5
66 -5 5
66 -5 5
# ave_measured_val[0][1] = 701
66 5 -5
66 5 -5
66 5 -5
66 5 -5
66 5 -5
66 5 -5
66 5 -5
66 5 -5
66 5 -5
66 5 -5
# ave_measured_val[1][0] = 593
66 5 5
66 5 5
66 5 5
66 5 5
66 5 5
66 5 5
66 5 5
66 5 5
66 5 5
66 5 5
# ave_measured_val[1][1] = 634
# hoge
# min_loss : 223  estimate[66] = 0
# min_loss : 123  estimate[66] = 1
# min_loss : 29  estimate[66] = 2
67 -5 -5
67 -5 -5
67 -5 -5
67 -5 -5
67 -5 -5
67 -5 -5
67 -5 -5
67 -5 -5
67 -5 -5
67 -5 -5
# ave_measured_val[0][0] = 644
67 -5 5
67 -5 5
67 -5 5
67 -5 5
67 -5 5
67 -5 5
67 -5 5
67 -5 5
67 -5 5
67 -5 5
# ave_measured_val[0][1] = 735
67 5 -5
67 5 -5
67 5 -5
67 5 -5
67 5 -5
67 5 -5
67 5 -5
67 5 -5
67 5 -5
67 5 -5
# ave_measured_val[1][0] = 544
67 5 5
67 5 5
67 5 5
67 5 5
67 5 5
67 5 5
67 5 5
67 5 5
67 5 5
67 5 5
# ave_measured_val[1][1] = 696
# hoge
# min_loss : 211  estimate[67] = 0
# min_loss : 183  estimate[67] = 1
# min_loss : 171  estimate[67] = 8
# min_loss : 143  estimate[67] = 9
# min_loss : 103  estimate[67] = 12
# min_loss : 91  estimate[67] = 16
# min_loss : 71  estimate[67] = 17
68 -5 -5
68 -5 -5
68 -5 -5
68 -5 -5
68 -5 -5
68 -5 -5
68 -5 -5
68 -5 -5
68 -5 -5
68 -5 -5
# ave_measured_val[0][0] = 594
68 -5 5
68 -5 5
68 -5 5
68 -5 5
68 -5 5
68 -5 5
68 -5 5
68 -5 5
68 -5 5
68 -5 5
# ave_measured_val[0][1] = 646
68 5 -5
68 5 -5
68 5 -5
68 5 -5
68 5 -5
68 5 -5
68 5 -5
68 5 -5
68 5 -5
68 5 -5
# ave_measured_val[1][0] = 683
68 5 5
68 5 5
68 5 5
68 5 5
68 5 5
68 5 5
68 5 5
68 5 5
68 5 5
68 5 5
# ave_measured_val[1][1] = 779
# hoge
# min_loss : 162  estimate[68] = 0
# min_loss : 102  estimate[68] = 7
# min_loss : 70  estimate[68] = 11
69 -5 -5
69 -5 -5
69 -5 -5
69 -5 -5
69 -5 -5
69 -5 -5
69 -5 -5
69 -5 -5
69 -5 -5
69 -5 -5
# ave_measured_val[0][0] = 677
69 -5 5
69 -5 5
69 -5 5
69 -5 5
69 -5 5
69 -5 5
69 -5 5
69 -5 5
69 -5 5
69 -5 5
# ave_measured_val[0][1] = 719
69 5 -5
69 5 -5
69 5 -5
69 5 -5
69 5 -5
69 5 -5
69 5 -5
69 5 -5
69 5 -5
69 5 -5
# ave_measured_val[1][0] = 704
69 5 5
69 5 5
69 5 5
69 5 5
69 5 5
69 5 5
69 5 5
69 5 5
69 5 5
69 5 5
# ave_measured_val[1][1] = 652
# hoge
# min_loss : 188  estimate[69] = 0
# min_loss : 148  estimate[69] = 1
# min_loss : 138  estimate[69] = 2
# min_loss : 114  estimate[69] = 9
# min_loss : 112  estimate[69] = 93
70 -5 -5
70 -5 -5
70 -5 -5
70 -5 -5
70 -5 -5
70 -5 -5
70 -5 -5
70 -5 -5
70 -5 -5
70 -5 -5
# ave_measured_val[0][0] = 693
70 -5 5
70 -5 5
70 -5 5
70 -5 5
70 -5 5
70 -5 5
70 -5 5
70 -5 5
70 -5 5
70 -5 5
# ave_measured_val[0][1] = 588
70 5 -5
70 5 -5
70 5 -5
70 5 -5
70 5 -5
70 5 -5
70 5 -5
70 5 -5
70 5 -5
70 5 -5
# ave_measured_val[1][0] = 697
70 5 5
70 5 5
70 5 5
70 5 5
70 5 5
70 5 5
70 5 5
70 5 5
70 5 5
70 5 5
# ave_measured_val[1][1] = 621
# hoge
# min_loss : 241  estimate[70] = 0
# min_loss : 221  estimate[70] = 38
# min_loss : 181  estimate[70] = 44
# min_loss : 143  estimate[70] = 49
# min_loss : 141  estimate[70] = 51
# min_loss : 127  estimate[70] = 53
# min_loss : 103  estimate[70] = 56
# min_loss : 101  estimate[70] = 57
# min_loss : 67  estimate[70] = 58
# min_loss : 61  estimate[70] = 62
# min_loss : 47  estimate[70] = 66
# min_loss : 29  estimate[70] = 68
71 -5 -5
71 -5 -5
71 -5 -5
71 -5 -5
71 -5 -5
71 -5 -5
71 -5 -5
71 -5 -5
71 -5 -5
71 -5 -5
# ave_measured_val[0][0] = 636
71 -5 5
71 -5 5
71 -5 5
71 -5 5
71 -5 5
71 -5 5
71 -5 5
71 -5 5
71 -5 5
71 -5 5
# ave_measured_val[0][1] = 611
71 5 -5
71 5 -5
71 5 -5
71 5 -5
71 5 -5
71 5 -5
71 5 -5
71 5 -5
71 5 -5
71 5 -5
# ave_measured_val[1][0] = 756
71 5 5
71 5 5
71 5 5
71 5 5
71 5 5
71 5 5
71 5 5
71 5 5
71 5 5
71 5 5
# ave_measured_val[1][1] = 640
# hoge
# min_loss : 201  estimate[71] = 0
# min_loss : 183  estimate[71] = 38
# min_loss : 181  estimate[71] = 39
# min_loss : 141  estimate[71] = 44
# min_loss : 91  estimate[71] = 53
72 -5 -5
72 -5 -5
72 -5 -5
72 -5 -5
72 -5 -5
72 -5 -5
72 -5 -5
72 -5 -5
72 -5 -5
72 -5 -5
# ave_measured_val[0][0] = 683
72 -5 5
72 -5 5
72 -5 5
72 -5 5
72 -5 5
72 -5 5
72 -5 5
72 -5 5
72 -5 5
72 -5 5
# ave_measured_val[0][1] = 660
72 5 -5
72 5 -5
72 5 -5
72 5 -5
72 5 -5
72 5 -5
72 5 -5
72 5 -5
72 5 -5
72 5 -5
# ave_measured_val[1][0] = 732
72 5 5
72 5 5
72 5 5
72 5 5
72 5 5
72 5 5
72 5 5
72 5 5
72 5 5
72 5 5
# ave_measured_val[1][1] = 620
# hoge
# min_loss : 195  estimate[72] = 0
# min_loss : 175  estimate[72] = 40
# min_loss : 135  estimate[72] = 47
# min_loss : 95  estimate[72] = 49
# min_loss : 89  estimate[72] = 84
73 -5 -5
73 -5 -5
73 -5 -5
73 -5 -5
73 -5 -5
73 -5 -5
73 -5 -5
73 -5 -5
73 -5 -5
73 -5 -5
# ave_measured_val[0][0] = 624
73 -5 5
73 -5 5
73 -5 5
73 -5 5
73 -5 5
73 -5 5
73 -5 5
73 -5 5
73 -5 5
73 -5 5
# ave_measured_val[0][1] = 725
73 5 -5
73 5 -5
73 5 -5
73 5 -5
73 5 -5
73 5 -5
73 5 -5
73 5 -5
73 5 -5
73 5 -5
# ave_measured_val[1][0] = 620
73 5 5
73 5 5
73 5 5
73 5 5
73 5 5
73 5 5
73 5 5
73 5 5
73 5 5
73 5 5
# ave_measured_val[1][1] = 619
# hoge
# min_loss : 182  estimate[73] = 0
# min_loss : 122  estimate[73] = 1
# min_loss : 102  estimate[73] = 2
74 -5 -5
74 -5 -5
74 -5 -5
74 -5 -5
74 -5 -5
74 -5 -5
74 -5 -5
74 -5 -5
74 -5 -5
74 -5 -5
# ave_measured_val[0][0] = 600
74 -5 5
74 -5 5
74 -5 5
74 -5 5
74 -5 5
74 -5 5
74 -5 5
74 -5 5
74 -5 5
74 -5 5
# ave_measured_val[0][1] = 607
74 5 -5
74 5 -5
74 5 -5
74 5 -5
74 5 -5
74 5 -5
74 5 -5
74 5 -5
74 5 -5
74 5 -5
# ave_measured_val[1][0] = 691
74 5 5
74 5 5
74 5 5
74 5 5
74 5 5
74 5 5
74 5 5
74 5 5
74 5 5
74 5 5
# ave_measured_val[1][1] = 679
# hoge
# min_loss : 125  estimate[74] = 0
# min_loss : 105  estimate[74] = 7
# min_loss : 45  estimate[74] = 38
# min_loss : 37  estimate[74] = 89
# min_loss : 25  estimate[74] = 94
75 -5 -5
75 -5 -5
75 -5 -5
75 -5 -5
75 -5 -5
75 -5 -5
75 -5 -5
75 -5 -5
75 -5 -5
75 -5 -5
# ave_measured_val[0][0] = 615
75 -5 5
75 -5 5
75 -5 5
75 -5 5
75 -5 5
75 -5 5
75 -5 5
75 -5 5
75 -5 5
75 -5 5
# ave_measured_val[0][1] = 707
75 5 -5
75 5 -5
75 5 -5
75 5 -5
75 5 -5
75 5 -5
75 5 -5
75 5 -5
75 5 -5
75 5 -5
# ave_measured_val[1][0] = 611
75 5 5
75 5 5
75 5 5
75 5 5
75 5 5
75 5 5
75 5 5
75 5 5
75 5 5
75 5 5
# ave_measured_val[1][1] = 728
# hoge
# min_loss : 149  estimate[75] = 0
# min_loss : 109  estimate[75] = 6
# min_loss : 59  estimate[75] = 13
# min_loss : 37  estimate[75] = 19
76 -5 -5
76 -5 -5
76 -5 -5
76 -5 -5
76 -5 -5
76 -5 -5
76 -5 -5
76 -5 -5
76 -5 -5
76 -5 -5
# ave_measured_val[0][0] = 644
76 -5 5
76 -5 5
76 -5 5
76 -5 5
76 -5 5
76 -5 5
76 -5 5
76 -5 5
76 -5 5
76 -5 5
# ave_measured_val[0][1] = 690
76 5 -5
76 5 -5
76 5 -5
76 5 -5
76 5 -5
76 5 -5
76 5 -5
76 5 -5
76 5 -5
76 5 -5
# ave_measured_val[1][0] = 646
76 5 5
76 5 5
76 5 5
76 5 5
76 5 5
76 5 5
76 5 5
76 5 5
76 5 5
76 5 5
# ave_measured_val[1][1] = 672
# hoge
# min_loss : 76  estimate[76] = 0
# min_loss : 44  estimate[76] = 1
# min_loss : 24  estimate[76] = 4
77 -5 -5
77 -5 -5
77 -5 -5
77 -5 -5
77 -5 -5
77 -5 -5
77 -5 -5
77 -5 -5
77 -5 -5
77 -5 -5
# ave_measured_val[0][0] = 677
77 -5 5
77 -5 5
77 -5 5
77 -5 5
77 -5 5
77 -5 5
77 -5 5
77 -5 5
77 -5 5
77 -5 5
# ave_measured_val[0][1] = 688
77 5 -5
77 5 -5
77 5 -5
77 5 -5
77 5 -5
77 5 -5
77 5 -5
77 5 -5
77 5 -5
77 5 -5
# ave_measured_val[1][0] = 574
77 5 5
77 5 5
77 5 5
77 5 5
77 5 5
77 5 5
77 5 5
77 5 5
77 5 5
77 5 5
# ave_measured_val[1][1] = 535
# hoge
# min_loss : 316  estimate[77] = 0
# min_loss : 216  estimate[77] = 1
# min_loss : 146  estimate[77] = 2
# min_loss : 126  estimate[77] = 35
78 -5 -5
78 -5 -5
78 -5 -5
78 -5 -5
78 -5 -5
78 -5 -5
78 -5 -5
78 -5 -5
78 -5 -5
78 -5 -5
# ave_measured_val[0][0] = 666
78 -5 5
78 -5 5
78 -5 5
78 -5 5
78 -5 5
78 -5 5
78 -5 5
78 -5 5
78 -5 5
78 -5 5
# ave_measured_val[0][1] = 735
78 5 -5
78 5 -5
78 5 -5
78 5 -5
78 5 -5
78 5 -5
78 5 -5
78 5 -5
78 5 -5
78 5 -5
# ave_measured_val[1][0] = 605
78 5 5
78 5 5
78 5 5
78 5 5
78 5 5
78 5 5
78 5 5
78 5 5
78 5 5
78 5 5
# ave_measured_val[1][1] = 604
# hoge
# min_loss : 252  estimate[78] = 0
# min_loss : 152  estimate[78] = 1
# min_loss : 70  estimate[78] = 2
79 -5 -5
79 -5 -5
79 -5 -5
79 -5 -5
79 -5 -5
79 -5 -5
79 -5 -5
79 -5 -5
79 -5 -5
79 -5 -5
# ave_measured_val[0][0] = 616
79 -5 5
79 -5 5
79 -5 5
79 -5 5
79 -5 5
79 -5 5
79 -5 5
79 -5 5
79 -5 5
79 -5 5
# ave_measured_val[0][1] = 633
79 5 -5
79 5 -5
79 5 -5
79 5 -5
79 5 -5
79 5 -5
79 5 -5
79 5 -5
79 5 -5
79 5 -5
# ave_measured_val[1][0] = 706
79 5 5
79 5 5
79 5 5
79 5 5
79 5 5
79 5 5
79 5 5
79 5 5
79 5 5
79 5 5
# ave_measured_val[1][1] = 733
# hoge
# min_loss : 130  estimate[79] = 0
# min_loss : 88  estimate[79] = 7
# min_loss : 82  estimate[79] = 29
80 -5 -5
80 -5 -5
80 -5 -5
80 -5 -5
80 -5 -5
80 -5 -5
80 -5 -5
80 -5 -5
80 -5 -5
80 -5 -5
# ave_measured_val[0][0] = 731
80 -5 5
80 -5 5
80 -5 5
80 -5 5
80 -5 5
80 -5 5
80 -5 5
80 -5 5
80 -5 5
80 -5 5
# ave_measured_val[0][1] = 692
80 5 -5
80 5 -5
80 5 -5
80 5 -5
80 5 -5
80 5 -5
80 5 -5
80 5 -5
80 5 -5
80 5 -5
# ave_measured_val[1][0] = 665
80 5 5
80 5 5
80 5 5
80 5 5
80 5 5
80 5 5
80 5 5
80 5 5
80 5 5
80 5 5
# ave_measured_val[1][1] = 584
# hoge
# min_loss : 244  estimate[80] = 0
# min_loss : 204  estimate[80] = 1
# min_loss : 180  estimate[80] = 2
# min_loss : 160  estimate[80] = 41
# min_loss : 144  estimate[80] = 47
# min_loss : 124  estimate[80] = 50
# min_loss : 64  estimate[80] = 63
# min_loss : 52  estimate[80] = 80
81 -5 -5
81 -5 -5
81 -5 -5
81 -5 -5
81 -5 -5
81 -5 -5
81 -5 -5
81 -5 -5
81 -5 -5
81 -5 -5
# ave_measured_val[0][0] = 591
81 -5 5
81 -5 5
81 -5 5
81 -5 5
81 -5 5
81 -5 5
81 -5 5
81 -5 5
81 -5 5
81 -5 5
# ave_measured_val[0][1] = 675
81 5 -5
81 5 -5
81 5 -5
81 5 -5
81 5 -5
81 5 -5
81 5 -5
81 5 -5
81 5 -5
81 5 -5
# ave_measured_val[1][0] = 660
81 5 5
81 5 5
81 5 5
81 5 5
81 5 5
81 5 5
81 5 5
81 5 5
81 5 5
81 5 5
# ave_measured_val[1][1] = 688
# hoge
# min_loss : 56  estimate[81] = 0
82 -5 -5
82 -5 -5
82 -5 -5
82 -5 -5
82 -5 -5
82 -5 -5
82 -5 -5
82 -5 -5
82 -5 -5
82 -5 -5
# ave_measured_val[0][0] = 681
82 -5 5
82 -5 5
82 -5 5
82 -5 5
82 -5 5
82 -5 5
82 -5 5
82 -5 5
82 -5 5
82 -5 5
# ave_measured_val[0][1] = 721
82 5 -5
82 5 -5
82 5 -5
82 5 -5
82 5 -5
82 5 -5
82 5 -5
82 5 -5
82 5 -5
82 5 -5
# ave_measured_val[1][0] = 613
82 5 5
82 5 5
82 5 5
82 5 5
82 5 5
82 5 5
82 5 5
82 5 5
82 5 5
82 5 5
# ave_measured_val[1][1] = 645
# hoge
# min_loss : 204  estimate[82] = 0
# min_loss : 104  estimate[82] = 1
# min_loss : 40  estimate[82] = 2
# min_loss : 30  estimate[82] = 9
83 -5 -5
83 -5 -5
83 -5 -5
83 -5 -5
83 -5 -5
83 -5 -5
83 -5 -5
83 -5 -5
83 -5 -5
83 -5 -5
# ave_measured_val[0][0] = 649
83 -5 5
83 -5 5
83 -5 5
83 -5 5
83 -5 5
83 -5 5
83 -5 5
83 -5 5
83 -5 5
83 -5 5
# ave_measured_val[0][1] = 769
83 5 -5
83 5 -5
83 5 -5
83 5 -5
83 5 -5
83 5 -5
83 5 -5
83 5 -5
83 5 -5
83 5 -5
# ave_measured_val[1][0] = 590
83 5 5
83 5 5
83 5 5
83 5 5
83 5 5
83 5 5
83 5 5
83 5 5
83 5 5
83 5 5
# ave_measured_val[1][1] = 610
# hoge
# min_loss : 278  estimate[83] = 0
# min_loss : 180  estimate[83] = 1
# min_loss : 120  estimate[83] = 2
# min_loss : 100  estimate[83] = 3
84 -5 -5
84 -5 -5
84 -5 -5
84 -5 -5
84 -5 -5
84 -5 -5
84 -5 -5
84 -5 -5
84 -5 -5
84 -5 -5
# ave_measured_val[0][0] = 685
84 -5 5
84 -5 5
84 -5 5
84 -5 5
84 -5 5
84 -5 5
84 -5 5
84 -5 5
84 -5 5
84 -5 5
# ave_measured_val[0][1] = 591
84 5 -5
84 5 -5
84 5 -5
84 5 -5
84 5 -5
84 5 -5
84 5 -5
84 5 -5
84 5 -5
84 5 -5
# ave_measured_val[1][0] = 750
84 5 5
84 5 5
84 5 5
84 5 5
84 5 5
84 5 5
84 5 5
84 5 5
84 5 5
84 5 5
# ave_measured_val[1][1] = 622
# hoge
# min_loss : 282  estimate[84] = 0
# min_loss : 262  estimate[84] = 38
# min_loss : 222  estimate[84] = 44
# min_loss : 186  estimate[84] = 49
# min_loss : 182  estimate[84] = 51
# min_loss : 142  estimate[84] = 53
# min_loss : 102  estimate[84] = 58
# min_loss : 62  estimate[84] = 66
# min_loss : 44  estimate[84] = 72
85 -5 -5
85 -5 -5
85 -5 -5
85 -5 -5
85 -5 -5
85 -5 -5
85 -5 -5
85 -5 -5
85 -5 -5
85 -5 -5
# ave_measured_val[0][0] = 668
85 -5 5
85 -5 5
85 -5 5
85 -5 5
85 -5 5
85 -5 5
85 -5 5
85 -5 5
85 -5 5
85 -5 5
# ave_measured_val[0][1] = 672
85 5 -5
85 5 -5
85 5 -5
85 5 -5
85 5 -5
85 5 -5
85 5 -5
85 5 -5
85 5 -5
85 5 -5
# ave_measured_val[1][0] = 624
85 5 5
85 5 5
85 5 5
85 5 5
85 5 5
85 5 5
85 5 5
85 5 5
85 5 5
85 5 5
# ave_measured_val[1][1] = 670
# hoge
# min_loss : 106  estimate[85] = 0
# min_loss : 42  estimate[85] = 1
86 -5 -5
86 -5 -5
86 -5 -5
86 -5 -5
86 -5 -5
86 -5 -5
86 -5 -5
86 -5 -5
86 -5 -5
86 -5 -5
# ave_measured_val[0][0] = 677
86 -5 5
86 -5 5
86 -5 5
86 -5 5
86 -5 5
86 -5 5
86 -5 5
86 -5 5
86 -5 5
86 -5 5
# ave_measured_val[0][1] = 638
86 5 -5
86 5 -5
86 5 -5
86 5 -5
86 5 -5
86 5 -5
86 5 -5
86 5 -5
86 5 -5
86 5 -5
# ave_measured_val[1][0] = 708
86 5 5
86 5 5
86 5 5
86 5 5
86 5 5
86 5 5
86 5 5
86 5 5
86 5 5
86 5 5
# ave_measured_val[1][1] = 699
# hoge
# min_loss : 126  estimate[86] = 0
# min_loss : 122  estimate[86] = 44
# min_loss : 106  estimate[86] = 53
# min_loss : 102  estimate[86] = 58
# min_loss : 86  estimate[86] = 76
# min_loss : 82  estimate[86] = 88
87 -5 -5
87 -5 -5
87 -5 -5
87 -5 -5
87 -5 -5
87 -5 -5
87 -5 -5
87 -5 -5
87 -5 -5
87 -5 -5
# ave_measured_val[0][0] = 641
87 -5 5
87 -5 5
87 -5 5
87 -5 5
87 -5 5
87 -5 5
87 -5 5
87 -5 5
87 -5 5
87 -5 5
# ave_measured_val[0][1] = 594
87 5 -5
87 5 -5
87 5 -5
87 5 -5
87 5 -5
87 5 -5
87 5 -5
87 5 -5
87 5 -5
87 5 -5
# ave_measured_val[1][0] = 726
87 5 5
87 5 5
87 5 5
87 5 5
87 5 5
87 5 5
87 5 5
87 5 5
87 5 5
87 5 5
# ave_measured_val[1][1] = 689
# hoge
# min_loss : 144  estimate[87] = 0
# min_loss : 124  estimate[87] = 38
# min_loss : 102  estimate[87] = 44
# min_loss : 42  estimate[87] = 53
# min_loss : 30  estimate[87] = 54
# min_loss : 24  estimate[87] = 82
88 -5 -5
88 -5 -5
88 -5 -5
88 -5 -5
88 -5 -5
88 -5 -5
88 -5 -5
88 -5 -5
88 -5 -5
88 -5 -5
# ave_measured_val[0][0] = 646
88 -5 5
88 -5 5
88 -5 5
88 -5 5
88 -5 5
88 -5 5
88 -5 5
88 -5 5
88 -5 5
88 -5 5
# ave_measured_val[0][1] = 622
88 5 -5
88 5 -5
88 5 -5
88 5 -5
88 5 -5
88 5 -5
88 5 -5
88 5 -5
88 5 -5
88 5 -5
# ave_measured_val[1][0] = 659
88 5 5
88 5 5
88 5 5
88 5 5
88 5 5
88 5 5
88 5 5
88 5 5
88 5 5
88 5 5
# ave_measured_val[1][1] = 637
# hoge
# min_loss : 108  estimate[88] = 0
# min_loss : 106  estimate[88] = 5
# min_loss : 86  estimate[88] = 39
# min_loss : 68  estimate[88] = 45
# min_loss : 48  estimate[88] = 46
89 -5 -5
89 -5 -5
89 -5 -5
89 -5 -5
89 -5 -5
89 -5 -5
89 -5 -5
89 -5 -5
89 -5 -5
89 -5 -5
# ave_measured_val[0][0] = 663
89 -5 5
89 -5 5
89 -5 5
89 -5 5
89 -5 5
89 -5 5
89 -5 5
89 -5 5
89 -5 5
89 -5 5
# ave_measured_val[0][1] = 597
89 5 -5
89 5 -5
89 5 -5
89 5 -5
89 5 -5
89 5 -5
89 5 -5
89 5 -5
89 5 -5
89 5 -5
# ave_measured_val[1][0] = 664
89 5 5
89 5 5
89 5 5
89 5 5
89 5 5
89 5 5
89 5 5
89 5 5
89 5 5
89 5 5
# ave_measured_val[1][1] = 662
# hoge
# min_loss : 128  estimate[89] = 0
# min_loss : 108  estimate[89] = 39
# min_loss : 100  estimate[89] = 44
# min_loss : 80  estimate[89] = 45
# min_loss : 72  estimate[89] = 46
# min_loss : 64  estimate[89] = 61
90 -5 -5
90 -5 -5
90 -5 -5
90 -5 -5
90 -5 -5
90 -5 -5
90 -5 -5
90 -5 -5
90 -5 -5
90 -5 -5
# ave_measured_val[0][0] = 664
90 -5 5
90 -5 5
90 -5 5
90 -5 5
90 -5 5
90 -5 5
90 -5 5
90 -5 5
90 -5 5
90 -5 5
# ave_measured_val[0][1] = 587
90 5 -5
90 5 -5
90 5 -5
90 5 -5
90 5 -5
90 5 -5
90 5 -5
90 5 -5
90 5 -5
90 5 -5
# ave_measured_val[1][0] = 723
90 5 5
90 5 5
90 5 5
90 5 5
90 5 5
90 5 5
90 5 5
90 5 5
90 5 5
90 5 5
# ave_measured_val[1][1] = 685
# hoge
# min_loss : 175  estimate[90] = 0
# min_loss : 155  estimate[90] = 38
# min_loss : 125  estimate[90] = 44
# min_loss : 65  estimate[90] = 53
# min_loss : 45  estimate[90] = 54
91 -5 -5
91 -5 -5
91 -5 -5
91 -5 -5
91 -5 -5
91 -5 -5
91 -5 -5
91 -5 -5
91 -5 -5
91 -5 -5
# ave_measured_val[0][0] = 651
91 -5 5
91 -5 5
91 -5 5
91 -5 5
91 -5 5
91 -5 5
91 -5 5
91 -5 5
91 -5 5
91 -5 5
# ave_measured_val[0][1] = 649
91 5 -5
91 5 -5
91 5 -5
91 5 -5
91 5 -5
91 5 -5
91 5 -5
91 5 -5
91 5 -5
91 5 -5
# ave_measured_val[1][0] = 662
91 5 5
91 5 5
91 5 5
91 5 5
91 5 5
91 5 5
91 5 5
91 5 5
91 5 5
91 5 5
# ave_measured_val[1][1] = 582
# hoge
# min_loss : 142  estimate[91] = 0
# min_loss : 122  estimate[91] = 39
# min_loss : 100  estimate[91] = 46
# min_loss : 80  estimate[91] = 52
# min_loss : 78  estimate[91] = 56
92 -5 -5
92 -5 -5
92 -5 -5
92 -5 -5
92 -5 -5
92 -5 -5
92 -5 -5
92 -5 -5
92 -5 -5
92 -5 -5
# ave_measured_val[0][0] = 609
92 -5 5
92 -5 5
92 -5 5
92 -5 5
92 -5 5
92 -5 5
92 -5 5
92 -5 5
92 -5 5
92 -5 5
# ave_measured_val[0][1] = 711
92 5 -5
92 5 -5
92 5 -5
92 5 -5
92 5 -5
92 5 -5
92 5 -5
92 5 -5
92 5 -5
92 5 -5
# ave_measured_val[1][0] = 582
92 5 5
92 5 5
92 5 5
92 5 5
92 5 5
92 5 5
92 5 5
92 5 5
92 5 5
92 5 5
# ave_measured_val[1][1] = 658
# hoge
# min_loss : 182  estimate[92] = 0
# min_loss : 122  estimate[92] = 1
# min_loss : 118  estimate[92] = 2
# min_loss : 96  estimate[92] = 9
# min_loss : 82  estimate[92] = 10
# min_loss : 80  estimate[92] = 12
# min_loss : 60  estimate[92] = 16
# min_loss : 42  estimate[92] = 22
# min_loss : 26  estimate[92] = 23
93 -5 -5
93 -5 -5
93 -5 -5
93 -5 -5
93 -5 -5
93 -5 -5
93 -5 -5
93 -5 -5
93 -5 -5
93 -5 -5
# ave_measured_val[0][0] = 650
93 -5 5
93 -5 5
93 -5 5
93 -5 5
93 -5 5
93 -5 5
93 -5 5
93 -5 5
93 -5 5
93 -5 5
# ave_measured_val[0][1] = 616
93 5 -5
93 5 -5
93 5 -5
93 5 -5
93 5 -5
93 5 -5
93 5 -5
93 5 -5
93 5 -5
93 5 -5
# ave_measured_val[1][0] = 764
93 5 5
93 5 5
93 5 5
93 5 5
93 5 5
93 5 5
93 5 5
93 5 5
93 5 5
93 5 5
# ave_measured_val[1][1] = 667
# hoge
# min_loss : 191  estimate[93] = 0
# min_loss : 183  estimate[93] = 38
# min_loss : 171  estimate[93] = 39
# min_loss : 131  estimate[93] = 44
# min_loss : 83  estimate[93] = 53
# min_loss : 77  estimate[93] = 59
94 -5 -5
94 -5 -5
94 -5 -5
94 -5 -5
94 -5 -5
94 -5 -5
94 -5 -5
94 -5 -5
94 -5 -5
94 -5 -5
# ave_measured_val[0][0] = 564
94 -5 5
94 -5 5
94 -5 5
94 -5 5
94 -5 5
94 -5 5
94 -5 5
94 -5 5
94 -5 5
94 -5 5
# ave_measured_val[0][1] = 680
94 5 -5
94 5 -5
94 5 -5
94 5 -5
94 5 -5
94 5 -5
94 5 -5
94 5 -5
94 5 -5
94 5 -5
# ave_measured_val[1][0] = 611
94 5 5
94 5 5
94 5 5
94 5 5
94 5 5
94 5 5
94 5 5
94 5 5
94 5 5
94 5 5
# ave_measured_val[1][1] = 719
# hoge
# min_loss : 164  estimate[94] = 0
# min_loss : 124  estimate[94] = 6
# min_loss : 66  estimate[94] = 13
# min_loss : 46  estimate[94] = 21
95 -5 -5
95 -5 -5
95 -5 -5
95 -5 -5
95 -5 -5
95 -5 -5
95 -5 -5
95 -5 -5
95 -5 -5
95 -5 -5
# ave_measured_val[0][0] = 670
95 -5 5
95 -5 5
95 -5 5
95 -5 5
95 -5 5
95 -5 5
95 -5 5
95 -5 5
95 -5 5
95 -5 5
# ave_measured_val[0][1] = 591
95 5 -5
95 5 -5
95 5 -5
95 5 -5
95 5 -5
95 5 -5
95 5 -5
95 5 -5
95 5 -5
95 5 -5
# ave_measured_val[1][0] = 740
95 5 5
95 5 5
95 5 5
95 5 5
95 5 5
95 5 5
95 5 5
95 5 5
95 5 5
95 5 5
# ave_measured_val[1][1] = 581
# hoge
# min_loss : 298  estimate[95] = 0
# min_loss : 278  estimate[95] = 38
# min_loss : 238  estimate[95] = 44
# min_loss : 218  estimate[95] = 49
# min_loss : 198  estimate[95] = 52
# min_loss : 158  estimate[95] = 53
# min_loss : 118  estimate[95] = 58
# min_loss : 98  estimate[95] = 66
# min_loss : 80  estimate[95] = 72
96 -5 -5
96 -5 -5
96 -5 -5
96 -5 -5
96 -5 -5
96 -5 -5
96 -5 -5
96 -5 -5
96 -5 -5
96 -5 -5
# ave_measured_val[0][0] = 692
96 -5 5
96 -5 5
96 -5 5
96 -5 5
96 -5 5
96 -5 5
96 -5 5
96 -5 5
96 -5 5
96 -5 5
# ave_measured_val[0][1] = 628
96 5 -5
96 5 -5
96 5 -5
96 5 -5
96 5 -5
96 5 -5
96 5 -5
96 5 -5
96 5 -5
96 5 -5
# ave_measured_val[1][0] = 708
96 5 5
96 5 5
96 5 5
96 5 5
96 5 5
96 5 5
96 5 5
96 5 5
96 5 5
96 5 5
# ave_measured_val[1][1] = 599
# hoge
# min_loss : 233  estimate[96] = 0
# min_loss : 213  estimate[96] = 39
# min_loss : 189  estimate[96] = 44
# min_loss : 173  estimate[96] = 45
# min_loss : 133  estimate[96] = 49
# min_loss : 93  estimate[96] = 56
# min_loss : 89  estimate[96] = 58
# min_loss : 69  estimate[96] = 64
# min_loss : 49  estimate[96] = 70
# min_loss : 45  estimate[96] = 71
97 -5 -5
97 -5 -5
97 -5 -5
97 -5 -5
97 -5 -5
97 -5 -5
97 -5 -5
97 -5 -5
97 -5 -5
97 -5 -5
# ave_measured_val[0][0] = 697
97 -5 5
97 -5 5
97 -5 5
97 -5 5
97 -5 5
97 -5 5
97 -5 5
97 -5 5
97 -5 5
97 -5 5
# ave_measured_val[0][1] = 552
97 5 -5
97 5 -5
97 5 -5
97 5 -5
97 5 -5
97 5 -5
97 5 -5
97 5 -5
97 5 -5
97 5 -5
# ave_measured_val[1][0] = 715
97 5 5
97 5 5
97 5 5
97 5 5
97 5 5
97 5 5
97 5 5
97 5 5
97 5 5
97 5 5
# ave_measured_val[1][1] = 589
# hoge
# min_loss : 331  estimate[97] = 0
# min_loss : 311  estimate[97] = 38
# min_loss : 271  estimate[97] = 44
# min_loss : 231  estimate[97] = 49
# min_loss : 191  estimate[97] = 53
# min_loss : 151  estimate[97] = 58
# min_loss : 111  estimate[97] = 66
# min_loss : 101  estimate[97] = 72
-1 -1 -1
77
86
56
62
55
51
23
63
90
45
4
0
69
38
45
17
8
9
30
0
74
6
21
30
2
44
18
73
53
66
43
76
51
57
2
32
11
53
0
63
54
19
76
0
47
85
61
1
76
2
71
25
24
45
60
0
0
50
28
13
59
81
25
0
7
69
2
17
11
93
68
53
84
2
94
19
4
35
2
29
80
0
9
3
72
1
88
82
46
61
54
56
23
59
21
72
71
72
