390 400 410 420 430 440 450 460 470 480 490 500 510 520 530 540 550 560 570 560 550 540 530 520 510 500 490 480 470 460 450 440 430 420 410 400 390 380 370
400 410 420 430 440 450 460 470 480 490 500 510 520 530 540 550 560 570 580 570 560 550 540 530 520 510 500 490 480 470 460 450 440 430 420 410 400 390 380
410 420 430 440 450 460 470 480 490 500 510 520 530 540 550 560 570 580 590 580 570 560 550 540 530 520 510 500 490 480 470 460 450 440 430 420 410 400 390
420 430 440 450 460 470 480 490 500 510 520 530 540 550 560 570 580 590 600 590 580 570 560 550 540 530 520 510 500 490 480 470 460 450 440 430 420 410 400
430 440 450 460 470 480 490 500 510 520 530 540 550 560 570 580 590 600 610 600 590 580 570 560 550 540 530 520 510 500 490 480 470 460 450 440 430 420 410
440 450 460 470 480 490 500 510 520 530 540 550 560 570 580 590 600 610 620 610 600 590 580 570 560 550 540 530 520 510 500 490 480 470 460 450 440 430 420
450 460 470 480 490 500 510 520 530 540 550 560 570 580 590 600 610 620 630 620 610 600 590 580 570 560 550 540 530 520 510 500 490 480 470 460 450 440 430
460 470 480 490 500 510 520 530 540 550 560 570 580 590 600 610 620 630 640 630 620 610 600 590 580 570 560 550 540 530 520 510 500 490 480 470 460 450 440
470 480 490 500 510 520 530 540 550 560 570 580 590 600 610 620 630 640 650 640 630 620 610 600 590 580 570 560 550 540 530 520 510 500 490 480 470 460 450
480 490 500 510 520 530 540 550 560 570 580 590 600 610 620 630 640 650 660 650 640 630 620 610 600 590 580 570 560 550 540 530 520 510 500 490 480 470 460
490 500 510 520 530 540 550 560 570 580 590 600 610 620 630 640 650 660 670 660 650 640 630 620 610 600 590 580 570 560 550 540 530 520 510 500 490 480 470
500 510 520 530 540 550 560 570 580 590 600 610 620 630 640 650 660 670 680 670 660 650 640 630 620 610 600 590 580 570 560 550 540 530 520 510 500 490 480
510 520 530 540 550 560 570 580 590 600 610 620 630 640 650 660 670 680 690 680 670 660 650 640 630 620 610 600 590 580 570 560 550 540 530 520 510 500 490
520 530 540 550 560 570 580 590 600 610 620 630 640 650 660 670 680 690 700 690 680 670 660 650 640 630 620 610 600 590 580 570 560 550 540 530 520 510 500
530 540 550 560 570 580 590 600 610 620 630 640 650 660 670 680 690 700 710 700 690 680 670 660 650 640 630 620 610 600 590 580 570 560 550 540 530 520 510
540 550 560 570 580 590 600 610 620 630 640 650 660 670 680 690 700 710 720 710 700 690 680 670 660 650 640 630 620 610 600 590 580 570 560 550 540 530 520
550 560 570 580 590 600 610 620 630 640 650 660 670 680 690 700 710 720 730 720 710 700 690 680 670 660 650 640 630 620 610 600 590 580 570 560 550 540 530
560 570 580 590 600 610 620 630 640 650 660 670 680 690 700 710 720 730 740 730 720 710 700 690 680 670 660 650 640 630 620 610 600 590 580 570 560 550 540
570 580 590 600 610 620 630 640 650 660 670 680 690 700 710 720 730 740 750 740 730 720 710 700 690 680 670 660 650 640 630 620 610 600 590 580 570 560 550
560 570 580 590 600 610 620 630 640 650 660 670 680 690 700 710 720 730 740 730 720 710 700 690 680 670 660 650 640 630 620 610 600 590 580 570 560 550 540
550 560 570 580 590 600 610 620 630 640 650 660 670 680 690 700 710 720 730 720 710 700 690 680 670 660 650 640 630 620 610 600 590 580 570 560 550 540 530
540 550 560 570 580 590 600 610 620 630 640 650 660 670 680 690 700 710 720 710 700 690 680 670 660 650 640 630 620 610 600 590 580 570 560 550 540 530 520
530 540 550 560 570 580 590 600 610 620 630 640 650 660 670 680 690 700 710 700 690 680 670 660 650 640 630 620 610 600 590 580 570 560 550 540 530 520 510
520 530 540 550 560 570 580 590 600 610 620 630 640 650 660 670 680 690 700 690 680 670 660 650 640 630 620 610 600 590 580 570 560 550 540 530 520 510 500
510 520 530 540 550 560 570 580 590 600 610 620 630 640 650 660 670 680 690 680 670 660 650 640 630 620 610 600 590 580 570 560 550 540 530 520 510 500 490
500 510 520 530 540 550 560 570 580 590 600 610 620 630 640 650 660 670 680 670 660 650 640 630 620 610 600 590 580 570 560 550 540 530 520 510 500 490 480
490 500 510 520 530 540 550 560 570 580 590 600 610 620 630 640 650 660 670 660 650 640 630 620 610 600 590 580 570 560 550 540 530 520 510 500 490 480 470
480 490 500 510 520 530 540 550 560 570 580 590 600 610 620 630 640 650 660 650 640 630 620 610 600 590 580 570 560 550 540 530 520 510 500 490 480 470 460
470 480 490 500 510 520 530 540 550 560 570 580 590 600 610 620 630 640 650 640 630 620 610 600 590 580 570 560 550 540 530 520 510 500 490 480 470 460 450
460 470 480 490 500 510 520 530 540 550 560 570 580 590 600 610 620 630 640 630 620 610 600 590 580 570 560 550 540 530 520 510 500 490 480 470 460 450 440
450 460 470 480 490 500 510 520 530 540 550 560 570 580 590 600 610 620 630 620 610 600 590 580 570 560 550 540 530 520 510 500 490 480 470 460 450 440 430
440 450 460 470 480 490 500 510 520 530 540 550 560 570 580 590 600 610 620 610 600 590 580 570 560 550 540 530 520 510 500 490 480 470 460 450 440 430 420
430 440 450 460 470 480 490 500 510 520 530 540 550 560 570 580 590 600 610 600 590 580 570 560 550 540 530 520 510 500 490 480 470 460 450 440 430 420 410
420 430 440 450 460 470 480 490 500 510 520 530 540 550 560 570 580 590 600 590 580 570 560 550 540 530 520 510 500 490 480 470 460 450 440 430 420 410 400
410 420 430 440 450 460 470 480 490 500 510 520 530 540 550 560 570 580 590 580 570 560 550 540 530 520 510 500 490 480 470 460 450 440 430 420 410 400 390
400 410 420 430 440 450 460 470 480 490 500 510 520 530 540 550 560 570 580 570 560 550 540 530 520 510 500 490 480 470 460 450 440 430 420 410 400 390 380
390 400 410 420 430 440 450 460 470 480 490 500 510 520 530 540 550 560 570 560 550 540 530 520 510 500 490 480 470 460 450 440 430 420 410 400 390 380 370
380 390 400 410 420 430 440 450 460 470 480 490 500 510 520 530 540 550 560 550 540 530 520 510 500 490 480 470 460 450 440 430 420 410 400 390 380 370 360
370 380 390 400 410 420 430 440 450 460 470 480 490 500 510 520 530 540 550 540 530 520 510 500 490 480 470 460 450 440 430 420 410 400 390 380 370 360 350
0 -5 -5
0 -5 -5
0 -5 -5
0 -5 -5
0 -5 -5
0 -5 -5
0 -5 -5
0 -5 -5
0 -5 -5
0 -5 -5
# ave_measured_val[0][0] = 605
0 -5 5
0 -5 5
0 -5 5
0 -5 5
0 -5 5
0 -5 5
0 -5 5
0 -5 5
0 -5 5
0 -5 5
# ave_measured_val[0][1] = 505
0 5 -5
0 5 -5
0 5 -5
0 5 -5
0 5 -5
0 5 -5
0 5 -5
0 5 -5
0 5 -5
0 5 -5
# ave_measured_val[1][0] = 640
0 5 5
0 5 5
0 5 5
0 5 5
0 5 5
0 5 5
0 5 5
0 5 5
0 5 5
0 5 5
# ave_measured_val[1][1] = 540
# hoge
# min_loss : 450  estimate[0] = 0
# min_loss : 340  estimate[0] = 2
# min_loss : 320  estimate[0] = 32
# min_loss : 280  estimate[0] = 35
# min_loss : 200  estimate[0] = 40
# min_loss : 180  estimate[0] = 42
# min_loss : 130  estimate[0] = 54
# min_loss : 90  estimate[0] = 64
1 -5 -5
1 -5 -5
1 -5 -5
1 -5 -5
1 -5 -5
1 -5 -5
1 -5 -5
1 -5 -5
1 -5 -5
1 -5 -5
# ave_measured_val[0][0] = 627
1 -5 5
1 -5 5
1 -5 5
1 -5 5
1 -5 5
1 -5 5
1 -5 5
1 -5 5
1 -5 5
1 -5 5
# ave_measured_val[0][1] = 678
1 5 -5
1 5 -5
1 5 -5
1 5 -5
1 5 -5
1 5 -5
1 5 -5
1 5 -5
1 5 -5
1 5 -5
# ave_measured_val[1][0] = 642
1 5 5
1 5 5
1 5 5
1 5 5
1 5 5
1 5 5
1 5 5
1 5 5
1 5 5
1 5 5
# ave_measured_val[1][1] = 658
# hoge
# min_loss : 765  estimate[1] = 0
# min_loss : 665  estimate[1] = 1
# min_loss : 385  estimate[1] = 2
# min_loss : 325  estimate[1] = 10
# min_loss : 285  estimate[1] = 14
# min_loss : 169  estimate[1] = 21
# min_loss : 133  estimate[1] = 23
# min_loss : 109  estimate[1] = 30
# min_loss : 51  estimate[1] = 36
# min_loss : 35  estimate[1] = 37
2 -5 -5
2 -5 -5
2 -5 -5
2 -5 -5
2 -5 -5
2 -5 -5
2 -5 -5
2 -5 -5
2 -5 -5
2 -5 -5
# ave_measured_val[0][0] = 386
2 -5 5
2 -5 5
2 -5 5
2 -5 5
2 -5 5
2 -5 5
2 -5 5
2 -5 5
2 -5 5
2 -5 5
# ave_measured_val[0][1] = 488
2 5 -5
2 5 -5
2 5 -5
2 5 -5
2 5 -5
2 5 -5
2 5 -5
2 5 -5
2 5 -5
2 5 -5
# ave_measured_val[1][0] = 501
2 5 5
2 5 5
2 5 5
2 5 5
2 5 5
2 5 5
2 5 5
2 5 5
2 5 5
2 5 5
# ave_measured_val[1][1] = 603
# hoge
# min_loss : 146  estimate[2] = 0
# min_loss : 130  estimate[2] = 12
# min_loss : 30  estimate[2] = 13
3 -5 -5
3 -5 -5
3 -5 -5
3 -5 -5
3 -5 -5
3 -5 -5
3 -5 -5
3 -5 -5
3 -5 -5
3 -5 -5
# ave_measured_val[0][0] = 563
3 -5 5
3 -5 5
3 -5 5
3 -5 5
3 -5 5
3 -5 5
3 -5 5
3 -5 5
3 -5 5
3 -5 5
# ave_measured_val[0][1] = 670
3 5 -5
3 5 -5
3 5 -5
3 5 -5
3 5 -5
3 5 -5
3 5 -5
3 5 -5
3 5 -5
3 5 -5
# ave_measured_val[1][0] = 468
3 5 5
3 5 5
3 5 5
3 5 5
3 5 5
3 5 5
3 5 5
3 5 5
3 5 5
3 5 5
# ave_measured_val[1][1] = 563
# hoge
# min_loss : 488  estimate[3] = 0
# min_loss : 324  estimate[3] = 1
# min_loss : 162  estimate[3] = 2
# min_loss : 82  estimate[3] = 10
# min_loss : 64  estimate[3] = 11
4 -5 -5
4 -5 -5
4 -5 -5
4 -5 -5
4 -5 -5
4 -5 -5
4 -5 -5
4 -5 -5
4 -5 -5
4 -5 -5
# ave_measured_val[0][0] = 549
4 -5 5
4 -5 5
4 -5 5
4 -5 5
4 -5 5
4 -5 5
4 -5 5
4 -5 5
4 -5 5
4 -5 5
# ave_measured_val[0][1] = 443
4 5 -5
4 5 -5
4 5 -5
4 5 -5
4 5 -5
4 5 -5
4 5 -5
4 5 -5
4 5 -5
4 5 -5
# ave_measured_val[1][0] = 649
4 5 5
4 5 5
4 5 5
4 5 5
4 5 5
4 5 5
4 5 5
4 5 5
4 5 5
4 5 5
# ave_measured_val[1][1] = 542
# hoge
# min_loss : 343  estimate[4] = 0
# min_loss : 333  estimate[4] = 32
# min_loss : 259  estimate[4] = 40
# min_loss : 139  estimate[4] = 52
# min_loss : 57  estimate[4] = 54
5 -5 -5
5 -5 -5
5 -5 -5
5 -5 -5
5 -5 -5
5 -5 -5
5 -5 -5
5 -5 -5
5 -5 -5
5 -5 -5
# ave_measured_val[0][0] = 513
5 -5 5
5 -5 5
5 -5 5
5 -5 5
5 -5 5
5 -5 5
5 -5 5
5 -5 5
5 -5 5
5 -5 5
# ave_measured_val[0][1] = 419
5 5 -5
5 5 -5
5 5 -5
5 5 -5
5 5 -5
5 5 -5
5 5 -5
5 5 -5
5 5 -5
5 5 -5
# ave_measured_val[1][0] = 562
5 5 5
5 5 5
5 5 5
5 5 5
5 5 5
5 5 5
5 5 5
5 5 5
5 5 5
5 5 5
# ave_measured_val[1][1] = 466
# hoge
# min_loss : 250  estimate[5] = 0
# min_loss : 140  estimate[5] = 52
# min_loss : 20  estimate[5] = 57
6 -5 -5
6 -5 -5
6 -5 -5
6 -5 -5
6 -5 -5
6 -5 -5
6 -5 -5
6 -5 -5
6 -5 -5
6 -5 -5
# ave_measured_val[0][0] = 580
6 -5 5
6 -5 5
6 -5 5
6 -5 5
6 -5 5
6 -5 5
6 -5 5
6 -5 5
6 -5 5
6 -5 5
# ave_measured_val[0][1] = 492
6 5 -5
6 5 -5
6 5 -5
6 5 -5
6 5 -5
6 5 -5
6 5 -5
6 5 -5
6 5 -5
6 5 -5
# ave_measured_val[1][0] = 495
6 5 5
6 5 5
6 5 5
6 5 5
6 5 5
6 5 5
6 5 5
6 5 5
6 5 5
6 5 5
# ave_measured_val[1][1] = 381
# hoge
# min_loss : 416  estimate[6] = 0
# min_loss : 302  estimate[6] = 1
# min_loss : 262  estimate[6] = 38
# min_loss : 252  estimate[6] = 45
# min_loss : 52  estimate[6] = 56
# min_loss : 26  estimate[6] = 62
7 -5 -5
7 -5 -5
7 -5 -5
7 -5 -5
7 -5 -5
7 -5 -5
7 -5 -5
7 -5 -5
7 -5 -5
7 -5 -5
# ave_measured_val[0][0] = 644
7 -5 5
7 -5 5
7 -5 5
7 -5 5
7 -5 5
7 -5 5
7 -5 5
7 -5 5
7 -5 5
7 -5 5
# ave_measured_val[0][1] = 554
7 5 -5
7 5 -5
7 5 -5
7 5 -5
7 5 -5
7 5 -5
7 5 -5
7 5 -5
7 5 -5
7 5 -5
# ave_measured_val[1][0] = 567
7 5 5
7 5 5
7 5 5
7 5 5
7 5 5
7 5 5
7 5 5
7 5 5
7 5 5
7 5 5
# ave_measured_val[1][1] = 469
# hoge
# min_loss : 516  estimate[7] = 0
# min_loss : 306  estimate[7] = 1
# min_loss : 268  estimate[7] = 34
# min_loss : 228  estimate[7] = 38
# min_loss : 188  estimate[7] = 40
# min_loss : 108  estimate[7] = 42
# min_loss : 46  estimate[7] = 45
# min_loss : 38  estimate[7] = 55
8 -5 -5
8 -5 -5
8 -5 -5
8 -5 -5
8 -5 -5
8 -5 -5
8 -5 -5
8 -5 -5
8 -5 -5
8 -5 -5
# ave_measured_val[0][0] = 521
8 -5 5
8 -5 5
8 -5 5
8 -5 5
8 -5 5
8 -5 5
8 -5 5
8 -5 5
8 -5 5
8 -5 5
# ave_measured_val[0][1] = 521
8 5 -5
8 5 -5
8 5 -5
8 5 -5
8 5 -5
8 5 -5
8 5 -5
8 5 -5
8 5 -5
8 5 -5
# ave_measured_val[1][0] = 636
8 5 5
8 5 5
8 5 5
8 5 5
8 5 5
8 5 5
8 5 5
8 5 5
8 5 5
8 5 5
# ave_measured_val[1][1] = 633
# hoge
# min_loss : 471  estimate[8] = 0
# min_loss : 449  estimate[8] = 1
# min_loss : 267  estimate[8] = 2
# min_loss : 189  estimate[8] = 5
# min_loss : 181  estimate[8] = 29
# min_loss : 169  estimate[8] = 32
# min_loss : 123  estimate[8] = 33
9 -5 -5
9 -5 -5
9 -5 -5
9 -5 -5
9 -5 -5
9 -5 -5
9 -5 -5
9 -5 -5
9 -5 -5
9 -5 -5
# ave_measured_val[0][0] = 530
9 -5 5
9 -5 5
9 -5 5
9 -5 5
9 -5 5
9 -5 5
9 -5 5
9 -5 5
9 -5 5
9 -5 5
# ave_measured_val[0][1] = 439
9 5 -5
9 5 -5
9 5 -5
9 5 -5
9 5 -5
9 5 -5
9 5 -5
9 5 -5
9 5 -5
9 5 -5
# ave_measured_val[1][0] = 532
9 5 5
9 5 5
9 5 5
9 5 5
9 5 5
9 5 5
9 5 5
9 5 5
9 5 5
9 5 5
# ave_measured_val[1][1] = 443
# hoge
# min_loss : 278  estimate[9] = 0
# min_loss : 276  estimate[9] = 40
# min_loss : 256  estimate[9] = 45
# min_loss : 156  estimate[9] = 52
# min_loss : 94  estimate[9] = 57
# min_loss : 66  estimate[9] = 63
10 -5 -5
10 -5 -5
10 -5 -5
10 -5 -5
10 -5 -5
10 -5 -5
10 -5 -5
10 -5 -5
10 -5 -5
10 -5 -5
# ave_measured_val[0][0] = 705
10 -5 5
10 -5 5
10 -5 5
10 -5 5
10 -5 5
10 -5 5
10 -5 5
10 -5 5
10 -5 5
10 -5 5
# ave_measured_val[0][1] = 630
10 5 -5
10 5 -5
10 5 -5
10 5 -5
10 5 -5
10 5 -5
10 5 -5
10 5 -5
10 5 -5
10 5 -5
# ave_measured_val[1][0] = 626
10 5 5
10 5 5
10 5 5
10 5 5
10 5 5
10 5 5
10 5 5
10 5 5
10 5 5
10 5 5
# ave_measured_val[1][1] = 514
# hoge
# min_loss : 667  estimate[10] = 0
# min_loss : 535  estimate[10] = 1
# min_loss : 387  estimate[10] = 2
# min_loss : 355  estimate[10] = 30
# min_loss : 347  estimate[10] = 31
# min_loss : 267  estimate[10] = 34
# min_loss : 255  estimate[10] = 37
# min_loss : 87  estimate[10] = 43
# min_loss : 45  estimate[10] = 47
# min_loss : 37  estimate[10] = 50
11 -5 -5
11 -5 -5
11 -5 -5
11 -5 -5
11 -5 -5
11 -5 -5
11 -5 -5
11 -5 -5
11 -5 -5
11 -5 -5
# ave_measured_val[0][0] = 422
11 -5 5
11 -5 5
11 -5 5
11 -5 5
11 -5 5
11 -5 5
11 -5 5
11 -5 5
11 -5 5
11 -5 5
# ave_measured_val[0][1] = 552
11 5 -5
11 5 -5
11 5 -5
11 5 -5
11 5 -5
11 5 -5
11 5 -5
11 5 -5
11 5 -5
11 5 -5
# ave_measured_val[1][0] = 537
11 5 5
11 5 5
11 5 5
11 5 5
11 5 5
11 5 5
11 5 5
11 5 5
11 5 5
11 5 5
# ave_measured_val[1][1] = 631
# hoge
# min_loss : 302  estimate[11] = 0
# min_loss : 234  estimate[11] = 2
# min_loss : 44  estimate[11] = 5
# min_loss : 42  estimate[11] = 6
12 -5 -5
12 -5 -5
12 -5 -5
12 -5 -5
12 -5 -5
12 -5 -5
12 -5 -5
12 -5 -5
12 -5 -5
12 -5 -5
# ave_measured_val[0][0] = 552
12 -5 5
12 -5 5
12 -5 5
12 -5 5
12 -5 5
12 -5 5
12 -5 5
12 -5 5
12 -5 5
12 -5 5
# ave_measured_val[0][1] = 592
12 5 -5
12 5 -5
12 5 -5
12 5 -5
12 5 -5
12 5 -5
12 5 -5
12 5 -5
12 5 -5
12 5 -5
# ave_measured_val[1][0] = 657
12 5 5
12 5 5
12 5 5
12 5 5
12 5 5
12 5 5
12 5 5
12 5 5
12 5 5
12 5 5
# ave_measured_val[1][1] = 698
# hoge
# min_loss : 659  estimate[12] = 0
# min_loss : 559  estimate[12] = 1
# min_loss : 295  estimate[12] = 2
# min_loss : 255  estimate[12] = 14
# min_loss : 219  estimate[12] = 16
# min_loss : 119  estimate[12] = 20
# min_loss : 79  estimate[12] = 29
13 -5 -5
13 -5 -5
13 -5 -5
13 -5 -5
13 -5 -5
13 -5 -5
13 -5 -5
13 -5 -5
13 -5 -5
13 -5 -5
# ave_measured_val[0][0] = 627
13 -5 5
13 -5 5
13 -5 5
13 -5 5
13 -5 5
13 -5 5
13 -5 5
13 -5 5
13 -5 5
13 -5 5
# ave_measured_val[0][1] = 539
13 5 -5
13 5 -5
13 5 -5
13 5 -5
13 5 -5
13 5 -5
13 5 -5
13 5 -5
13 5 -5
13 5 -5
# ave_measured_val[1][0] = 559
13 5 5
13 5 5
13 5 5
13 5 5
13 5 5
13 5 5
13 5 5
13 5 5
13 5 5
13 5 5
# ave_measured_val[1][1] = 455
# hoge
# min_loss : 490  estimate[13] = 0
# min_loss : 292  estimate[13] = 1
# min_loss : 278  estimate[13] = 34
# min_loss : 272  estimate[13] = 35
# min_loss : 232  estimate[13] = 38
# min_loss : 192  estimate[13] = 40
# min_loss : 112  estimate[13] = 42
# min_loss : 58  estimate[13] = 45
# min_loss : 48  estimate[13] = 60
14 -5 -5
14 -5 -5
14 -5 -5
14 -5 -5
14 -5 -5
14 -5 -5
14 -5 -5
14 -5 -5
14 -5 -5
14 -5 -5
# ave_measured_val[0][0] = 394
14 -5 5
14 -5 5
14 -5 5
14 -5 5
14 -5 5
14 -5 5
14 -5 5
14 -5 5
14 -5 5
14 -5 5
# ave_measured_val[0][1] = 414
14 5 -5
14 5 -5
14 5 -5
14 5 -5
14 5 -5
14 5 -5
14 5 -5
14 5 -5
14 5 -5
14 5 -5
# ave_measured_val[1][0] = 515
14 5 5
14 5 5
14 5 5
14 5 5
14 5 5
14 5 5
14 5 5
14 5 5
14 5 5
14 5 5
# ave_measured_val[1][1] = 519
# hoge
# min_loss : 36  estimate[14] = 0
15 -5 -5
15 -5 -5
15 -5 -5
15 -5 -5
15 -5 -5
15 -5 -5
15 -5 -5
15 -5 -5
15 -5 -5
15 -5 -5
# ave_measured_val[0][0] = 471
15 -5 5
15 -5 5
15 -5 5
15 -5 5
15 -5 5
15 -5 5
15 -5 5
15 -5 5
15 -5 5
15 -5 5
# ave_measured_val[0][1] = 566
15 5 -5
15 5 -5
15 5 -5
15 5 -5
15 5 -5
15 5 -5
15 5 -5
15 5 -5
15 5 -5
15 5 -5
# ave_measured_val[1][0] = 571
15 5 5
15 5 5
15 5 5
15 5 5
15 5 5
15 5 5
15 5 5
15 5 5
15 5 5
15 5 5
# ave_measured_val[1][1] = 660
# hoge
# min_loss : 428  estimate[15] = 0
# min_loss : 406  estimate[15] = 1
# min_loss : 234  estimate[15] = 2
# min_loss : 128  estimate[15] = 5
# min_loss : 88  estimate[15] = 6
# min_loss : 16  estimate[15] = 16
16 -5 -5
16 -5 -5
16 -5 -5
16 -5 -5
16 -5 -5
16 -5 -5
16 -5 -5
16 -5 -5
16 -5 -5
16 -5 -5
# ave_measured_val[0][0] = 476
16 -5 5
16 -5 5
16 -5 5
16 -5 5
16 -5 5
16 -5 5
16 -5 5
16 -5 5
16 -5 5
16 -5 5
# ave_measured_val[0][1] = 519
16 5 -5
16 5 -5
16 5 -5
16 5 -5
16 5 -5
16 5 -5
16 5 -5
16 5 -5
16 5 -5
16 5 -5
# ave_measured_val[1][0] = 590
16 5 5
16 5 5
16 5 5
16 5 5
16 5 5
16 5 5
16 5 5
16 5 5
16 5 5
16 5 5
# ave_measured_val[1][1] = 632
# hoge
# min_loss : 377  estimate[16] = 0
# min_loss : 267  estimate[16] = 2
# min_loss : 99  estimate[16] = 5
17 -5 -5
17 -5 -5
17 -5 -5
17 -5 -5
17 -5 -5
17 -5 -5
17 -5 -5
17 -5 -5
17 -5 -5
17 -5 -5
# ave_measured_val[0][0] = 709
17 -5 5
17 -5 5
17 -5 5
17 -5 5
17 -5 5
17 -5 5
17 -5 5
17 -5 5
17 -5 5
17 -5 5
# ave_measured_val[0][1] = 610
17 5 -5
17 5 -5
17 5 -5
17 5 -5
17 5 -5
17 5 -5
17 5 -5
17 5 -5
17 5 -5
17 5 -5
# ave_measured_val[1][0] = 605
17 5 5
17 5 5
17 5 5
17 5 5
17 5 5
17 5 5
17 5 5
17 5 5
17 5 5
17 5 5
# ave_measured_val[1][1] = 493
# hoge
# min_loss : 651  estimate[17] = 0
# min_loss : 477  estimate[17] = 1
# min_loss : 371  estimate[17] = 2
# min_loss : 291  estimate[17] = 34
# min_loss : 251  estimate[17] = 38
# min_loss : 231  estimate[17] = 42
# min_loss : 91  estimate[17] = 43
# min_loss : 23  estimate[17] = 47
18 -5 -5
18 -5 -5
18 -5 -5
18 -5 -5
18 -5 -5
18 -5 -5
18 -5 -5
18 -5 -5
18 -5 -5
18 -5 -5
# ave_measured_val[0][0] = 439
18 -5 5
18 -5 5
18 -5 5
18 -5 5
18 -5 5
18 -5 5
18 -5 5
18 -5 5
18 -5 5
18 -5 5
# ave_measured_val[0][1] = 540
18 5 -5
18 5 -5
18 5 -5
18 5 -5
18 5 -5
18 5 -5
18 5 -5
18 5 -5
18 5 -5
18 5 -5
# ave_measured_val[1][0] = 557
18 5 5
18 5 5
18 5 5
18 5 5
18 5 5
18 5 5
18 5 5
18 5 5
18 5 5
18 5 5
# ave_measured_val[1][1] = 644
# hoge
# min_loss : 340  estimate[18] = 0
# min_loss : 262  estimate[18] = 2
# min_loss : 42  estimate[18] = 5
# min_loss : 34  estimate[18] = 6
19 -5 -5
19 -5 -5
19 -5 -5
19 -5 -5
19 -5 -5
19 -5 -5
19 -5 -5
19 -5 -5
19 -5 -5
19 -5 -5
# ave_measured_val[0][0] = 475
19 -5 5
19 -5 5
19 -5 5
19 -5 5
19 -5 5
19 -5 5
19 -5 5
19 -5 5
19 -5 5
19 -5 5
# ave_measured_val[0][1] = 570
19 5 -5
19 5 -5
19 5 -5
19 5 -5
19 5 -5
19 5 -5
19 5 -5
19 5 -5
19 5 -5
19 5 -5
# ave_measured_val[1][0] = 576
19 5 5
19 5 5
19 5 5
19 5 5
19 5 5
19 5 5
19 5 5
19 5 5
19 5 5
19 5 5
# ave_measured_val[1][1] = 688
# hoge
# min_loss : 469  estimate[19] = 0
# min_loss : 439  estimate[19] = 1
# min_loss : 259  estimate[19] = 2
# min_loss : 169  estimate[19] = 5
# min_loss : 129  estimate[19] = 6
# min_loss : 29  estimate[19] = 16
20 -5 -5
20 -5 -5
20 -5 -5
20 -5 -5
20 -5 -5
20 -5 -5
20 -5 -5
20 -5 -5
20 -5 -5
20 -5 -5
# ave_measured_val[0][0] = 535
20 -5 5
20 -5 5
20 -5 5
20 -5 5
20 -5 5
20 -5 5
20 -5 5
20 -5 5
20 -5 5
20 -5 5
# ave_measured_val[0][1] = 433
20 5 -5
20 5 -5
20 5 -5
20 5 -5
20 5 -5
20 5 -5
20 5 -5
20 5 -5
20 5 -5
20 5 -5
# ave_measured_val[1][0] = 600
20 5 5
20 5 5
20 5 5
20 5 5
20 5 5
20 5 5
20 5 5
20 5 5
20 5 5
20 5 5
# ave_measured_val[1][1] = 499
# hoge
# min_loss : 289  estimate[20] = 0
# min_loss : 273  estimate[20] = 40
# min_loss : 253  estimate[20] = 42
# min_loss : 71  estimate[20] = 52
21 -5 -5
21 -5 -5
21 -5 -5
21 -5 -5
21 -5 -5
21 -5 -5
21 -5 -5
21 -5 -5
21 -5 -5
21 -5 -5
# ave_measured_val[0][0] = 595
21 -5 5
21 -5 5
21 -5 5
21 -5 5
21 -5 5
21 -5 5
21 -5 5
21 -5 5
21 -5 5
21 -5 5
# ave_measured_val[0][1] = 692
21 5 -5
21 5 -5
21 5 -5
21 5 -5
21 5 -5
21 5 -5
21 5 -5
21 5 -5
21 5 -5
21 5 -5
# ave_measured_val[1][0] = 565
21 5 5
21 5 5
21 5 5
21 5 5
21 5 5
21 5 5
21 5 5
21 5 5
21 5 5
21 5 5
# ave_measured_val[1][1] = 677
# hoge
# min_loss : 689  estimate[21] = 0
# min_loss : 589  estimate[21] = 1
# min_loss : 309  estimate[21] = 2
# min_loss : 249  estimate[21] = 10
# min_loss : 209  estimate[21] = 14
# min_loss : 125  estimate[21] = 21
# min_loss : 75  estimate[21] = 23
22 -5 -5
22 -5 -5
22 -5 -5
22 -5 -5
22 -5 -5
22 -5 -5
22 -5 -5
22 -5 -5
22 -5 -5
22 -5 -5
# ave_measured_val[0][0] = 603
22 -5 5
22 -5 5
22 -5 5
22 -5 5
22 -5 5
22 -5 5
22 -5 5
22 -5 5
22 -5 5
22 -5 5
# ave_measured_val[0][1] = 504
22 5 -5
22 5 -5
22 5 -5
22 5 -5
22 5 -5
22 5 -5
22 5 -5
22 5 -5
22 5 -5
22 5 -5
# ave_measured_val[1][0] = 499
22 5 5
22 5 5
22 5 5
22 5 5
22 5 5
22 5 5
22 5 5
22 5 5
22 5 5
22 5 5
# ave_measured_val[1][1] = 403
# hoge
# min_loss : 425  estimate[22] = 0
# min_loss : 295  estimate[22] = 1
# min_loss : 277  estimate[22] = 35
# min_loss : 235  estimate[22] = 38
# min_loss : 217  estimate[22] = 42
# min_loss : 191  estimate[22] = 45
# min_loss : 11  estimate[22] = 56
23 -5 -5
23 -5 -5
23 -5 -5
23 -5 -5
23 -5 -5
23 -5 -5
23 -5 -5
23 -5 -5
23 -5 -5
23 -5 -5
# ave_measured_val[0][0] = 459
23 -5 5
23 -5 5
23 -5 5
23 -5 5
23 -5 5
23 -5 5
23 -5 5
23 -5 5
23 -5 5
23 -5 5
# ave_measured_val[0][1] = 443
23 5 -5
23 5 -5
23 5 -5
23 5 -5
23 5 -5
23 5 -5
23 5 -5
23 5 -5
23 5 -5
23 5 -5
# ave_measured_val[1][0] = 564
23 5 5
23 5 5
23 5 5
23 5 5
23 5 5
23 5 5
23 5 5
23 5 5
23 5 5
23 5 5
# ave_measured_val[1][1] = 541
# hoge
# min_loss : 167  estimate[23] = 0
# min_loss : 161  estimate[23] = 57
# min_loss : 101  estimate[23] = 66
# min_loss : 21  estimate[23] = 70
24 -5 -5
24 -5 -5
24 -5 -5
24 -5 -5
24 -5 -5
24 -5 -5
24 -5 -5
24 -5 -5
24 -5 -5
24 -5 -5
# ave_measured_val[0][0] = 550
24 -5 5
24 -5 5
24 -5 5
24 -5 5
24 -5 5
24 -5 5
24 -5 5
24 -5 5
24 -5 5
24 -5 5
# ave_measured_val[0][1] = 497
24 5 -5
24 5 -5
24 5 -5
24 5 -5
24 5 -5
24 5 -5
24 5 -5
24 5 -5
24 5 -5
24 5 -5
# ave_measured_val[1][0] = 647
24 5 5
24 5 5
24 5 5
24 5 5
24 5 5
24 5 5
24 5 5
24 5 5
24 5 5
24 5 5
# ave_measured_val[1][1] = 580
# hoge
# min_loss : 434  estimate[24] = 0
# min_loss : 260  estimate[24] = 2
# min_loss : 240  estimate[24] = 32
# min_loss : 194  estimate[24] = 52
# min_loss : 80  estimate[24] = 54
25 -5 -5
25 -5 -5
25 -5 -5
25 -5 -5
25 -5 -5
25 -5 -5
25 -5 -5
25 -5 -5
25 -5 -5
25 -5 -5
# ave_measured_val[0][0] = 697
25 -5 5
25 -5 5
25 -5 5
25 -5 5
25 -5 5
25 -5 5
25 -5 5
25 -5 5
25 -5 5
25 -5 5
# ave_measured_val[0][1] = 589
25 5 -5
25 5 -5
25 5 -5
25 5 -5
25 5 -5
25 5 -5
25 5 -5
25 5 -5
25 5 -5
25 5 -5
# ave_measured_val[1][0] = 587
25 5 5
25 5 5
25 5 5
25 5 5
25 5 5
25 5 5
25 5 5
25 5 5
25 5 5
25 5 5
# ave_measured_val[1][1] = 491
# hoge
# min_loss : 602  estimate[25] = 0
# min_loss : 424  estimate[25] = 1
# min_loss : 344  estimate[25] = 2
# min_loss : 284  estimate[25] = 34
# min_loss : 244  estimate[25] = 38
# min_loss : 242  estimate[25] = 40
# min_loss : 182  estimate[25] = 42
# min_loss : 84  estimate[25] = 43
# min_loss : 76  estimate[25] = 47
# min_loss : 36  estimate[25] = 48
# min_loss : 12  estimate[25] = 53
26 -5 -5
26 -5 -5
26 -5 -5
26 -5 -5
26 -5 -5
26 -5 -5
26 -5 -5
26 -5 -5
26 -5 -5
26 -5 -5
# ave_measured_val[0][0] = 534
26 -5 5
26 -5 5
26 -5 5
26 -5 5
26 -5 5
26 -5 5
26 -5 5
26 -5 5
26 -5 5
26 -5 5
# ave_measured_val[0][1] = 511
26 5 -5
26 5 -5
26 5 -5
26 5 -5
26 5 -5
26 5 -5
26 5 -5
26 5 -5
26 5 -5
26 5 -5
# ave_measured_val[1][0] = 599
26 5 5
26 5 5
26 5 5
26 5 5
26 5 5
26 5 5
26 5 5
26 5 5
26 5 5
26 5 5
# ave_measured_val[1][1] = 598
# hoge
# min_loss : 402  estimate[26] = 0
# min_loss : 400  estimate[26] = 1
# min_loss : 200  estimate[26] = 2
# min_loss : 184  estimate[26] = 28
# min_loss : 144  estimate[26] = 32
# min_loss : 72  estimate[26] = 71
27 -5 -5
27 -5 -5
27 -5 -5
27 -5 -5
27 -5 -5
27 -5 -5
27 -5 -5
27 -5 -5
27 -5 -5
27 -5 -5
# ave_measured_val[0][0] = 502
27 -5 5
27 -5 5
27 -5 5
27 -5 5
27 -5 5
27 -5 5
27 -5 5
27 -5 5
27 -5 5
27 -5 5
# ave_measured_val[0][1] = 601
27 5 -5
27 5 -5
27 5 -5
27 5 -5
27 5 -5
27 5 -5
27 5 -5
27 5 -5
27 5 -5
27 5 -5
# ave_measured_val[1][0] = 594
27 5 5
27 5 5
27 5 5
27 5 5
27 5 5
27 5 5
27 5 5
27 5 5
27 5 5
27 5 5
# ave_measured_val[1][1] = 705
# hoge
# min_loss : 562  estimate[27] = 0
# min_loss : 478  estimate[27] = 1
# min_loss : 238  estimate[27] = 2
# min_loss : 222  estimate[27] = 6
# min_loss : 182  estimate[27] = 7
# min_loss : 122  estimate[27] = 16
# min_loss : 14  estimate[27] = 20
28 -5 -5
28 -5 -5
28 -5 -5
28 -5 -5
28 -5 -5
28 -5 -5
28 -5 -5
28 -5 -5
28 -5 -5
28 -5 -5
# ave_measured_val[0][0] = 559
28 -5 5
28 -5 5
28 -5 5
28 -5 5
28 -5 5
28 -5 5
28 -5 5
28 -5 5
28 -5 5
28 -5 5
# ave_measured_val[0][1] = 626
28 5 -5
28 5 -5
28 5 -5
28 5 -5
28 5 -5
28 5 -5
28 5 -5
28 5 -5
28 5 -5
28 5 -5
# ave_measured_val[1][0] = 462
28 5 5
28 5 5
28 5 5
28 5 5
28 5 5
28 5 5
28 5 5
28 5 5
28 5 5
28 5 5
# ave_measured_val[1][1] = 530
# hoge
# min_loss : 413  estimate[28] = 0
# min_loss : 237  estimate[28] = 1
# min_loss : 153  estimate[28] = 2
# min_loss : 117  estimate[28] = 3
# min_loss : 65  estimate[28] = 11
29 -5 -5
29 -5 -5
29 -5 -5
29 -5 -5
29 -5 -5
29 -5 -5
29 -5 -5
29 -5 -5
29 -5 -5
29 -5 -5
# ave_measured_val[0][0] = 490
29 -5 5
29 -5 5
29 -5 5
29 -5 5
29 -5 5
29 -5 5
29 -5 5
29 -5 5
29 -5 5
29 -5 5
# ave_measured_val[0][1] = 543
29 5 -5
29 5 -5
29 5 -5
29 5 -5
29 5 -5
29 5 -5
29 5 -5
29 5 -5
29 5 -5
29 5 -5
# ave_measured_val[1][0] = 574
29 5 5
29 5 5
29 5 5
29 5 5
29 5 5
29 5 5
29 5 5
29 5 5
29 5 5
29 5 5
# ave_measured_val[1][1] = 627
# hoge
# min_loss : 394  estimate[29] = 0
# min_loss : 368  estimate[29] = 1
# min_loss : 208  estimate[29] = 2
# min_loss : 100  estimate[29] = 5
# min_loss : 94  estimate[29] = 16
# min_loss : 68  estimate[29] = 28
30 -5 -5
30 -5 -5
30 -5 -5
30 -5 -5
30 -5 -5
30 -5 -5
30 -5 -5
30 -5 -5
30 -5 -5
30 -5 -5
# ave_measured_val[0][0] = 499
30 -5 5
30 -5 5
30 -5 5
30 -5 5
30 -5 5
30 -5 5
30 -5 5
30 -5 5
30 -5 5
30 -5 5
# ave_measured_val[0][1] = 495
30 5 -5
30 5 -5
30 5 -5
30 5 -5
30 5 -5
30 5 -5
30 5 -5
30 5 -5
30 5 -5
30 5 -5
# ave_measured_val[1][0] = 439
30 5 5
30 5 5
30 5 5
30 5 5
30 5 5
30 5 5
30 5 5
30 5 5
30 5 5
30 5 5
# ave_measured_val[1][1] = 427
# hoge
# min_loss : 348  estimate[30] = 0
# min_loss : 138  estimate[30] = 1
# min_loss : 134  estimate[30] = 68
# min_loss : 124  estimate[30] = 69
# min_loss : 98  estimate[30] = 72
31 -5 -5
31 -5 -5
31 -5 -5
31 -5 -5
31 -5 -5
31 -5 -5
31 -5 -5
31 -5 -5
31 -5 -5
31 -5 -5
# ave_measured_val[0][0] = 652
31 -5 5
31 -5 5
31 -5 5
31 -5 5
31 -5 5
31 -5 5
31 -5 5
31 -5 5
31 -5 5
31 -5 5
# ave_measured_val[0][1] = 556
31 5 -5
31 5 -5
31 5 -5
31 5 -5
31 5 -5
31 5 -5
31 5 -5
31 5 -5
31 5 -5
31 5 -5
# ave_measured_val[1][0] = 747
31 5 5
31 5 5
31 5 5
31 5 5
31 5 5
31 5 5
31 5 5
31 5 5
31 5 5
31 5 5
# ave_measured_val[1][1] = 637
# hoge
# min_loss : 752  estimate[31] = 0
# min_loss : 660  estimate[31] = 1
# min_loss : 460  estimate[31] = 2
# min_loss : 452  estimate[31] = 5
# min_loss : 438  estimate[31] = 6
# min_loss : 420  estimate[31] = 14
# min_loss : 406  estimate[31] = 16
# min_loss : 400  estimate[31] = 28
# min_loss : 366  estimate[31] = 29
# min_loss : 326  estimate[31] = 33
# min_loss : 246  estimate[31] = 36
# min_loss : 206  estimate[31] = 39
# min_loss : 166  estimate[31] = 41
# min_loss : 136  estimate[31] = 44
# min_loss : 72  estimate[31] = 46
32 -5 -5
32 -5 -5
32 -5 -5
32 -5 -5
32 -5 -5
32 -5 -5
32 -5 -5
32 -5 -5
32 -5 -5
32 -5 -5
# ave_measured_val[0][0] = 647
32 -5 5
32 -5 5
32 -5 5
32 -5 5
32 -5 5
32 -5 5
32 -5 5
32 -5 5
32 -5 5
32 -5 5
# ave_measured_val[0][1] = 537
32 5 -5
32 5 -5
32 5 -5
32 5 -5
32 5 -5
32 5 -5
32 5 -5
32 5 -5
32 5 -5
32 5 -5
# ave_measured_val[1][0] = 557
32 5 5
32 5 5
32 5 5
32 5 5
32 5 5
32 5 5
32 5 5
32 5 5
32 5 5
32 5 5
# ave_measured_val[1][1] = 463
# hoge
# min_loss : 498  estimate[32] = 0
# min_loss : 310  estimate[32] = 1
# min_loss : 284  estimate[32] = 34
# min_loss : 244  estimate[32] = 38
# min_loss : 204  estimate[32] = 40
# min_loss : 124  estimate[32] = 42
# min_loss : 50  estimate[32] = 45
# min_loss : 42  estimate[32] = 55
33 -5 -5
33 -5 -5
33 -5 -5
33 -5 -5
33 -5 -5
33 -5 -5
33 -5 -5
33 -5 -5
33 -5 -5
33 -5 -5
# ave_measured_val[0][0] = 489
33 -5 5
33 -5 5
33 -5 5
33 -5 5
33 -5 5
33 -5 5
33 -5 5
33 -5 5
33 -5 5
33 -5 5
# ave_measured_val[0][1] = 580
33 5 -5
33 5 -5
33 5 -5
33 5 -5
33 5 -5
33 5 -5
33 5 -5
33 5 -5
33 5 -5
33 5 -5
# ave_measured_val[1][0] = 423
33 5 5
33 5 5
33 5 5
33 5 5
33 5 5
33 5 5
33 5 5
33 5 5
33 5 5
33 5 5
# ave_measured_val[1][1] = 520
# hoge
# min_loss : 346  estimate[33] = 0
# min_loss : 114  estimate[33] = 1
# min_loss : 88  estimate[33] = 3
# min_loss : 72  estimate[33] = 15
# min_loss : 66  estimate[33] = 17
34 -5 -5
34 -5 -5
34 -5 -5
34 -5 -5
34 -5 -5
34 -5 -5
34 -5 -5
34 -5 -5
34 -5 -5
34 -5 -5
# ave_measured_val[0][0] = 488
34 -5 5
34 -5 5
34 -5 5
34 -5 5
34 -5 5
34 -5 5
34 -5 5
34 -5 5
34 -5 5
34 -5 5
# ave_measured_val[0][1] = 599
34 5 -5
34 5 -5
34 5 -5
34 5 -5
34 5 -5
34 5 -5
34 5 -5
34 5 -5
34 5 -5
34 5 -5
# ave_measured_val[1][0] = 598
34 5 5
34 5 5
34 5 5
34 5 5
34 5 5
34 5 5
34 5 5
34 5 5
34 5 5
34 5 5
# ave_measured_val[1][1] = 698
# hoge
# min_loss : 543  estimate[34] = 0
# min_loss : 487  estimate[34] = 1
# min_loss : 249  estimate[34] = 2
# min_loss : 243  estimate[34] = 5
# min_loss : 203  estimate[34] = 6
# min_loss : 169  estimate[34] = 7
# min_loss : 103  estimate[34] = 16
# min_loss : 17  estimate[34] = 20
35 -5 -5
35 -5 -5
35 -5 -5
35 -5 -5
35 -5 -5
35 -5 -5
35 -5 -5
35 -5 -5
35 -5 -5
35 -5 -5
# ave_measured_val[0][0] = 516
35 -5 5
35 -5 5
35 -5 5
35 -5 5
35 -5 5
35 -5 5
35 -5 5
35 -5 5
35 -5 5
35 -5 5
# ave_measured_val[0][1] = 548
35 5 -5
35 5 -5
35 5 -5
35 5 -5
35 5 -5
35 5 -5
35 5 -5
35 5 -5
35 5 -5
35 5 -5
# ave_measured_val[1][0] = 560
35 5 5
35 5 5
35 5 5
35 5 5
35 5 5
35 5 5
35 5 5
35 5 5
35 5 5
35 5 5
# ave_measured_val[1][1] = 610
# hoge
# min_loss : 394  estimate[35] = 0
# min_loss : 318  estimate[35] = 1
# min_loss : 146  estimate[35] = 2
# min_loss : 134  estimate[35] = 5
# min_loss : 118  estimate[35] = 25
# min_loss : 78  estimate[35] = 28
# min_loss : 38  estimate[35] = 32
36 -5 -5
36 -5 -5
36 -5 -5
36 -5 -5
36 -5 -5
36 -5 -5
36 -5 -5
36 -5 -5
36 -5 -5
36 -5 -5
# ave_measured_val[0][0] = 680
36 -5 5
36 -5 5
36 -5 5
36 -5 5
36 -5 5
36 -5 5
36 -5 5
36 -5 5
36 -5 5
36 -5 5
# ave_measured_val[0][1] = 577
36 5 -5
36 5 -5
36 5 -5
36 5 -5
36 5 -5
36 5 -5
36 5 -5
36 5 -5
36 5 -5
36 5 -5
# ave_measured_val[1][0] = 634
36 5 5
36 5 5
36 5 5
36 5 5
36 5 5
36 5 5
36 5 5
36 5 5
36 5 5
36 5 5
# ave_measured_val[1][1] = 520
# hoge
# min_loss : 591  estimate[36] = 0
# min_loss : 471  estimate[36] = 1
# min_loss : 357  estimate[36] = 2
# min_loss : 297  estimate[36] = 34
# min_loss : 289  estimate[36] = 36
# min_loss : 269  estimate[36] = 37
# min_loss : 231  estimate[36] = 40
# min_loss : 191  estimate[36] = 42
# min_loss : 97  estimate[36] = 43
37 -5 -5
37 -5 -5
37 -5 -5
37 -5 -5
37 -5 -5
37 -5 -5
37 -5 -5
37 -5 -5
37 -5 -5
37 -5 -5
# ave_measured_val[0][0] = 608
37 -5 5
37 -5 5
37 -5 5
37 -5 5
37 -5 5
37 -5 5
37 -5 5
37 -5 5
37 -5 5
37 -5 5
# ave_measured_val[0][1] = 544
37 5 -5
37 5 -5
37 5 -5
37 5 -5
37 5 -5
37 5 -5
37 5 -5
37 5 -5
37 5 -5
37 5 -5
# ave_measured_val[1][0] = 739
37 5 5
37 5 5
37 5 5
37 5 5
37 5 5
37 5 5
37 5 5
37 5 5
37 5 5
37 5 5
# ave_measured_val[1][1] = 656
# hoge
# min_loss : 707  estimate[37] = 0
# min_loss : 639  estimate[37] = 1
# min_loss : 439  estimate[37] = 2
# min_loss : 407  estimate[37] = 5
# min_loss : 379  estimate[37] = 6
# min_loss : 347  estimate[37] = 16
# min_loss : 307  estimate[37] = 29
# min_loss : 267  estimate[37] = 33
# min_loss : 231  estimate[37] = 36
# min_loss : 191  estimate[37] = 39
# min_loss : 107  estimate[37] = 41
# min_loss : 71  estimate[37] = 46
38 -5 -5
38 -5 -5
38 -5 -5
38 -5 -5
38 -5 -5
38 -5 -5
38 -5 -5
38 -5 -5
38 -5 -5
38 -5 -5
# ave_measured_val[0][0] = 498
38 -5 5
38 -5 5
38 -5 5
38 -5 5
38 -5 5
38 -5 5
38 -5 5
38 -5 5
38 -5 5
38 -5 5
# ave_measured_val[0][1] = 497
38 5 -5
38 5 -5
38 5 -5
38 5 -5
38 5 -5
38 5 -5
38 5 -5
38 5 -5
38 5 -5
38 5 -5
# ave_measured_val[1][0] = 587
38 5 5
38 5 5
38 5 5
38 5 5
38 5 5
38 5 5
38 5 5
38 5 5
38 5 5
38 5 5
# ave_measured_val[1][1] = 620
# hoge
# min_loss : 362  estimate[38] = 0
# min_loss : 252  estimate[38] = 2
# min_loss : 148  estimate[38] = 5
# min_loss : 128  estimate[38] = 28
# min_loss : 112  estimate[38] = 32
39 -5 -5
39 -5 -5
39 -5 -5
39 -5 -5
39 -5 -5
39 -5 -5
39 -5 -5
39 -5 -5
39 -5 -5
39 -5 -5
# ave_measured_val[0][0] = 641
39 -5 5
39 -5 5
39 -5 5
39 -5 5
39 -5 5
39 -5 5
39 -5 5
39 -5 5
39 -5 5
39 -5 5
# ave_measured_val[0][1] = 537
39 5 -5
39 5 -5
39 5 -5
39 5 -5
39 5 -5
39 5 -5
39 5 -5
39 5 -5
39 5 -5
39 5 -5
# ave_measured_val[1][0] = 538
39 5 5
39 5 5
39 5 5
39 5 5
39 5 5
39 5 5
39 5 5
39 5 5
39 5 5
39 5 5
# ave_measured_val[1][1] = 429
# hoge
# min_loss : 507  estimate[39] = 0
# min_loss : 313  estimate[39] = 1
# min_loss : 293  estimate[39] = 34
# min_loss : 253  estimate[39] = 38
# min_loss : 217  estimate[39] = 40
# min_loss : 157  estimate[39] = 42
# min_loss : 57  estimate[39] = 45
# min_loss : 17  estimate[39] = 60
40 -5 -5
40 -5 -5
40 -5 -5
40 -5 -5
40 -5 -5
40 -5 -5
40 -5 -5
40 -5 -5
40 -5 -5
40 -5 -5
# ave_measured_val[0][0] = 515
40 -5 5
40 -5 5
40 -5 5
40 -5 5
40 -5 5
40 -5 5
40 -5 5
40 -5 5
40 -5 5
40 -5 5
# ave_measured_val[0][1] = 571
40 5 -5
40 5 -5
40 5 -5
40 5 -5
40 5 -5
40 5 -5
40 5 -5
40 5 -5
40 5 -5
40 5 -5
# ave_measured_val[1][0] = 426
40 5 5
40 5 5
40 5 5
40 5 5
40 5 5
40 5 5
40 5 5
40 5 5
40 5 5
40 5 5
# ave_measured_val[1][1] = 469
# hoge
# min_loss : 411  estimate[40] = 0
# min_loss : 41  estimate[40] = 1
41 -5 -5
41 -5 -5
41 -5 -5
41 -5 -5
41 -5 -5
41 -5 -5
41 -5 -5
41 -5 -5
41 -5 -5
41 -5 -5
# ave_measured_val[0][0] = 554
41 -5 5
41 -5 5
41 -5 5
41 -5 5
41 -5 5
41 -5 5
41 -5 5
41 -5 5
41 -5 5
41 -5 5
# ave_measured_val[0][1] = 537
41 5 -5
41 5 -5
41 5 -5
41 5 -5
41 5 -5
41 5 -5
41 5 -5
41 5 -5
41 5 -5
41 5 -5
# ave_measured_val[1][0] = 580
41 5 5
41 5 5
41 5 5
41 5 5
41 5 5
41 5 5
41 5 5
41 5 5
41 5 5
41 5 5
# ave_measured_val[1][1] = 537
# hoge
# min_loss : 368  estimate[41] = 0
# min_loss : 314  estimate[41] = 1
# min_loss : 200  estimate[41] = 2
# min_loss : 180  estimate[41] = 32
# min_loss : 92  estimate[41] = 40
# min_loss : 54  estimate[41] = 71
42 -5 -5
42 -5 -5
42 -5 -5
42 -5 -5
42 -5 -5
42 -5 -5
42 -5 -5
42 -5 -5
42 -5 -5
42 -5 -5
# ave_measured_val[0][0] = 554
42 -5 5
42 -5 5
42 -5 5
42 -5 5
42 -5 5
42 -5 5
42 -5 5
42 -5 5
42 -5 5
42 -5 5
# ave_measured_val[0][1] = 583
42 5 -5
42 5 -5
42 5 -5
42 5 -5
42 5 -5
42 5 -5
42 5 -5
42 5 -5
42 5 -5
42 5 -5
# ave_measured_val[1][0] = 466
42 5 5
42 5 5
42 5 5
42 5 5
42 5 5
42 5 5
42 5 5
42 5 5
42 5 5
42 5 5
# ave_measured_val[1][1] = 476
# hoge
# min_loss : 415  estimate[42] = 0
# min_loss : 139  estimate[42] = 1
# min_loss : 101  estimate[42] = 3
43 -5 -5
43 -5 -5
43 -5 -5
43 -5 -5
43 -5 -5
43 -5 -5
43 -5 -5
43 -5 -5
43 -5 -5
43 -5 -5
# ave_measured_val[0][0] = 503
43 -5 5
43 -5 5
43 -5 5
43 -5 5
43 -5 5
43 -5 5
43 -5 5
43 -5 5
43 -5 5
43 -5 5
# ave_measured_val[0][1] = 443
43 5 -5
43 5 -5
43 5 -5
43 5 -5
43 5 -5
43 5 -5
43 5 -5
43 5 -5
43 5 -5
43 5 -5
# ave_measured_val[1][0] = 604
43 5 5
43 5 5
43 5 5
43 5 5
43 5 5
43 5 5
43 5 5
43 5 5
43 5 5
43 5 5
# ave_measured_val[1][1] = 527
# hoge
# min_loss : 243  estimate[43] = 0
# min_loss : 125  estimate[43] = 52
# min_loss : 123  estimate[43] = 64
# min_loss : 57  estimate[43] = 66
44 -5 -5
44 -5 -5
44 -5 -5
44 -5 -5
44 -5 -5
44 -5 -5
44 -5 -5
44 -5 -5
44 -5 -5
44 -5 -5
# ave_measured_val[0][0] = 483
44 -5 5
44 -5 5
44 -5 5
44 -5 5
44 -5 5
44 -5 5
44 -5 5
44 -5 5
44 -5 5
44 -5 5
# ave_measured_val[0][1] = 563
44 5 -5
44 5 -5
44 5 -5
44 5 -5
44 5 -5
44 5 -5
44 5 -5
44 5 -5
44 5 -5
44 5 -5
# ave_measured_val[1][0] = 445
44 5 5
44 5 5
44 5 5
44 5 5
44 5 5
44 5 5
44 5 5
44 5 5
44 5 5
44 5 5
# ave_measured_val[1][1] = 534
# hoge
# min_loss : 295  estimate[44] = 0
# min_loss : 139  estimate[44] = 1
# min_loss : 133  estimate[44] = 3
# min_loss : 85  estimate[44] = 15
# min_loss : 45  estimate[44] = 17
45 -5 -5
45 -5 -5
45 -5 -5
45 -5 -5
45 -5 -5
45 -5 -5
45 -5 -5
45 -5 -5
45 -5 -5
45 -5 -5
# ave_measured_val[0][0] = 614
45 -5 5
45 -5 5
45 -5 5
45 -5 5
45 -5 5
45 -5 5
45 -5 5
45 -5 5
45 -5 5
45 -5 5
# ave_measured_val[0][1] = 538
45 5 -5
45 5 -5
45 5 -5
45 5 -5
45 5 -5
45 5 -5
45 5 -5
45 5 -5
45 5 -5
45 5 -5
# ave_measured_val[1][0] = 675
45 5 5
45 5 5
45 5 5
45 5 5
45 5 5
45 5 5
45 5 5
45 5 5
45 5 5
45 5 5
# ave_measured_val[1][1] = 577
# hoge
# min_loss : 564  estimate[45] = 0
# min_loss : 508  estimate[45] = 1
# min_loss : 314  estimate[45] = 2
# min_loss : 294  estimate[45] = 32
# min_loss : 246  estimate[45] = 36
# min_loss : 206  estimate[45] = 39
# min_loss : 184  estimate[45] = 41
# min_loss : 132  estimate[45] = 46
# min_loss : 100  estimate[45] = 58
46 -5 -5
46 -5 -5
46 -5 -5
46 -5 -5
46 -5 -5
46 -5 -5
46 -5 -5
46 -5 -5
46 -5 -5
46 -5 -5
# ave_measured_val[0][0] = 577
46 -5 5
46 -5 5
46 -5 5
46 -5 5
46 -5 5
46 -5 5
46 -5 5
46 -5 5
46 -5 5
46 -5 5
# ave_measured_val[0][1] = 485
46 5 -5
46 5 -5
46 5 -5
46 5 -5
46 5 -5
46 5 -5
46 5 -5
46 5 -5
46 5 -5
46 5 -5
# ave_measured_val[1][0] = 606
46 5 5
46 5 5
46 5 5
46 5 5
46 5 5
46 5 5
46 5 5
46 5 5
46 5 5
46 5 5
# ave_measured_val[1][1] = 512
# hoge
# min_loss : 376  estimate[46] = 0
# min_loss : 326  estimate[46] = 2
# min_loss : 306  estimate[46] = 32
# min_loss : 256  estimate[46] = 38
# min_loss : 186  estimate[46] = 40
# min_loss : 156  estimate[46] = 42
# min_loss : 80  estimate[46] = 52
# min_loss : 64  estimate[46] = 64
47 -5 -5
47 -5 -5
47 -5 -5
47 -5 -5
47 -5 -5
47 -5 -5
47 -5 -5
47 -5 -5
47 -5 -5
47 -5 -5
# ave_measured_val[0][0] = 421
47 -5 5
47 -5 5
47 -5 5
47 -5 5
47 -5 5
47 -5 5
47 -5 5
47 -5 5
47 -5 5
47 -5 5
# ave_measured_val[0][1] = 400
47 5 -5
47 5 -5
47 5 -5
47 5 -5
47 5 -5
47 5 -5
47 5 -5
47 5 -5
47 5 -5
47 5 -5
# ave_measured_val[1][0] = 517
47 5 5
47 5 5
47 5 5
47 5 5
47 5 5
47 5 5
47 5 5
47 5 5
47 5 5
47 5 5
# ave_measured_val[1][1] = 520
# hoge
# min_loss : 78  estimate[47] = 0
48 -5 -5
48 -5 -5
48 -5 -5
48 -5 -5
48 -5 -5
48 -5 -5
48 -5 -5
48 -5 -5
48 -5 -5
48 -5 -5
# ave_measured_val[0][0] = 377
48 -5 5
48 -5 5
48 -5 5
48 -5 5
48 -5 5
48 -5 5
48 -5 5
48 -5 5
48 -5 5
48 -5 5
# ave_measured_val[0][1] = 493
48 5 -5
48 5 -5
48 5 -5
48 5 -5
48 5 -5
48 5 -5
48 5 -5
48 5 -5
48 5 -5
48 5 -5
# ave_measured_val[1][0] = 414
48 5 5
48 5 5
48 5 5
48 5 5
48 5 5
48 5 5
48 5 5
48 5 5
48 5 5
48 5 5
# ave_measured_val[1][1] = 537
# hoge
# min_loss : 179  estimate[48] = 0
# min_loss : 59  estimate[48] = 4
49 -5 -5
49 -5 -5
49 -5 -5
49 -5 -5
49 -5 -5
49 -5 -5
49 -5 -5
49 -5 -5
49 -5 -5
49 -5 -5
# ave_measured_val[0][0] = 649
49 -5 5
49 -5 5
49 -5 5
49 -5 5
49 -5 5
49 -5 5
49 -5 5
49 -5 5
49 -5 5
49 -5 5
# ave_measured_val[0][1] = 641
49 5 -5
49 5 -5
49 5 -5
49 5 -5
49 5 -5
49 5 -5
49 5 -5
49 5 -5
49 5 -5
49 5 -5
# ave_measured_val[1][0] = 662
49 5 5
49 5 5
49 5 5
49 5 5
49 5 5
49 5 5
49 5 5
49 5 5
49 5 5
49 5 5
# ave_measured_val[1][1] = 650
# hoge
# min_loss : 762  estimate[49] = 0
# min_loss : 662  estimate[49] = 1
# min_loss : 382  estimate[49] = 2
# min_loss : 340  estimate[49] = 10
# min_loss : 282  estimate[49] = 14
# min_loss : 220  estimate[49] = 21
# min_loss : 180  estimate[49] = 30
# min_loss : 60  estimate[49] = 36
# min_loss : 58  estimate[49] = 39
50 -5 -5
50 -5 -5
50 -5 -5
50 -5 -5
50 -5 -5
50 -5 -5
50 -5 -5
50 -5 -5
50 -5 -5
50 -5 -5
# ave_measured_val[0][0] = 575
50 -5 5
50 -5 5
50 -5 5
50 -5 5
50 -5 5
50 -5 5
50 -5 5
50 -5 5
50 -5 5
50 -5 5
# ave_measured_val[0][1] = 474
50 5 -5
50 5 -5
50 5 -5
50 5 -5
50 5 -5
50 5 -5
50 5 -5
50 5 -5
50 5 -5
50 5 -5
# ave_measured_val[1][0] = 487
50 5 5
50 5 5
50 5 5
50 5 5
50 5 5
50 5 5
50 5 5
50 5 5
50 5 5
50 5 5
# ave_measured_val[1][1] = 405
# hoge
# min_loss : 377  estimate[50] = 0
# min_loss : 283  estimate[50] = 1
# min_loss : 259  estimate[50] = 38
# min_loss : 217  estimate[50] = 52
# min_loss : 69  estimate[50] = 56
# min_loss : 49  estimate[50] = 62
51 -5 -5
51 -5 -5
51 -5 -5
51 -5 -5
51 -5 -5
51 -5 -5
51 -5 -5
51 -5 -5
51 -5 -5
51 -5 -5
# ave_measured_val[0][0] = 635
51 -5 5
51 -5 5
51 -5 5
51 -5 5
51 -5 5
51 -5 5
51 -5 5
51 -5 5
51 -5 5
51 -5 5
# ave_measured_val[0][1] = 645
51 5 -5
51 5 -5
51 5 -5
51 5 -5
51 5 -5
51 5 -5
51 5 -5
51 5 -5
51 5 -5
51 5 -5
# ave_measured_val[1][0] = 652
51 5 5
51 5 5
51 5 5
51 5 5
51 5 5
51 5 5
51 5 5
51 5 5
51 5 5
51 5 5
# ave_measured_val[1][1] = 664
# hoge
# min_loss : 756  estimate[51] = 0
# min_loss : 656  estimate[51] = 1
# min_loss : 376  estimate[51] = 2
# min_loss : 326  estimate[51] = 10
# min_loss : 276  estimate[51] = 14
# min_loss : 268  estimate[51] = 20
# min_loss : 178  estimate[51] = 21
# min_loss : 138  estimate[51] = 30
# min_loss : 18  estimate[51] = 36
52 -5 -5
52 -5 -5
52 -5 -5
52 -5 -5
52 -5 -5
52 -5 -5
52 -5 -5
52 -5 -5
52 -5 -5
52 -5 -5
# ave_measured_val[0][0] = 414
52 -5 5
52 -5 5
52 -5 5
52 -5 5
52 -5 5
52 -5 5
52 -5 5
52 -5 5
52 -5 5
52 -5 5
# ave_measured_val[0][1] = 464
52 5 -5
52 5 -5
52 5 -5
52 5 -5
52 5 -5
52 5 -5
52 5 -5
52 5 -5
52 5 -5
52 5 -5
# ave_measured_val[1][0] = 516
52 5 5
52 5 5
52 5 5
52 5 5
52 5 5
52 5 5
52 5 5
52 5 5
52 5 5
52 5 5
# ave_measured_val[1][1] = 546
# hoge
# min_loss : 100  estimate[52] = 0
53 -5 -5
53 -5 -5
53 -5 -5
53 -5 -5
53 -5 -5
53 -5 -5
53 -5 -5
53 -5 -5
53 -5 -5
53 -5 -5
# ave_measured_val[0][0] = 712
53 -5 5
53 -5 5
53 -5 5
53 -5 5
53 -5 5
53 -5 5
53 -5 5
53 -5 5
53 -5 5
53 -5 5
# ave_measured_val[0][1] = 602
53 5 -5
53 5 -5
53 5 -5
53 5 -5
53 5 -5
53 5 -5
53 5 -5
53 5 -5
53 5 -5
53 5 -5
# ave_measured_val[1][0] = 610
53 5 5
53 5 5
53 5 5
53 5 5
53 5 5
53 5 5
53 5 5
53 5 5
53 5 5
53 5 5
# ave_measured_val[1][1] = 506
# hoge
# min_loss : 638  estimate[53] = 0
# min_loss : 490  estimate[53] = 1
# min_loss : 358  estimate[53] = 2
# min_loss : 294  estimate[53] = 34
# min_loss : 254  estimate[53] = 38
# min_loss : 218  estimate[53] = 42
# min_loss : 94  estimate[53] = 43
# min_loss : 14  estimate[53] = 47
54 -5 -5
54 -5 -5
54 -5 -5
54 -5 -5
54 -5 -5
54 -5 -5
54 -5 -5
54 -5 -5
54 -5 -5
54 -5 -5
# ave_measured_val[0][0] = 559
54 -5 5
54 -5 5
54 -5 5
54 -5 5
54 -5 5
54 -5 5
54 -5 5
54 -5 5
54 -5 5
54 -5 5
# ave_measured_val[0][1] = 462
54 5 -5
54 5 -5
54 5 -5
54 5 -5
54 5 -5
54 5 -5
54 5 -5
54 5 -5
54 5 -5
54 5 -5
# ave_measured_val[1][0] = 499
54 5 5
54 5 5
54 5 5
54 5 5
54 5 5
54 5 5
54 5 5
54 5 5
54 5 5
54 5 5
# ave_measured_val[1][1] = 402
# hoge
# min_loss : 340  estimate[54] = 0
# min_loss : 294  estimate[54] = 1
# min_loss : 278  estimate[54] = 45
# min_loss : 182  estimate[54] = 52
# min_loss : 82  estimate[54] = 56
# min_loss : 80  estimate[54] = 62
# min_loss : 60  estimate[54] = 63
55 -5 -5
55 -5 -5
55 -5 -5
55 -5 -5
55 -5 -5
55 -5 -5
55 -5 -5
55 -5 -5
55 -5 -5
55 -5 -5
# ave_measured_val[0][0] = 472
55 -5 5
55 -5 5
55 -5 5
55 -5 5
55 -5 5
55 -5 5
55 -5 5
55 -5 5
55 -5 5
55 -5 5
# ave_measured_val[0][1] = 492
55 5 -5
55 5 -5
55 5 -5
55 5 -5
55 5 -5
55 5 -5
55 5 -5
55 5 -5
55 5 -5
55 5 -5
# ave_measured_val[1][0] = 580
55 5 5
55 5 5
55 5 5
55 5 5
55 5 5
55 5 5
55 5 5
55 5 5
55 5 5
55 5 5
# ave_measured_val[1][1] = 588
# hoge
# min_loss : 292  estimate[55] = 0
# min_loss : 244  estimate[55] = 2
# min_loss : 152  estimate[55] = 5
# min_loss : 148  estimate[55] = 32
# min_loss : 112  estimate[55] = 70
56 -5 -5
56 -5 -5
56 -5 -5
56 -5 -5
56 -5 -5
56 -5 -5
56 -5 -5
56 -5 -5
56 -5 -5
56 -5 -5
# ave_measured_val[0][0] = 593
56 -5 5
56 -5 5
56 -5 5
56 -5 5
56 -5 5
56 -5 5
56 -5 5
56 -5 5
56 -5 5
56 -5 5
# ave_measured_val[0][1] = 632
56 5 -5
56 5 -5
56 5 -5
56 5 -5
56 5 -5
56 5 -5
56 5 -5
56 5 -5
56 5 -5
56 5 -5
# ave_measured_val[1][0] = 674
56 5 5
56 5 5
56 5 5
56 5 5
56 5 5
56 5 5
56 5 5
56 5 5
56 5 5
56 5 5
# ave_measured_val[1][1] = 710
# hoge
# min_loss : 769  estimate[56] = 0
# min_loss : 669  estimate[56] = 1
# min_loss : 389  estimate[56] = 2
# min_loss : 365  estimate[56] = 10
# min_loss : 289  estimate[56] = 14
# min_loss : 209  estimate[56] = 20
# min_loss : 145  estimate[56] = 21
# min_loss : 125  estimate[56] = 27
# min_loss : 85  estimate[56] = 30
# min_loss : 83  estimate[56] = 39
57 -5 -5
57 -5 -5
57 -5 -5
57 -5 -5
57 -5 -5
57 -5 -5
57 -5 -5
57 -5 -5
57 -5 -5
57 -5 -5
# ave_measured_val[0][0] = 694
57 -5 5
57 -5 5
57 -5 5
57 -5 5
57 -5 5
57 -5 5
57 -5 5
57 -5 5
57 -5 5
57 -5 5
# ave_measured_val[0][1] = 713
57 5 -5
57 5 -5
57 5 -5
57 5 -5
57 5 -5
57 5 -5
57 5 -5
57 5 -5
57 5 -5
57 5 -5
# ave_measured_val[1][0] = 600
57 5 5
57 5 5
57 5 5
57 5 5
57 5 5
57 5 5
57 5 5
57 5 5
57 5 5
57 5 5
# ave_measured_val[1][1] = 621
# hoge
# min_loss : 788  estimate[57] = 0
# min_loss : 688  estimate[57] = 1
# min_loss : 408  estimate[57] = 2
# min_loss : 348  estimate[57] = 10
# min_loss : 326  estimate[57] = 14
# min_loss : 266  estimate[57] = 21
# min_loss : 160  estimate[57] = 23
# min_loss : 120  estimate[57] = 31
58 -5 -5
58 -5 -5
58 -5 -5
58 -5 -5
58 -5 -5
58 -5 -5
58 -5 -5
58 -5 -5
58 -5 -5
58 -5 -5
# ave_measured_val[0][0] = 628
58 -5 5
58 -5 5
58 -5 5
58 -5 5
58 -5 5
58 -5 5
58 -5 5
58 -5 5
58 -5 5
58 -5 5
# ave_measured_val[0][1] = 568
58 5 -5
58 5 -5
58 5 -5
58 5 -5
58 5 -5
58 5 -5
58 5 -5
58 5 -5
58 5 -5
58 5 -5
# ave_measured_val[1][0] = 738
58 5 5
58 5 5
58 5 5
58 5 5
58 5 5
58 5 5
58 5 5
58 5 5
58 5 5
58 5 5
# ave_measured_val[1][1] = 642
# hoge
# min_loss : 736  estimate[58] = 0
# min_loss : 636  estimate[58] = 1
# min_loss : 420  estimate[58] = 2
# min_loss : 412  estimate[58] = 6
# min_loss : 380  estimate[58] = 14
# min_loss : 356  estimate[58] = 16
# min_loss : 316  estimate[58] = 29
# min_loss : 292  estimate[58] = 33
# min_loss : 200  estimate[58] = 36
# min_loss : 160  estimate[58] = 39
# min_loss : 116  estimate[58] = 41
# min_loss : 60  estimate[58] = 46
59 -5 -5
59 -5 -5
59 -5 -5
59 -5 -5
59 -5 -5
59 -5 -5
59 -5 -5
59 -5 -5
59 -5 -5
59 -5 -5
# ave_measured_val[0][0] = 662
59 -5 5
59 -5 5
59 -5 5
59 -5 5
59 -5 5
59 -5 5
59 -5 5
59 -5 5
59 -5 5
59 -5 5
# ave_measured_val[0][1] = 565
59 5 -5
59 5 -5
59 5 -5
59 5 -5
59 5 -5
59 5 -5
59 5 -5
59 5 -5
59 5 -5
59 5 -5
# ave_measured_val[1][0] = 589
59 5 5
59 5 5
59 5 5
59 5 5
59 5 5
59 5 5
59 5 5
59 5 5
59 5 5
59 5 5
# ave_measured_val[1][1] = 468
# hoge
# min_loss : 568  estimate[59] = 0
# min_loss : 344  estimate[59] = 1
# min_loss : 298  estimate[59] = 34
# min_loss : 258  estimate[59] = 38
# min_loss : 218  estimate[59] = 40
# min_loss : 148  estimate[59] = 42
# min_loss : 134  estimate[59] = 43
# min_loss : 84  estimate[59] = 45
# min_loss : 54  estimate[59] = 51
# min_loss : 44  estimate[59] = 55
# min_loss : 34  estimate[59] = 61
60 -5 -5
60 -5 -5
60 -5 -5
60 -5 -5
60 -5 -5
60 -5 -5
60 -5 -5
60 -5 -5
60 -5 -5
60 -5 -5
# ave_measured_val[0][0] = 598
60 -5 5
60 -5 5
60 -5 5
60 -5 5
60 -5 5
60 -5 5
60 -5 5
60 -5 5
60 -5 5
60 -5 5
# ave_measured_val[0][1] = 556
60 5 -5
60 5 -5
60 5 -5
60 5 -5
60 5 -5
60 5 -5
60 5 -5
60 5 -5
60 5 -5
60 5 -5
# ave_measured_val[1][0] = 547
60 5 5
60 5 5
60 5 5
60 5 5
60 5 5
60 5 5
60 5 5
60 5 5
60 5 5
60 5 5
# ave_measured_val[1][1] = 509
# hoge
# min_loss : 412  estimate[60] = 0
# min_loss : 278  estimate[60] = 1
# min_loss : 220  estimate[60] = 2
# min_loss : 206  estimate[60] = 32
# min_loss : 164  estimate[60] = 35
# min_loss : 120  estimate[60] = 38
# min_loss : 80  estimate[60] = 40
# min_loss : 10  estimate[60] = 42
61 -5 -5
61 -5 -5
61 -5 -5
61 -5 -5
61 -5 -5
61 -5 -5
61 -5 -5
61 -5 -5
61 -5 -5
61 -5 -5
# ave_measured_val[0][0] = 688
61 -5 5
61 -5 5
61 -5 5
61 -5 5
61 -5 5
61 -5 5
61 -5 5
61 -5 5
61 -5 5
61 -5 5
# ave_measured_val[0][1] = 576
61 5 -5
61 5 -5
61 5 -5
61 5 -5
61 5 -5
61 5 -5
61 5 -5
61 5 -5
61 5 -5
61 5 -5
# ave_measured_val[1][0] = 575
61 5 5
61 5 5
61 5 5
61 5 5
61 5 5
61 5 5
61 5 5
61 5 5
61 5 5
61 5 5
# ave_measured_val[1][1] = 469
# hoge
# min_loss : 590  estimate[61] = 0
# min_loss : 368  estimate[61] = 1
# min_loss : 358  estimate[61] = 2
# min_loss : 298  estimate[61] = 34
# min_loss : 258  estimate[61] = 38
# min_loss : 230  estimate[61] = 40
# min_loss : 170  estimate[61] = 42
# min_loss : 108  estimate[61] = 43
# min_loss : 92  estimate[61] = 48
# min_loss : 28  estimate[61] = 51
62 -5 -5
62 -5 -5
62 -5 -5
62 -5 -5
62 -5 -5
62 -5 -5
62 -5 -5
62 -5 -5
62 -5 -5
62 -5 -5
# ave_measured_val[0][0] = 531
62 -5 5
62 -5 5
62 -5 5
62 -5 5
62 -5 5
62 -5 5
62 -5 5
62 -5 5
62 -5 5
62 -5 5
# ave_measured_val[0][1] = 631
62 5 -5
62 5 -5
62 5 -5
62 5 -5
62 5 -5
62 5 -5
62 5 -5
62 5 -5
62 5 -5
62 5 -5
# ave_measured_val[1][0] = 613
62 5 5
62 5 5
62 5 5
62 5 5
62 5 5
62 5 5
62 5 5
62 5 5
62 5 5
62 5 5
# ave_measured_val[1][1] = 708
# hoge
# min_loss : 643  estimate[62] = 0
# min_loss : 543  estimate[62] = 1
# min_loss : 263  estimate[62] = 2
# min_loss : 163  estimate[62] = 14
# min_loss : 83  estimate[62] = 20
# min_loss : 79  estimate[62] = 21
# min_loss : 77  estimate[62] = 27
# min_loss : 41  estimate[62] = 29
63 -5 -5
63 -5 -5
63 -5 -5
63 -5 -5
63 -5 -5
63 -5 -5
63 -5 -5
63 -5 -5
63 -5 -5
63 -5 -5
# ave_measured_val[0][0] = 626
63 -5 5
63 -5 5
63 -5 5
63 -5 5
63 -5 5
63 -5 5
63 -5 5
63 -5 5
63 -5 5
63 -5 5
# ave_measured_val[0][1] = 734
63 5 -5
63 5 -5
63 5 -5
63 5 -5
63 5 -5
63 5 -5
63 5 -5
63 5 -5
63 5 -5
63 5 -5
# ave_measured_val[1][0] = 523
63 5 5
63 5 5
63 5 5
63 5 5
63 5 5
63 5 5
63 5 5
63 5 5
63 5 5
63 5 5
# ave_measured_val[1][1] = 635
# hoge
# min_loss : 678  estimate[63] = 0
# min_loss : 578  estimate[63] = 1
# min_loss : 298  estimate[63] = 2
# min_loss : 238  estimate[63] = 10
# min_loss : 212  estimate[63] = 14
# min_loss : 82  estimate[63] = 23
# min_loss : 50  estimate[63] = 24
64 -5 -5
64 -5 -5
64 -5 -5
64 -5 -5
64 -5 -5
64 -5 -5
64 -5 -5
64 -5 -5
64 -5 -5
64 -5 -5
# ave_measured_val[0][0] = 682
64 -5 5
64 -5 5
64 -5 5
64 -5 5
64 -5 5
64 -5 5
64 -5 5
64 -5 5
64 -5 5
64 -5 5
# ave_measured_val[0][1] = 661
64 5 -5
64 5 -5
64 5 -5
64 5 -5
64 5 -5
64 5 -5
64 5 -5
64 5 -5
64 5 -5
64 5 -5
# ave_measured_val[1][0] = 597
64 5 5
64 5 5
64 5 5
64 5 5
64 5 5
64 5 5
64 5 5
64 5 5
64 5 5
64 5 5
# ave_measured_val[1][1] = 571
# hoge
# min_loss : 671  estimate[64] = 0
# min_loss : 571  estimate[64] = 1
# min_loss : 309  estimate[64] = 2
# min_loss : 269  estimate[64] = 10
# min_loss : 255  estimate[64] = 21
# min_loss : 247  estimate[64] = 23
# min_loss : 207  estimate[64] = 31
# min_loss : 129  estimate[64] = 34
# min_loss : 111  estimate[64] = 43
65 -5 -5
65 -5 -5
65 -5 -5
65 -5 -5
65 -5 -5
65 -5 -5
65 -5 -5
65 -5 -5
65 -5 -5
65 -5 -5
# ave_measured_val[0][0] = 393
65 -5 5
65 -5 5
65 -5 5
65 -5 5
65 -5 5
65 -5 5
65 -5 5
65 -5 5
65 -5 5
65 -5 5
# ave_measured_val[0][1] = 436
65 5 -5
65 5 -5
65 5 -5
65 5 -5
65 5 -5
65 5 -5
65 5 -5
65 5 -5
65 5 -5
65 5 -5
# ave_measured_val[1][0] = 477
65 5 5
65 5 5
65 5 5
65 5 5
65 5 5
65 5 5
65 5 5
65 5 5
65 5 5
65 5 5
# ave_measured_val[1][1] = 526
# hoge
# min_loss : 46  estimate[65] = 0
66 -5 -5
66 -5 -5
66 -5 -5
66 -5 -5
66 -5 -5
66 -5 -5
66 -5 -5
66 -5 -5
66 -5 -5
66 -5 -5
# ave_measured_val[0][0] = 523
66 -5 5
66 -5 5
66 -5 5
66 -5 5
66 -5 5
66 -5 5
66 -5 5
66 -5 5
66 -5 5
66 -5 5
# ave_measured_val[0][1] = 515
66 5 -5
66 5 -5
66 5 -5
66 5 -5
66 5 -5
66 5 -5
66 5 -5
66 5 -5
66 5 -5
66 5 -5
# ave_measured_val[1][0] = 454
66 5 5
66 5 5
66 5 5
66 5 5
66 5 5
66 5 5
66 5 5
66 5 5
66 5 5
66 5 5
# ave_measured_val[1][1] = 410
# hoge
# min_loss : 394  estimate[66] = 0
# min_loss : 152  estimate[66] = 1
# min_loss : 148  estimate[66] = 56
# min_loss : 88  estimate[66] = 68
# min_loss : 86  estimate[66] = 72
67 -5 -5
67 -5 -5
67 -5 -5
67 -5 -5
67 -5 -5
67 -5 -5
67 -5 -5
67 -5 -5
67 -5 -5
67 -5 -5
# ave_measured_val[0][0] = 446
67 -5 5
67 -5 5
67 -5 5
67 -5 5
67 -5 5
67 -5 5
67 -5 5
67 -5 5
67 -5 5
67 -5 5
# ave_measured_val[0][1] = 418
67 5 -5
67 5 -5
67 5 -5
67 5 -5
67 5 -5
67 5 -5
67 5 -5
67 5 -5
67 5 -5
67 5 -5
# ave_measured_val[1][0] = 549
67 5 5
67 5 5
67 5 5
67 5 5
67 5 5
67 5 5
67 5 5
67 5 5
67 5 5
67 5 5
# ave_measured_val[1][1] = 513
# hoge
# min_loss : 124  estimate[67] = 0
# min_loss : 94  estimate[67] = 66
68 -5 -5
68 -5 -5
68 -5 -5
68 -5 -5
68 -5 -5
68 -5 -5
68 -5 -5
68 -5 -5
68 -5 -5
68 -5 -5
# ave_measured_val[0][0] = 589
68 -5 5
68 -5 5
68 -5 5
68 -5 5
68 -5 5
68 -5 5
68 -5 5
68 -5 5
68 -5 5
68 -5 5
# ave_measured_val[0][1] = 688
68 5 -5
68 5 -5
68 5 -5
68 5 -5
68 5 -5
68 5 -5
68 5 -5
68 5 -5
68 5 -5
68 5 -5
# ave_measured_val[1][0] = 499
68 5 5
68 5 5
68 5 5
68 5 5
68 5 5
68 5 5
68 5 5
68 5 5
68 5 5
68 5 5
# ave_measured_val[1][1] = 601
# hoge
# min_loss : 539  estimate[68] = 0
# min_loss : 437  estimate[68] = 1
# min_loss : 179  estimate[68] = 2
# min_loss : 97  estimate[68] = 10
69 -5 -5
69 -5 -5
69 -5 -5
69 -5 -5
69 -5 -5
69 -5 -5
69 -5 -5
69 -5 -5
69 -5 -5
69 -5 -5
# ave_measured_val[0][0] = 681
69 -5 5
69 -5 5
69 -5 5
69 -5 5
69 -5 5
69 -5 5
69 -5 5
69 -5 5
69 -5 5
69 -5 5
# ave_measured_val[0][1] = 572
69 5 -5
69 5 -5
69 5 -5
69 5 -5
69 5 -5
69 5 -5
69 5 -5
69 5 -5
69 5 -5
69 5 -5
# ave_measured_val[1][0] = 569
69 5 5
69 5 5
69 5 5
69 5 5
69 5 5
69 5 5
69 5 5
69 5 5
69 5 5
69 5 5
# ave_measured_val[1][1] = 495
# hoge
# min_loss : 547  estimate[69] = 0
# min_loss : 377  estimate[69] = 1
# min_loss : 323  estimate[69] = 2
# min_loss : 263  estimate[69] = 34
# min_loss : 223  estimate[69] = 38
# min_loss : 187  estimate[69] = 40
# min_loss : 127  estimate[69] = 42
# min_loss : 85  estimate[69] = 43
# min_loss : 83  estimate[69] = 48
# min_loss : 35  estimate[69] = 51
70 -5 -5
70 -5 -5
70 -5 -5
70 -5 -5
70 -5 -5
70 -5 -5
70 -5 -5
70 -5 -5
70 -5 -5
70 -5 -5
# ave_measured_val[0][0] = 529
70 -5 5
70 -5 5
70 -5 5
70 -5 5
70 -5 5
70 -5 5
70 -5 5
70 -5 5
70 -5 5
70 -5 5
# ave_measured_val[0][1] = 582
70 5 -5
70 5 -5
70 5 -5
70 5 -5
70 5 -5
70 5 -5
70 5 -5
70 5 -5
70 5 -5
70 5 -5
# ave_measured_val[1][0] = 532
70 5 5
70 5 5
70 5 5
70 5 5
70 5 5
70 5 5
70 5 5
70 5 5
70 5 5
70 5 5
# ave_measured_val[1][1] = 564
# hoge
# min_loss : 367  estimate[70] = 0
# min_loss : 267  estimate[70] = 1
# min_loss : 57  estimate[70] = 2
71 -5 -5
71 -5 -5
71 -5 -5
71 -5 -5
71 -5 -5
71 -5 -5
71 -5 -5
71 -5 -5
71 -5 -5
71 -5 -5
# ave_measured_val[0][0] = 496
71 -5 5
71 -5 5
71 -5 5
71 -5 5
71 -5 5
71 -5 5
71 -5 5
71 -5 5
71 -5 5
71 -5 5
# ave_measured_val[0][1] = 589
71 5 -5
71 5 -5
71 5 -5
71 5 -5
71 5 -5
71 5 -5
71 5 -5
71 5 -5
71 5 -5
71 5 -5
# ave_measured_val[1][0] = 542
71 5 5
71 5 5
71 5 5
71 5 5
71 5 5
71 5 5
71 5 5
71 5 5
71 5 5
71 5 5
# ave_measured_val[1][1] = 673
# hoge
# min_loss : 460  estimate[71] = 0
# min_loss : 388  estimate[71] = 1
# min_loss : 170  estimate[71] = 2
# min_loss : 160  estimate[71] = 5
# min_loss : 120  estimate[71] = 6
# min_loss : 102  estimate[71] = 7
# min_loss : 76  estimate[71] = 16
72 -5 -5
72 -5 -5
72 -5 -5
72 -5 -5
72 -5 -5
72 -5 -5
72 -5 -5
72 -5 -5
72 -5 -5
72 -5 -5
# ave_measured_val[0][0] = 547
72 -5 5
72 -5 5
72 -5 5
72 -5 5
72 -5 5
72 -5 5
72 -5 5
72 -5 5
72 -5 5
72 -5 5
# ave_measured_val[0][1] = 642
72 5 -5
72 5 -5
72 5 -5
72 5 -5
72 5 -5
72 5 -5
72 5 -5
72 5 -5
72 5 -5
72 5 -5
# ave_measured_val[1][0] = 626
72 5 5
72 5 5
72 5 5
72 5 5
72 5 5
72 5 5
72 5 5
72 5 5
72 5 5
72 5 5
# ave_measured_val[1][1] = 736
# hoge
# min_loss : 711  estimate[72] = 0
# min_loss : 611  estimate[72] = 1
# min_loss : 331  estimate[72] = 2
# min_loss : 293  estimate[72] = 10
# min_loss : 231  estimate[72] = 14
# min_loss : 151  estimate[72] = 20
# min_loss : 93  estimate[72] = 21
# min_loss : 27  estimate[72] = 27
-1 -1 -1
64
37
13
11
54
57
62
55
33
63
50
6
29
60
0
16
5
47
6
16
52
23
56
70
54
53
71
20
11
28
72
46
55
17
20
32
43
46
32
60
1
71
3
66
17
58
64
0
4
39
62
36
0
47
63
70
39
31
46
61
42
51
29
24
43
0
72
66
10
51
2
16
27
