510 520 530 540 550 560 570 580 590 600 610 620 630 620 610 600 590 580 570 560 550 540 530 520 510 500
520 530 540 550 560 570 580 590 600 610 620 630 640 630 620 610 600 590 580 570 560 550 540 530 520 510
530 540 550 560 570 580 590 600 610 620 630 640 650 640 630 620 610 600 590 580 570 560 550 540 530 520
540 550 560 570 580 590 600 610 620 630 640 650 660 650 640 630 620 610 600 590 580 570 560 550 540 530
550 560 570 580 590 600 610 620 630 640 650 660 670 660 650 640 630 620 610 600 590 580 570 560 550 540
560 570 580 590 600 610 620 630 640 650 660 670 680 670 660 650 640 630 620 610 600 590 580 570 560 550
570 580 590 600 610 620 630 640 650 660 670 680 690 680 670 660 650 640 630 620 610 600 590 580 570 560
580 590 600 610 620 630 640 650 660 670 680 690 700 690 680 670 660 650 640 630 620 610 600 590 580 570
590 600 610 620 630 640 650 660 670 680 690 700 710 700 690 680 670 660 650 640 630 620 610 600 590 580
600 610 620 630 640 650 660 670 680 690 700 710 720 710 700 690 680 670 660 650 640 630 620 610 600 590
610 620 630 640 650 660 670 680 690 700 710 720 730 720 710 700 690 680 670 660 650 640 630 620 610 600
620 630 640 650 660 670 680 690 700 710 720 730 740 730 720 710 700 690 680 670 660 650 640 630 620 610
630 640 650 660 670 680 690 700 710 720 730 740 750 740 730 720 710 700 690 680 670 660 650 640 630 620
620 630 640 650 660 670 680 690 700 710 720 730 740 730 720 710 700 690 680 670 660 650 640 630 620 610
610 620 630 640 650 660 670 680 690 700 710 720 730 720 710 700 690 680 670 660 650 640 630 620 610 600
600 610 620 630 640 650 660 670 680 690 700 710 720 710 700 690 680 670 660 650 640 630 620 610 600 590
590 600 610 620 630 640 650 660 670 680 690 700 710 700 690 680 670 660 650 640 630 620 610 600 590 580
580 590 600 610 620 630 640 650 660 670 680 690 700 690 680 670 660 650 640 630 620 610 600 590 580 570
570 580 590 600 610 620 630 640 650 660 670 680 690 680 670 660 650 640 630 620 610 600 590 580 570 560
560 570 580 590 600 610 620 630 640 650 660 670 680 670 660 650 640 630 620 610 600 590 580 570 560 550
550 560 570 580 590 600 610 620 630 640 650 660 670 660 650 640 630 620 610 600 590 580 570 560 550 540
540 550 560 570 580 590 600 610 620 630 640 650 660 650 640 630 620 610 600 590 580 570 560 550 540 530
530 540 550 560 570 580 590 600 610 620 630 640 650 640 630 620 610 600 590 580 570 560 550 540 530 520
520 530 540 550 560 570 580 590 600 610 620 630 640 630 620 610 600 590 580 570 560 550 540 530 520 510
510 520 530 540 550 560 570 580 590 600 610 620 630 620 610 600 590 580 570 560 550 540 530 520 510 500
500 510 520 530 540 550 560 570 580 590 600 610 620 610 600 590 580 570 560 550 540 530 520 510 500 490
0 -5 -5
0 -5 -5
0 -5 -5
0 -5 -5
0 -5 -5
0 -5 -5
0 -5 -5
0 -5 -5
0 -5 -5
0 -5 -5
# ave_measured_val[0][0] = 604
0 -5 5
0 -5 5
0 -5 5
0 -5 5
0 -5 5
0 -5 5
0 -5 5
0 -5 5
0 -5 5
0 -5 5
# ave_measured_val[0][1] = 544
0 5 -5
0 5 -5
0 5 -5
0 5 -5
0 5 -5
0 5 -5
0 5 -5
0 5 -5
0 5 -5
0 5 -5
# ave_measured_val[1][0] = 690
0 5 5
0 5 5
0 5 5
0 5 5
0 5 5
0 5 5
0 5 5
0 5 5
0 5 5
0 5 5
# ave_measured_val[1][1] = 632
# hoge
# min_loss : 202  estimate[0] = 0
# min_loss : 198  estimate[0] = 2
# min_loss : 118  estimate[0] = 36
# min_loss : 58  estimate[0] = 40
# min_loss : 14  estimate[0] = 43
1 -5 -5
1 -5 -5
1 -5 -5
1 -5 -5
1 -5 -5
1 -5 -5
1 -5 -5
1 -5 -5
1 -5 -5
1 -5 -5
# ave_measured_val[0][0] = 506
1 -5 5
1 -5 5
1 -5 5
1 -5 5
1 -5 5
1 -5 5
1 -5 5
1 -5 5
1 -5 5
1 -5 5
# ave_measured_val[0][1] = 606
1 5 -5
1 5 -5
1 5 -5
1 5 -5
1 5 -5
1 5 -5
1 5 -5
1 5 -5
1 5 -5
1 5 -5
# ave_measured_val[1][0] = 584
1 5 5
1 5 5
1 5 5
1 5 5
1 5 5
1 5 5
1 5 5
1 5 5
1 5 5
1 5 5
# ave_measured_val[1][1] = 706
# hoge
# min_loss : 182  estimate[1] = 0
# min_loss : 142  estimate[1] = 2
# min_loss : 90  estimate[1] = 9
2 -5 -5
2 -5 -5
2 -5 -5
2 -5 -5
2 -5 -5
2 -5 -5
2 -5 -5
2 -5 -5
2 -5 -5
2 -5 -5
# ave_measured_val[0][0] = 601
2 -5 5
2 -5 5
2 -5 5
2 -5 5
2 -5 5
2 -5 5
2 -5 5
2 -5 5
2 -5 5
2 -5 5
# ave_measured_val[0][1] = 606
2 5 -5
2 5 -5
2 5 -5
2 5 -5
2 5 -5
2 5 -5
2 5 -5
2 5 -5
2 5 -5
2 5 -5
# ave_measured_val[1][0] = 670
2 5 5
2 5 5
2 5 5
2 5 5
2 5 5
2 5 5
2 5 5
2 5 5
2 5 5
2 5 5
# ave_measured_val[1][1] = 707
# hoge
# min_loss : 224  estimate[2] = 0
# min_loss : 104  estimate[2] = 3
# min_loss : 78  estimate[2] = 26
3 -5 -5
3 -5 -5
3 -5 -5
3 -5 -5
3 -5 -5
3 -5 -5
3 -5 -5
3 -5 -5
3 -5 -5
3 -5 -5
# ave_measured_val[0][0] = 611
3 -5 5
3 -5 5
3 -5 5
3 -5 5
3 -5 5
3 -5 5
3 -5 5
3 -5 5
3 -5 5
3 -5 5
# ave_measured_val[0][1] = 620
3 5 -5
3 5 -5
3 5 -5
3 5 -5
3 5 -5
3 5 -5
3 5 -5
3 5 -5
3 5 -5
3 5 -5
# ave_measured_val[1][0] = 651
3 5 5
3 5 5
3 5 5
3 5 5
3 5 5
3 5 5
3 5 5
3 5 5
3 5 5
3 5 5
# ave_measured_val[1][1] = 672
# hoge
# min_loss : 194  estimate[3] = 0
# min_loss : 110  estimate[3] = 3
# min_loss : 108  estimate[3] = 26
# min_loss : 90  estimate[3] = 27
# min_loss : 68  estimate[3] = 30
4 -5 -5
4 -5 -5
4 -5 -5
4 -5 -5
4 -5 -5
4 -5 -5
4 -5 -5
4 -5 -5
4 -5 -5
4 -5 -5
# ave_measured_val[0][0] = 612
4 -5 5
4 -5 5
4 -5 5
4 -5 5
4 -5 5
4 -5 5
4 -5 5
4 -5 5
4 -5 5
4 -5 5
# ave_measured_val[0][1] = 620
4 5 -5
4 5 -5
4 5 -5
4 5 -5
4 5 -5
4 5 -5
4 5 -5
4 5 -5
4 5 -5
4 5 -5
# ave_measured_val[1][0] = 681
4 5 5
4 5 5
4 5 5
4 5 5
4 5 5
4 5 5
4 5 5
4 5 5
4 5 5
4 5 5
# ave_measured_val[1][1] = 733
# hoge
# min_loss : 286  estimate[4] = 0
# min_loss : 166  estimate[4] = 3
# min_loss : 146  estimate[4] = 14
# min_loss : 86  estimate[4] = 26
5 -5 -5
5 -5 -5
5 -5 -5
5 -5 -5
5 -5 -5
5 -5 -5
5 -5 -5
5 -5 -5
5 -5 -5
5 -5 -5
# ave_measured_val[0][0] = 698
5 -5 5
5 -5 5
5 -5 5
5 -5 5
5 -5 5
5 -5 5
5 -5 5
5 -5 5
5 -5 5
5 -5 5
# ave_measured_val[0][1] = 636
5 5 -5
5 5 -5
5 5 -5
5 5 -5
5 5 -5
5 5 -5
5 5 -5
5 5 -5
5 5 -5
5 5 -5
# ave_measured_val[1][0] = 662
5 5 5
5 5 5
5 5 5
5 5 5
5 5 5
5 5 5
5 5 5
5 5 5
5 5 5
5 5 5
# ave_measured_val[1][1] = 577
# hoge
# min_loss : 279  estimate[5] = 0
# min_loss : 201  estimate[5] = 1
# min_loss : 187  estimate[5] = 33
# min_loss : 179  estimate[5] = 37
# min_loss : 111  estimate[5] = 38
# min_loss : 51  estimate[5] = 44
6 -5 -5
6 -5 -5
6 -5 -5
6 -5 -5
6 -5 -5
6 -5 -5
6 -5 -5
6 -5 -5
6 -5 -5
6 -5 -5
# ave_measured_val[0][0] = 541
6 -5 5
6 -5 5
6 -5 5
6 -5 5
6 -5 5
6 -5 5
6 -5 5
6 -5 5
6 -5 5
6 -5 5
# ave_measured_val[0][1] = 602
6 5 -5
6 5 -5
6 5 -5
6 5 -5
6 5 -5
6 5 -5
6 5 -5
6 5 -5
6 5 -5
6 5 -5
# ave_measured_val[1][0] = 670
6 5 5
6 5 5
6 5 5
6 5 5
6 5 5
6 5 5
6 5 5
6 5 5
6 5 5
6 5 5
# ave_measured_val[1][1] = 668
# hoge
# min_loss : 179  estimate[6] = 0
# min_loss : 121  estimate[6] = 2
# min_loss : 63  estimate[6] = 3
7 -5 -5
7 -5 -5
7 -5 -5
7 -5 -5
7 -5 -5
7 -5 -5
7 -5 -5
7 -5 -5
7 -5 -5
7 -5 -5
# ave_measured_val[0][0] = 661
7 -5 5
7 -5 5
7 -5 5
7 -5 5
7 -5 5
7 -5 5
7 -5 5
7 -5 5
7 -5 5
7 -5 5
# ave_measured_val[0][1] = 688
7 5 -5
7 5 -5
7 5 -5
7 5 -5
7 5 -5
7 5 -5
7 5 -5
7 5 -5
7 5 -5
7 5 -5
# ave_measured_val[1][0] = 559
7 5 5
7 5 5
7 5 5
7 5 5
7 5 5
7 5 5
7 5 5
7 5 5
7 5 5
7 5 5
# ave_measured_val[1][1] = 581
# hoge
# min_loss : 249  estimate[7] = 0
# min_loss : 49  estimate[7] = 1
# min_loss : 31  estimate[7] = 34
# min_loss : 11  estimate[7] = 35
8 -5 -5
8 -5 -5
8 -5 -5
8 -5 -5
8 -5 -5
8 -5 -5
8 -5 -5
8 -5 -5
8 -5 -5
8 -5 -5
# ave_measured_val[0][0] = 632
8 -5 5
8 -5 5
8 -5 5
8 -5 5
8 -5 5
8 -5 5
8 -5 5
8 -5 5
8 -5 5
8 -5 5
# ave_measured_val[0][1] = 684
8 5 -5
8 5 -5
8 5 -5
8 5 -5
8 5 -5
8 5 -5
8 5 -5
8 5 -5
8 5 -5
8 5 -5
# ave_measured_val[1][0] = 575
8 5 5
8 5 5
8 5 5
8 5 5
8 5 5
8 5 5
8 5 5
8 5 5
8 5 5
8 5 5
# ave_measured_val[1][1] = 631
# hoge
# min_loss : 192  estimate[8] = 0
# min_loss : 118  estimate[8] = 1
# min_loss : 58  estimate[8] = 4
# min_loss : 54  estimate[8] = 25
9 -5 -5
9 -5 -5
9 -5 -5
9 -5 -5
9 -5 -5
9 -5 -5
9 -5 -5
9 -5 -5
9 -5 -5
9 -5 -5
# ave_measured_val[0][0] = 685
9 -5 5
9 -5 5
9 -5 5
9 -5 5
9 -5 5
9 -5 5
9 -5 5
9 -5 5
9 -5 5
9 -5 5
# ave_measured_val[0][1] = 634
9 5 -5
9 5 -5
9 5 -5
9 5 -5
9 5 -5
9 5 -5
9 5 -5
9 5 -5
9 5 -5
9 5 -5
# ave_measured_val[1][0] = 604
9 5 5
9 5 5
9 5 5
9 5 5
9 5 5
9 5 5
9 5 5
9 5 5
9 5 5
9 5 5
# ave_measured_val[1][1] = 519
# hoge
# min_loss : 264  estimate[9] = 0
# min_loss : 176  estimate[9] = 1
# min_loss : 158  estimate[9] = 38
# min_loss : 78  estimate[9] = 46
# min_loss : 46  estimate[9] = 47
10 -5 -5
10 -5 -5
10 -5 -5
10 -5 -5
10 -5 -5
10 -5 -5
10 -5 -5
10 -5 -5
10 -5 -5
10 -5 -5
# ave_measured_val[0][0] = 562
10 -5 5
10 -5 5
10 -5 5
10 -5 5
10 -5 5
10 -5 5
10 -5 5
10 -5 5
10 -5 5
10 -5 5
# ave_measured_val[0][1] = 607
10 5 -5
10 5 -5
10 5 -5
10 5 -5
10 5 -5
10 5 -5
10 5 -5
10 5 -5
10 5 -5
10 5 -5
# ave_measured_val[1][0] = 596
10 5 5
10 5 5
10 5 5
10 5 5
10 5 5
10 5 5
10 5 5
10 5 5
10 5 5
10 5 5
# ave_measured_val[1][1] = 566
# hoge
# min_loss : 75  estimate[10] = 0
11 -5 -5
11 -5 -5
11 -5 -5
11 -5 -5
11 -5 -5
11 -5 -5
11 -5 -5
11 -5 -5
11 -5 -5
11 -5 -5
# ave_measured_val[0][0] = 629
11 -5 5
11 -5 5
11 -5 5
11 -5 5
11 -5 5
11 -5 5
11 -5 5
11 -5 5
11 -5 5
11 -5 5
# ave_measured_val[0][1] = 545
11 5 -5
11 5 -5
11 5 -5
11 5 -5
11 5 -5
11 5 -5
11 5 -5
11 5 -5
11 5 -5
11 5 -5
# ave_measured_val[1][0] = 677
11 5 5
11 5 5
11 5 5
11 5 5
11 5 5
11 5 5
11 5 5
11 5 5
11 5 5
11 5 5
# ave_measured_val[1][1] = 596
# hoge
# min_loss : 205  estimate[11] = 0
# min_loss : 165  estimate[11] = 36
# min_loss : 125  estimate[11] = 37
# min_loss : 71  estimate[11] = 43
# min_loss : 35  estimate[11] = 56
12 -5 -5
12 -5 -5
12 -5 -5
12 -5 -5
12 -5 -5
12 -5 -5
12 -5 -5
12 -5 -5
12 -5 -5
12 -5 -5
# ave_measured_val[0][0] = 614
12 -5 5
12 -5 5
12 -5 5
12 -5 5
12 -5 5
12 -5 5
12 -5 5
12 -5 5
12 -5 5
12 -5 5
# ave_measured_val[0][1] = 668
12 5 -5
12 5 -5
12 5 -5
12 5 -5
12 5 -5
12 5 -5
12 5 -5
12 5 -5
12 5 -5
12 5 -5
# ave_measured_val[1][0] = 583
12 5 5
12 5 5
12 5 5
12 5 5
12 5 5
12 5 5
12 5 5
12 5 5
12 5 5
12 5 5
# ave_measured_val[1][1] = 640
# hoge
# min_loss : 159  estimate[12] = 0
# min_loss : 141  estimate[12] = 1
# min_loss : 101  estimate[12] = 4
# min_loss : 25  estimate[12] = 6
13 -5 -5
13 -5 -5
13 -5 -5
13 -5 -5
13 -5 -5
13 -5 -5
13 -5 -5
13 -5 -5
13 -5 -5
13 -5 -5
# ave_measured_val[0][0] = 675
13 -5 5
13 -5 5
13 -5 5
13 -5 5
13 -5 5
13 -5 5
13 -5 5
13 -5 5
13 -5 5
13 -5 5
# ave_measured_val[0][1] = 691
13 5 -5
13 5 -5
13 5 -5
13 5 -5
13 5 -5
13 5 -5
13 5 -5
13 5 -5
13 5 -5
13 5 -5
# ave_measured_val[1][0] = 577
13 5 5
13 5 5
13 5 5
13 5 5
13 5 5
13 5 5
13 5 5
13 5 5
13 5 5
13 5 5
# ave_measured_val[1][1] = 614
# hoge
# min_loss : 223  estimate[13] = 0
# min_loss : 117  estimate[13] = 1
# min_loss : 77  estimate[13] = 4
# min_loss : 37  estimate[13] = 34
14 -5 -5
14 -5 -5
14 -5 -5
14 -5 -5
14 -5 -5
14 -5 -5
14 -5 -5
14 -5 -5
14 -5 -5
14 -5 -5
# ave_measured_val[0][0] = 630
14 -5 5
14 -5 5
14 -5 5
14 -5 5
14 -5 5
14 -5 5
14 -5 5
14 -5 5
14 -5 5
14 -5 5
# ave_measured_val[0][1] = 520
14 5 -5
14 5 -5
14 5 -5
14 5 -5
14 5 -5
14 5 -5
14 5 -5
14 5 -5
14 5 -5
14 5 -5
# ave_measured_val[1][0] = 734
14 5 5
14 5 5
14 5 5
14 5 5
14 5 5
14 5 5
14 5 5
14 5 5
14 5 5
14 5 5
# ave_measured_val[1][1] = 571
# hoge
# min_loss : 313  estimate[14] = 0
# min_loss : 273  estimate[14] = 36
# min_loss : 233  estimate[14] = 37
# min_loss : 193  estimate[14] = 40
# min_loss : 153  estimate[14] = 43
# min_loss : 145  estimate[14] = 50
# min_loss : 73  estimate[14] = 56
15 -5 -5
15 -5 -5
15 -5 -5
15 -5 -5
15 -5 -5
15 -5 -5
15 -5 -5
15 -5 -5
15 -5 -5
15 -5 -5
# ave_measured_val[0][0] = 530
15 -5 5
15 -5 5
15 -5 5
15 -5 5
15 -5 5
15 -5 5
15 -5 5
15 -5 5
15 -5 5
15 -5 5
# ave_measured_val[0][1] = 652
15 5 -5
15 5 -5
15 5 -5
15 5 -5
15 5 -5
15 5 -5
15 5 -5
15 5 -5
15 5 -5
15 5 -5
# ave_measured_val[1][0] = 530
15 5 5
15 5 5
15 5 5
15 5 5
15 5 5
15 5 5
15 5 5
15 5 5
15 5 5
15 5 5
# ave_measured_val[1][1] = 663
# hoge
# min_loss : 215  estimate[15] = 0
# min_loss : 195  estimate[15] = 2
# min_loss : 151  estimate[15] = 6
# min_loss : 135  estimate[15] = 8
# min_loss : 105  estimate[15] = 10
16 -5 -5
16 -5 -5
16 -5 -5
16 -5 -5
16 -5 -5
16 -5 -5
16 -5 -5
16 -5 -5
16 -5 -5
16 -5 -5
# ave_measured_val[0][0] = 621
16 -5 5
16 -5 5
16 -5 5
16 -5 5
16 -5 5
16 -5 5
16 -5 5
16 -5 5
16 -5 5
16 -5 5
# ave_measured_val[0][1] = 546
16 5 -5
16 5 -5
16 5 -5
16 5 -5
16 5 -5
16 5 -5
16 5 -5
16 5 -5
16 5 -5
16 5 -5
# ave_measured_val[1][0] = 689
16 5 5
16 5 5
16 5 5
16 5 5
16 5 5
16 5 5
16 5 5
16 5 5
16 5 5
16 5 5
# ave_measured_val[1][1] = 591
# hoge
# min_loss : 213  estimate[16] = 0
# min_loss : 173  estimate[16] = 36
# min_loss : 133  estimate[16] = 37
# min_loss : 115  estimate[16] = 40
# min_loss : 55  estimate[16] = 43
# min_loss : 27  estimate[16] = 56
17 -5 -5
17 -5 -5
17 -5 -5
17 -5 -5
17 -5 -5
17 -5 -5
17 -5 -5
17 -5 -5
17 -5 -5
17 -5 -5
# ave_measured_val[0][0] = 692
17 -5 5
17 -5 5
17 -5 5
17 -5 5
17 -5 5
17 -5 5
17 -5 5
17 -5 5
17 -5 5
17 -5 5
# ave_measured_val[0][1] = 615
17 5 -5
17 5 -5
17 5 -5
17 5 -5
17 5 -5
17 5 -5
17 5 -5
17 5 -5
17 5 -5
17 5 -5
# ave_measured_val[1][0] = 632
17 5 5
17 5 5
17 5 5
17 5 5
17 5 5
17 5 5
17 5 5
17 5 5
17 5 5
17 5 5
# ave_measured_val[1][1] = 537
# hoge
# min_loss : 262  estimate[17] = 0
# min_loss : 212  estimate[17] = 1
# min_loss : 178  estimate[17] = 37
# min_loss : 148  estimate[17] = 38
# min_loss : 124  estimate[17] = 44
# min_loss : 88  estimate[17] = 46
# min_loss : 68  estimate[17] = 47
# min_loss : 58  estimate[17] = 54
# min_loss : 36  estimate[17] = 61
# min_loss : 32  estimate[17] = 69
18 -5 -5
18 -5 -5
18 -5 -5
18 -5 -5
18 -5 -5
18 -5 -5
18 -5 -5
18 -5 -5
18 -5 -5
18 -5 -5
# ave_measured_val[0][0] = 687
18 -5 5
18 -5 5
18 -5 5
18 -5 5
18 -5 5
18 -5 5
18 -5 5
18 -5 5
18 -5 5
18 -5 5
# ave_measured_val[0][1] = 613
18 5 -5
18 5 -5
18 5 -5
18 5 -5
18 5 -5
18 5 -5
18 5 -5
18 5 -5
18 5 -5
18 5 -5
# ave_measured_val[1][0] = 605
18 5 5
18 5 5
18 5 5
18 5 5
18 5 5
18 5 5
18 5 5
18 5 5
18 5 5
18 5 5
# ave_measured_val[1][1] = 485
# hoge
# min_loss : 280  estimate[18] = 0
# min_loss : 234  estimate[18] = 1
# min_loss : 210  estimate[18] = 38
# min_loss : 130  estimate[18] = 46
# min_loss : 100  estimate[18] = 47
# min_loss : 96  estimate[18] = 61
# min_loss : 46  estimate[18] = 70
19 -5 -5
19 -5 -5
19 -5 -5
19 -5 -5
19 -5 -5
19 -5 -5
19 -5 -5
19 -5 -5
19 -5 -5
19 -5 -5
# ave_measured_val[0][0] = 582
19 -5 5
19 -5 5
19 -5 5
19 -5 5
19 -5 5
19 -5 5
19 -5 5
19 -5 5
19 -5 5
19 -5 5
# ave_measured_val[0][1] = 608
19 5 -5
19 5 -5
19 5 -5
19 5 -5
19 5 -5
19 5 -5
19 5 -5
19 5 -5
19 5 -5
19 5 -5
# ave_measured_val[1][0] = 546
19 5 5
19 5 5
19 5 5
19 5 5
19 5 5
19 5 5
19 5 5
19 5 5
19 5 5
19 5 5
# ave_measured_val[1][1] = 540
# hoge
# min_loss : 144  estimate[19] = 0
# min_loss : 128  estimate[19] = 8
# min_loss : 104  estimate[19] = 85
20 -5 -5
20 -5 -5
20 -5 -5
20 -5 -5
20 -5 -5
20 -5 -5
20 -5 -5
20 -5 -5
20 -5 -5
20 -5 -5
# ave_measured_val[0][0] = 707
20 -5 5
20 -5 5
20 -5 5
20 -5 5
20 -5 5
20 -5 5
20 -5 5
20 -5 5
20 -5 5
20 -5 5
# ave_measured_val[0][1] = 668
20 5 -5
20 5 -5
20 5 -5
20 5 -5
20 5 -5
20 5 -5
20 5 -5
20 5 -5
20 5 -5
20 5 -5
# ave_measured_val[1][0] = 547
20 5 5
20 5 5
20 5 5
20 5 5
20 5 5
20 5 5
20 5 5
20 5 5
20 5 5
20 5 5
# ave_measured_val[1][1] = 546
# hoge
# min_loss : 322  estimate[20] = 0
# min_loss : 86  estimate[20] = 1
21 -5 -5
21 -5 -5
21 -5 -5
21 -5 -5
21 -5 -5
21 -5 -5
21 -5 -5
21 -5 -5
21 -5 -5
21 -5 -5
# ave_measured_val[0][0] = 562
21 -5 5
21 -5 5
21 -5 5
21 -5 5
21 -5 5
21 -5 5
21 -5 5
21 -5 5
21 -5 5
21 -5 5
# ave_measured_val[0][1] = 634
21 5 -5
21 5 -5
21 5 -5
21 5 -5
21 5 -5
21 5 -5
21 5 -5
21 5 -5
21 5 -5
21 5 -5
# ave_measured_val[1][0] = 577
21 5 5
21 5 5
21 5 5
21 5 5
21 5 5
21 5 5
21 5 5
21 5 5
21 5 5
21 5 5
# ave_measured_val[1][1] = 691
# hoge
# min_loss : 146  estimate[21] = 0
# min_loss : 130  estimate[21] = 3
# min_loss : 118  estimate[21] = 6
# min_loss : 104  estimate[21] = 8
# min_loss : 88  estimate[21] = 9
# min_loss : 72  estimate[21] = 10
# min_loss : 42  estimate[21] = 17
22 -5 -5
22 -5 -5
22 -5 -5
22 -5 -5
22 -5 -5
22 -5 -5
22 -5 -5
22 -5 -5
22 -5 -5
22 -5 -5
# ave_measured_val[0][0] = 699
22 -5 5
22 -5 5
22 -5 5
22 -5 5
22 -5 5
22 -5 5
22 -5 5
22 -5 5
22 -5 5
22 -5 5
# ave_measured_val[0][1] = 679
22 5 -5
22 5 -5
22 5 -5
22 5 -5
22 5 -5
22 5 -5
22 5 -5
22 5 -5
22 5 -5
22 5 -5
# ave_measured_val[1][0] = 600
22 5 5
22 5 5
22 5 5
22 5 5
22 5 5
22 5 5
22 5 5
22 5 5
22 5 5
22 5 5
# ave_measured_val[1][1] = 569
# hoge
# min_loss : 269  estimate[22] = 0
# min_loss : 109  estimate[22] = 1
# min_loss : 91  estimate[22] = 34
# min_loss : 53  estimate[22] = 38
23 -5 -5
23 -5 -5
23 -5 -5
23 -5 -5
23 -5 -5
23 -5 -5
23 -5 -5
23 -5 -5
23 -5 -5
23 -5 -5
# ave_measured_val[0][0] = 617
23 -5 5
23 -5 5
23 -5 5
23 -5 5
23 -5 5
23 -5 5
23 -5 5
23 -5 5
23 -5 5
23 -5 5
# ave_measured_val[0][1] = 627
23 5 -5
23 5 -5
23 5 -5
23 5 -5
23 5 -5
23 5 -5
23 5 -5
23 5 -5
23 5 -5
23 5 -5
# ave_measured_val[1][0] = 665
23 5 5
23 5 5
23 5 5
23 5 5
23 5 5
23 5 5
23 5 5
23 5 5
23 5 5
23 5 5
# ave_measured_val[1][1] = 623
# hoge
# min_loss : 172  estimate[23] = 0
# min_loss : 152  estimate[23] = 6
# min_loss : 118  estimate[23] = 30
# min_loss : 112  estimate[23] = 32
# min_loss : 106  estimate[23] = 36
# min_loss : 58  estimate[23] = 37
24 -5 -5
24 -5 -5
24 -5 -5
24 -5 -5
24 -5 -5
24 -5 -5
24 -5 -5
24 -5 -5
24 -5 -5
24 -5 -5
# ave_measured_val[0][0] = 661
24 -5 5
24 -5 5
24 -5 5
24 -5 5
24 -5 5
24 -5 5
24 -5 5
24 -5 5
24 -5 5
24 -5 5
# ave_measured_val[0][1] = 685
24 5 -5
24 5 -5
24 5 -5
24 5 -5
24 5 -5
24 5 -5
24 5 -5
24 5 -5
24 5 -5
24 5 -5
# ave_measured_val[1][0] = 560
24 5 5
24 5 5
24 5 5
24 5 5
24 5 5
24 5 5
24 5 5
24 5 5
24 5 5
24 5 5
# ave_measured_val[1][1] = 614
# hoge
# min_loss : 220  estimate[24] = 0
# min_loss : 80  estimate[24] = 1
# min_loss : 40  estimate[24] = 4
25 -5 -5
25 -5 -5
25 -5 -5
25 -5 -5
25 -5 -5
25 -5 -5
25 -5 -5
25 -5 -5
25 -5 -5
25 -5 -5
# ave_measured_val[0][0] = 605
25 -5 5
25 -5 5
25 -5 5
25 -5 5
25 -5 5
25 -5 5
25 -5 5
25 -5 5
25 -5 5
25 -5 5
# ave_measured_val[0][1] = 696
25 5 -5
25 5 -5
25 5 -5
25 5 -5
25 5 -5
25 5 -5
25 5 -5
25 5 -5
25 5 -5
25 5 -5
# ave_measured_val[1][0] = 525
25 5 5
25 5 5
25 5 5
25 5 5
25 5 5
25 5 5
25 5 5
25 5 5
25 5 5
25 5 5
# ave_measured_val[1][1] = 637
# hoge
# min_loss : 233  estimate[25] = 0
# min_loss : 163  estimate[25] = 1
# min_loss : 123  estimate[25] = 4
# min_loss : 99  estimate[25] = 6
# min_loss : 67  estimate[25] = 12
# min_loss : 63  estimate[25] = 13
# min_loss : 59  estimate[25] = 20
# min_loss : 51  estimate[25] = 24
# min_loss : 43  estimate[25] = 25
26 -5 -5
26 -5 -5
26 -5 -5
26 -5 -5
26 -5 -5
26 -5 -5
26 -5 -5
26 -5 -5
26 -5 -5
26 -5 -5
# ave_measured_val[0][0] = 639
26 -5 5
26 -5 5
26 -5 5
26 -5 5
26 -5 5
26 -5 5
26 -5 5
26 -5 5
26 -5 5
26 -5 5
# ave_measured_val[0][1] = 618
26 5 -5
26 5 -5
26 5 -5
26 5 -5
26 5 -5
26 5 -5
26 5 -5
26 5 -5
26 5 -5
26 5 -5
# ave_measured_val[1][0] = 556
26 5 5
26 5 5
26 5 5
26 5 5
26 5 5
26 5 5
26 5 5
26 5 5
26 5 5
26 5 5
# ave_measured_val[1][1] = 581
# hoge
# min_loss : 160  estimate[26] = 0
# min_loss : 80  estimate[26] = 1
27 -5 -5
27 -5 -5
27 -5 -5
27 -5 -5
27 -5 -5
27 -5 -5
27 -5 -5
27 -5 -5
27 -5 -5
27 -5 -5
# ave_measured_val[0][0] = 644
27 -5 5
27 -5 5
27 -5 5
27 -5 5
27 -5 5
27 -5 5
27 -5 5
27 -5 5
27 -5 5
27 -5 5
# ave_measured_val[0][1] = 569
27 5 -5
27 5 -5
27 5 -5
27 5 -5
27 5 -5
27 5 -5
27 5 -5
27 5 -5
27 5 -5
27 5 -5
# ave_measured_val[1][0] = 683
27 5 5
27 5 5
27 5 5
27 5 5
27 5 5
27 5 5
27 5 5
27 5 5
27 5 5
27 5 5
# ave_measured_val[1][1] = 589
# hoge
# min_loss : 209  estimate[27] = 0
# min_loss : 169  estimate[27] = 36
# min_loss : 129  estimate[27] = 37
# min_loss : 101  estimate[27] = 43
# min_loss : 59  estimate[27] = 55
# min_loss : 53  estimate[27] = 64
# min_loss : 49  estimate[27] = 79
28 -5 -5
28 -5 -5
28 -5 -5
28 -5 -5
28 -5 -5
28 -5 -5
28 -5 -5
28 -5 -5
28 -5 -5
28 -5 -5
# ave_measured_val[0][0] = 618
28 -5 5
28 -5 5
28 -5 5
28 -5 5
28 -5 5
28 -5 5
28 -5 5
28 -5 5
28 -5 5
28 -5 5
# ave_measured_val[0][1] = 663
28 5 -5
28 5 -5
28 5 -5
28 5 -5
28 5 -5
28 5 -5
28 5 -5
28 5 -5
28 5 -5
28 5 -5
# ave_measured_val[1][0] = 547
28 5 5
28 5 5
28 5 5
28 5 5
28 5 5
28 5 5
28 5 5
28 5 5
28 5 5
28 5 5
# ave_measured_val[1][1] = 546
# hoge
# min_loss : 228  estimate[28] = 0
# min_loss : 66  estimate[28] = 1
29 -5 -5
29 -5 -5
29 -5 -5
29 -5 -5
29 -5 -5
29 -5 -5
29 -5 -5
29 -5 -5
29 -5 -5
29 -5 -5
# ave_measured_val[0][0] = 698
29 -5 5
29 -5 5
29 -5 5
29 -5 5
29 -5 5
29 -5 5
29 -5 5
29 -5 5
29 -5 5
29 -5 5
# ave_measured_val[0][1] = 673
29 5 -5
29 5 -5
29 5 -5
29 5 -5
29 5 -5
29 5 -5
29 5 -5
29 5 -5
29 5 -5
29 5 -5
# ave_measured_val[1][0] = 565
29 5 5
29 5 5
29 5 5
29 5 5
29 5 5
29 5 5
29 5 5
29 5 5
29 5 5
29 5 5
# ave_measured_val[1][1] = 578
# hoge
# min_loss : 268  estimate[29] = 0
# min_loss : 74  estimate[29] = 1
# min_loss : 62  estimate[29] = 34
# min_loss : 52  estimate[29] = 35
30 -5 -5
30 -5 -5
30 -5 -5
30 -5 -5
30 -5 -5
30 -5 -5
30 -5 -5
30 -5 -5
30 -5 -5
30 -5 -5
# ave_measured_val[0][0] = 675
30 -5 5
30 -5 5
30 -5 5
30 -5 5
30 -5 5
30 -5 5
30 -5 5
30 -5 5
30 -5 5
30 -5 5
# ave_measured_val[0][1] = 608
30 5 -5
30 5 -5
30 5 -5
30 5 -5
30 5 -5
30 5 -5
30 5 -5
30 5 -5
30 5 -5
30 5 -5
# ave_measured_val[1][0] = 565
30 5 5
30 5 5
30 5 5
30 5 5
30 5 5
30 5 5
30 5 5
30 5 5
30 5 5
30 5 5
# ave_measured_val[1][1] = 547
# hoge
# min_loss : 211  estimate[30] = 0
# min_loss : 125  estimate[30] = 1
# min_loss : 99  estimate[30] = 47
# min_loss : 65  estimate[30] = 81
# min_loss : 49  estimate[30] = 85
31 -5 -5
31 -5 -5
31 -5 -5
31 -5 -5
31 -5 -5
31 -5 -5
31 -5 -5
31 -5 -5
31 -5 -5
31 -5 -5
# ave_measured_val[0][0] = 683
31 -5 5
31 -5 5
31 -5 5
31 -5 5
31 -5 5
31 -5 5
31 -5 5
31 -5 5
31 -5 5
31 -5 5
# ave_measured_val[0][1] = 715
31 5 -5
31 5 -5
31 5 -5
31 5 -5
31 5 -5
31 5 -5
31 5 -5
31 5 -5
31 5 -5
31 5 -5
# ave_measured_val[1][0] = 567
31 5 5
31 5 5
31 5 5
31 5 5
31 5 5
31 5 5
31 5 5
31 5 5
31 5 5
31 5 5
# ave_measured_val[1][1] = 634
# hoge
# min_loss : 285  estimate[31] = 0
# min_loss : 159  estimate[31] = 1
# min_loss : 119  estimate[31] = 4
# min_loss : 109  estimate[31] = 19
# min_loss : 85  estimate[31] = 34
32 -5 -5
32 -5 -5
32 -5 -5
32 -5 -5
32 -5 -5
32 -5 -5
32 -5 -5
32 -5 -5
32 -5 -5
32 -5 -5
# ave_measured_val[0][0] = 735
32 -5 5
32 -5 5
32 -5 5
32 -5 5
32 -5 5
32 -5 5
32 -5 5
32 -5 5
32 -5 5
32 -5 5
# ave_measured_val[0][1] = 545
32 5 -5
32 5 -5
32 5 -5
32 5 -5
32 5 -5
32 5 -5
32 5 -5
32 5 -5
32 5 -5
32 5 -5
# ave_measured_val[1][0] = 560
32 5 5
32 5 5
32 5 5
32 5 5
32 5 5
32 5 5
32 5 5
32 5 5
32 5 5
32 5 5
# ave_measured_val[1][1] = 513
# hoge
# min_loss : 337  estimate[32] = 0
# min_loss : 277  estimate[32] = 1
# min_loss : 257  estimate[32] = 45
# min_loss : 217  estimate[32] = 46
# min_loss : 197  estimate[32] = 47
# min_loss : 177  estimate[32] = 60
# min_loss : 143  estimate[32] = 70
33 -5 -5
33 -5 -5
33 -5 -5
33 -5 -5
33 -5 -5
33 -5 -5
33 -5 -5
33 -5 -5
33 -5 -5
33 -5 -5
# ave_measured_val[0][0] = 571
33 -5 5
33 -5 5
33 -5 5
33 -5 5
33 -5 5
33 -5 5
33 -5 5
33 -5 5
33 -5 5
33 -5 5
# ave_measured_val[0][1] = 717
33 5 -5
33 5 -5
33 5 -5
33 5 -5
33 5 -5
33 5 -5
33 5 -5
33 5 -5
33 5 -5
33 5 -5
# ave_measured_val[1][0] = 559
33 5 5
33 5 5
33 5 5
33 5 5
33 5 5
33 5 5
33 5 5
33 5 5
33 5 5
33 5 5
# ave_measured_val[1][1] = 611
# hoge
# min_loss : 160  estimate[33] = 0
# min_loss : 118  estimate[33] = 4
# min_loss : 96  estimate[33] = 12
# min_loss : 94  estimate[33] = 20
34 -5 -5
34 -5 -5
34 -5 -5
34 -5 -5
34 -5 -5
34 -5 -5
34 -5 -5
34 -5 -5
34 -5 -5
34 -5 -5
# ave_measured_val[0][0] = 533
34 -5 5
34 -5 5
34 -5 5
34 -5 5
34 -5 5
34 -5 5
34 -5 5
34 -5 5
34 -5 5
34 -5 5
# ave_measured_val[0][1] = 608
34 5 -5
34 5 -5
34 5 -5
34 5 -5
34 5 -5
34 5 -5
34 5 -5
34 5 -5
34 5 -5
34 5 -5
# ave_measured_val[1][0] = 650
34 5 5
34 5 5
34 5 5
34 5 5
34 5 5
34 5 5
34 5 5
34 5 5
34 5 5
34 5 5
# ave_measured_val[1][1] = 651
# hoge
# min_loss : 156  estimate[34] = 0
# min_loss : 100  estimate[34] = 2
# min_loss : 74  estimate[34] = 3
35 -5 -5
35 -5 -5
35 -5 -5
35 -5 -5
35 -5 -5
35 -5 -5
35 -5 -5
35 -5 -5
35 -5 -5
35 -5 -5
# ave_measured_val[0][0] = 547
35 -5 5
35 -5 5
35 -5 5
35 -5 5
35 -5 5
35 -5 5
35 -5 5
35 -5 5
35 -5 5
35 -5 5
# ave_measured_val[0][1] = 698
35 5 -5
35 5 -5
35 5 -5
35 5 -5
35 5 -5
35 5 -5
35 5 -5
35 5 -5
35 5 -5
35 5 -5
# ave_measured_val[1][0] = 583
35 5 5
35 5 5
35 5 5
35 5 5
35 5 5
35 5 5
35 5 5
35 5 5
35 5 5
35 5 5
# ave_measured_val[1][1] = 638
# hoge
# min_loss : 166  estimate[35] = 0
# min_loss : 96  estimate[35] = 6
36 -5 -5
36 -5 -5
36 -5 -5
36 -5 -5
36 -5 -5
36 -5 -5
36 -5 -5
36 -5 -5
36 -5 -5
36 -5 -5
# ave_measured_val[0][0] = 641
36 -5 5
36 -5 5
36 -5 5
36 -5 5
36 -5 5
36 -5 5
36 -5 5
36 -5 5
36 -5 5
36 -5 5
# ave_measured_val[0][1] = 702
36 5 -5
36 5 -5
36 5 -5
36 5 -5
36 5 -5
36 5 -5
36 5 -5
36 5 -5
36 5 -5
36 5 -5
# ave_measured_val[1][0] = 556
36 5 5
36 5 5
36 5 5
36 5 5
36 5 5
36 5 5
36 5 5
36 5 5
36 5 5
36 5 5
# ave_measured_val[1][1] = 634
# hoge
# min_loss : 241  estimate[36] = 0
# min_loss : 111  estimate[36] = 1
# min_loss : 61  estimate[36] = 4
# min_loss : 53  estimate[36] = 24
37 -5 -5
37 -5 -5
37 -5 -5
37 -5 -5
37 -5 -5
37 -5 -5
37 -5 -5
37 -5 -5
37 -5 -5
37 -5 -5
# ave_measured_val[0][0] = 730
37 -5 5
37 -5 5
37 -5 5
37 -5 5
37 -5 5
37 -5 5
37 -5 5
37 -5 5
37 -5 5
37 -5 5
# ave_measured_val[0][1] = 581
37 5 -5
37 5 -5
37 5 -5
37 5 -5
37 5 -5
37 5 -5
37 5 -5
37 5 -5
37 5 -5
37 5 -5
# ave_measured_val[1][0] = 689
37 5 5
37 5 5
37 5 5
37 5 5
37 5 5
37 5 5
37 5 5
37 5 5
37 5 5
37 5 5
# ave_measured_val[1][1] = 622
# hoge
# min_loss : 280  estimate[37] = 0
# min_loss : 256  estimate[37] = 33
# min_loss : 216  estimate[37] = 36
# min_loss : 180  estimate[37] = 37
# min_loss : 160  estimate[37] = 43
# min_loss : 98  estimate[37] = 49
# min_loss : 82  estimate[37] = 52
38 -5 -5
38 -5 -5
38 -5 -5
38 -5 -5
38 -5 -5
38 -5 -5
38 -5 -5
38 -5 -5
38 -5 -5
38 -5 -5
# ave_measured_val[0][0] = 725
38 -5 5
38 -5 5
38 -5 5
38 -5 5
38 -5 5
38 -5 5
38 -5 5
38 -5 5
38 -5 5
38 -5 5
# ave_measured_val[0][1] = 733
38 5 -5
38 5 -5
38 5 -5
38 5 -5
38 5 -5
38 5 -5
38 5 -5
38 5 -5
38 5 -5
38 5 -5
# ave_measured_val[1][0] = 617
38 5 5
38 5 5
38 5 5
38 5 5
38 5 5
38 5 5
38 5 5
38 5 5
38 5 5
38 5 5
# ave_measured_val[1][1] = 566
# hoge
# min_loss : 369  estimate[38] = 0
# min_loss : 209  estimate[38] = 1
# min_loss : 169  estimate[38] = 34
# min_loss : 115  estimate[38] = 38
# min_loss : 89  estimate[38] = 39
# min_loss : 85  estimate[38] = 45
39 -5 -5
39 -5 -5
39 -5 -5
39 -5 -5
39 -5 -5
39 -5 -5
39 -5 -5
39 -5 -5
39 -5 -5
39 -5 -5
# ave_measured_val[0][0] = 582
39 -5 5
39 -5 5
39 -5 5
39 -5 5
39 -5 5
39 -5 5
39 -5 5
39 -5 5
39 -5 5
39 -5 5
# ave_measured_val[0][1] = 503
39 5 -5
39 5 -5
39 5 -5
39 5 -5
39 5 -5
39 5 -5
39 5 -5
39 5 -5
39 5 -5
39 5 -5
# ave_measured_val[1][0] = 677
39 5 5
39 5 5
39 5 5
39 5 5
39 5 5
39 5 5
39 5 5
39 5 5
39 5 5
39 5 5
# ave_measured_val[1][1] = 654
# hoge
# min_loss : 230  estimate[39] = 0
# min_loss : 182  estimate[39] = 2
# min_loss : 126  estimate[39] = 36
# min_loss : 104  estimate[39] = 40
# min_loss : 86  estimate[39] = 74
# min_loss : 62  estimate[39] = 75
# min_loss : 56  estimate[39] = 77
40 -5 -5
40 -5 -5
40 -5 -5
40 -5 -5
40 -5 -5
40 -5 -5
40 -5 -5
40 -5 -5
40 -5 -5
40 -5 -5
# ave_measured_val[0][0] = 586
40 -5 5
40 -5 5
40 -5 5
40 -5 5
40 -5 5
40 -5 5
40 -5 5
40 -5 5
40 -5 5
40 -5 5
# ave_measured_val[0][1] = 668
40 5 -5
40 5 -5
40 5 -5
40 5 -5
40 5 -5
40 5 -5
40 5 -5
40 5 -5
40 5 -5
40 5 -5
# ave_measured_val[1][0] = 645
40 5 5
40 5 5
40 5 5
40 5 5
40 5 5
40 5 5
40 5 5
40 5 5
40 5 5
40 5 5
# ave_measured_val[1][1] = 722
# hoge
# min_loss : 261  estimate[40] = 0
# min_loss : 151  estimate[40] = 3
# min_loss : 141  estimate[40] = 9
# min_loss : 101  estimate[40] = 11
# min_loss : 61  estimate[40] = 15
# min_loss : 49  estimate[40] = 27
41 -5 -5
41 -5 -5
41 -5 -5
41 -5 -5
41 -5 -5
41 -5 -5
41 -5 -5
41 -5 -5
41 -5 -5
41 -5 -5
# ave_measured_val[0][0] = 700
41 -5 5
41 -5 5
41 -5 5
41 -5 5
41 -5 5
41 -5 5
41 -5 5
41 -5 5
41 -5 5
41 -5 5
# ave_measured_val[0][1] = 560
41 5 -5
41 5 -5
41 5 -5
41 5 -5
41 5 -5
41 5 -5
41 5 -5
41 5 -5
41 5 -5
41 5 -5
# ave_measured_val[1][0] = 653
41 5 5
41 5 5
41 5 5
41 5 5
41 5 5
41 5 5
41 5 5
41 5 5
41 5 5
41 5 5
# ave_measured_val[1][1] = 683
# hoge
# min_loss : 296  estimate[41] = 0
# min_loss : 236  estimate[41] = 2
# min_loss : 190  estimate[41] = 3
# min_loss : 176  estimate[41] = 36
# min_loss : 170  estimate[41] = 40
42 -5 -5
42 -5 -5
42 -5 -5
42 -5 -5
42 -5 -5
42 -5 -5
42 -5 -5
42 -5 -5
42 -5 -5
42 -5 -5
# ave_measured_val[0][0] = 568
42 -5 5
42 -5 5
42 -5 5
42 -5 5
42 -5 5
42 -5 5
42 -5 5
42 -5 5
42 -5 5
42 -5 5
# ave_measured_val[0][1] = 591
42 5 -5
42 5 -5
42 5 -5
42 5 -5
42 5 -5
42 5 -5
42 5 -5
42 5 -5
42 5 -5
42 5 -5
# ave_measured_val[1][0] = 768
42 5 5
42 5 5
42 5 5
42 5 5
42 5 5
42 5 5
42 5 5
42 5 5
42 5 5
42 5 5
# ave_measured_val[1][1] = 658
# hoge
# min_loss : 229  estimate[42] = 0
# min_loss : 169  estimate[42] = 3
# min_loss : 149  estimate[42] = 36
# min_loss : 133  estimate[42] = 40
43 -5 -5
43 -5 -5
43 -5 -5
43 -5 -5
43 -5 -5
43 -5 -5
43 -5 -5
43 -5 -5
43 -5 -5
43 -5 -5
# ave_measured_val[0][0] = 618
43 -5 5
43 -5 5
43 -5 5
43 -5 5
43 -5 5
43 -5 5
43 -5 5
43 -5 5
43 -5 5
43 -5 5
# ave_measured_val[0][1] = 572
43 5 -5
43 5 -5
43 5 -5
43 5 -5
43 5 -5
43 5 -5
43 5 -5
43 5 -5
43 5 -5
43 5 -5
# ave_measured_val[1][0] = 744
43 5 5
43 5 5
43 5 5
43 5 5
43 5 5
43 5 5
43 5 5
43 5 5
43 5 5
43 5 5
# ave_measured_val[1][1] = 723
# hoge
# min_loss : 333  estimate[43] = 0
# min_loss : 297  estimate[43] = 2
# min_loss : 213  estimate[43] = 3
# min_loss : 193  estimate[43] = 26
# min_loss : 137  estimate[43] = 40
# min_loss : 97  estimate[43] = 41
# min_loss : 77  estimate[43] = 42
44 -5 -5
44 -5 -5
44 -5 -5
44 -5 -5
44 -5 -5
44 -5 -5
44 -5 -5
44 -5 -5
44 -5 -5
44 -5 -5
# ave_measured_val[0][0] = 524
44 -5 5
44 -5 5
44 -5 5
44 -5 5
44 -5 5
44 -5 5
44 -5 5
44 -5 5
44 -5 5
44 -5 5
# ave_measured_val[0][1] = 610
44 5 -5
44 5 -5
44 5 -5
44 5 -5
44 5 -5
44 5 -5
44 5 -5
44 5 -5
44 5 -5
44 5 -5
# ave_measured_val[1][0] = 588
44 5 5
44 5 5
44 5 5
44 5 5
44 5 5
44 5 5
44 5 5
44 5 5
44 5 5
44 5 5
# ave_measured_val[1][1] = 678
# hoge
# min_loss : 136  estimate[44] = 0
# min_loss : 104  estimate[44] = 2
# min_loss : 80  estimate[44] = 9
45 -5 -5
45 -5 -5
45 -5 -5
45 -5 -5
45 -5 -5
45 -5 -5
45 -5 -5
45 -5 -5
45 -5 -5
45 -5 -5
# ave_measured_val[0][0] = 603
45 -5 5
45 -5 5
45 -5 5
45 -5 5
45 -5 5
45 -5 5
45 -5 5
45 -5 5
45 -5 5
45 -5 5
# ave_measured_val[0][1] = 760
45 5 -5
45 5 -5
45 5 -5
45 5 -5
45 5 -5
45 5 -5
45 5 -5
45 5 -5
45 5 -5
45 5 -5
# ave_measured_val[1][0] = 585
45 5 5
45 5 5
45 5 5
45 5 5
45 5 5
45 5 5
45 5 5
45 5 5
45 5 5
45 5 5
# ave_measured_val[1][1] = 682
# hoge
# min_loss : 280  estimate[45] = 0
# min_loss : 224  estimate[45] = 4
# min_loss : 150  estimate[45] = 6
# min_loss : 110  estimate[45] = 12
# min_loss : 64  estimate[45] = 18
46 -5 -5
46 -5 -5
46 -5 -5
46 -5 -5
46 -5 -5
46 -5 -5
46 -5 -5
46 -5 -5
46 -5 -5
46 -5 -5
# ave_measured_val[0][0] = 603
46 -5 5
46 -5 5
46 -5 5
46 -5 5
46 -5 5
46 -5 5
46 -5 5
46 -5 5
46 -5 5
46 -5 5
# ave_measured_val[0][1] = 585
46 5 -5
46 5 -5
46 5 -5
46 5 -5
46 5 -5
46 5 -5
46 5 -5
46 5 -5
46 5 -5
46 5 -5
# ave_measured_val[1][0] = 536
46 5 5
46 5 5
46 5 5
46 5 5
46 5 5
46 5 5
46 5 5
46 5 5
46 5 5
46 5 5
# ave_measured_val[1][1] = 574
# hoge
# min_loss : 128  estimate[46] = 0
# min_loss : 122  estimate[46] = 7
# min_loss : 118  estimate[46] = 82
# min_loss : 78  estimate[46] = 90
47 -5 -5
47 -5 -5
47 -5 -5
47 -5 -5
47 -5 -5
47 -5 -5
47 -5 -5
47 -5 -5
47 -5 -5
47 -5 -5
# ave_measured_val[0][0] = 710
47 -5 5
47 -5 5
47 -5 5
47 -5 5
47 -5 5
47 -5 5
47 -5 5
47 -5 5
47 -5 5
47 -5 5
# ave_measured_val[0][1] = 742
47 5 -5
47 5 -5
47 5 -5
47 5 -5
47 5 -5
47 5 -5
47 5 -5
47 5 -5
47 5 -5
47 5 -5
# ave_measured_val[1][0] = 554
47 5 5
47 5 5
47 5 5
47 5 5
47 5 5
47 5 5
47 5 5
47 5 5
47 5 5
47 5 5
# ave_measured_val[1][1] = 601
# hoge
# min_loss : 337  estimate[47] = 0
# min_loss : 167  estimate[47] = 1
# min_loss : 139  estimate[47] = 4
# min_loss : 119  estimate[47] = 34
48 -5 -5
48 -5 -5
48 -5 -5
48 -5 -5
48 -5 -5
48 -5 -5
48 -5 -5
48 -5 -5
48 -5 -5
48 -5 -5
# ave_measured_val[0][0] = 610
48 -5 5
48 -5 5
48 -5 5
48 -5 5
48 -5 5
48 -5 5
48 -5 5
48 -5 5
48 -5 5
48 -5 5
# ave_measured_val[0][1] = 597
48 5 -5
48 5 -5
48 5 -5
48 5 -5
48 5 -5
48 5 -5
48 5 -5
48 5 -5
48 5 -5
48 5 -5
# ave_measured_val[1][0] = 676
48 5 5
48 5 5
48 5 5
48 5 5
48 5 5
48 5 5
48 5 5
48 5 5
48 5 5
48 5 5
# ave_measured_val[1][1] = 679
# hoge
# min_loss : 202  estimate[48] = 0
# min_loss : 104  estimate[48] = 3
# min_loss : 82  estimate[48] = 36
# min_loss : 70  estimate[48] = 41
49 -5 -5
49 -5 -5
49 -5 -5
49 -5 -5
49 -5 -5
49 -5 -5
49 -5 -5
49 -5 -5
49 -5 -5
49 -5 -5
# ave_measured_val[0][0] = 584
49 -5 5
49 -5 5
49 -5 5
49 -5 5
49 -5 5
49 -5 5
49 -5 5
49 -5 5
49 -5 5
49 -5 5
# ave_measured_val[0][1] = 683
49 5 -5
49 5 -5
49 5 -5
49 5 -5
49 5 -5
49 5 -5
49 5 -5
49 5 -5
49 5 -5
49 5 -5
# ave_measured_val[1][0] = 536
49 5 5
49 5 5
49 5 5
49 5 5
49 5 5
49 5 5
49 5 5
49 5 5
49 5 5
49 5 5
# ave_measured_val[1][1] = 611
# hoge
# min_loss : 162  estimate[49] = 0
# min_loss : 134  estimate[49] = 1
# min_loss : 94  estimate[49] = 4
# min_loss : 40  estimate[49] = 13
50 -5 -5
50 -5 -5
50 -5 -5
50 -5 -5
50 -5 -5
50 -5 -5
50 -5 -5
50 -5 -5
50 -5 -5
50 -5 -5
# ave_measured_val[0][0] = 595
50 -5 5
50 -5 5
50 -5 5
50 -5 5
50 -5 5
50 -5 5
50 -5 5
50 -5 5
50 -5 5
50 -5 5
# ave_measured_val[0][1] = 605
50 5 -5
50 5 -5
50 5 -5
50 5 -5
50 5 -5
50 5 -5
50 5 -5
50 5 -5
50 5 -5
50 5 -5
# ave_measured_val[1][0] = 553
50 5 5
50 5 5
50 5 5
50 5 5
50 5 5
50 5 5
50 5 5
50 5 5
50 5 5
50 5 5
# ave_measured_val[1][1] = 626
# hoge
# min_loss : 93  estimate[50] = 0
# min_loss : 63  estimate[50] = 8
51 -5 -5
51 -5 -5
51 -5 -5
51 -5 -5
51 -5 -5
51 -5 -5
51 -5 -5
51 -5 -5
51 -5 -5
51 -5 -5
# ave_measured_val[0][0] = 575
51 -5 5
51 -5 5
51 -5 5
51 -5 5
51 -5 5
51 -5 5
51 -5 5
51 -5 5
51 -5 5
51 -5 5
# ave_measured_val[0][1] = 606
51 5 -5
51 5 -5
51 5 -5
51 5 -5
51 5 -5
51 5 -5
51 5 -5
51 5 -5
51 5 -5
51 5 -5
# ave_measured_val[1][0] = 559
51 5 5
51 5 5
51 5 5
51 5 5
51 5 5
51 5 5
51 5 5
51 5 5
51 5 5
51 5 5
# ave_measured_val[1][1] = 528
# hoge
# min_loss : 134  estimate[51] = 0
# min_loss : 122  estimate[51] = 8
# min_loss : 120  estimate[51] = 81
# min_loss : 92  estimate[51] = 85
52 -5 -5
52 -5 -5
52 -5 -5
52 -5 -5
52 -5 -5
52 -5 -5
52 -5 -5
52 -5 -5
52 -5 -5
52 -5 -5
# ave_measured_val[0][0] = 602
52 -5 5
52 -5 5
52 -5 5
52 -5 5
52 -5 5
52 -5 5
52 -5 5
52 -5 5
52 -5 5
52 -5 5
# ave_measured_val[0][1] = 615
52 5 -5
52 5 -5
52 5 -5
52 5 -5
52 5 -5
52 5 -5
52 5 -5
52 5 -5
52 5 -5
52 5 -5
# ave_measured_val[1][0] = 511
52 5 5
52 5 5
52 5 5
52 5 5
52 5 5
52 5 5
52 5 5
52 5 5
52 5 5
52 5 5
# ave_measured_val[1][1] = 584
# hoge
# min_loss : 162  estimate[52] = 0
# min_loss : 156  estimate[52] = 1
# min_loss : 136  estimate[52] = 5
# min_loss : 78  estimate[52] = 7
53 -5 -5
53 -5 -5
53 -5 -5
53 -5 -5
53 -5 -5
53 -5 -5
53 -5 -5
53 -5 -5
53 -5 -5
53 -5 -5
# ave_measured_val[0][0] = 589
53 -5 5
53 -5 5
53 -5 5
53 -5 5
53 -5 5
53 -5 5
53 -5 5
53 -5 5
53 -5 5
53 -5 5
# ave_measured_val[0][1] = 583
53 5 -5
53 5 -5
53 5 -5
53 5 -5
53 5 -5
53 5 -5
53 5 -5
53 5 -5
53 5 -5
53 5 -5
# ave_measured_val[1][0] = 680
53 5 5
53 5 5
53 5 5
53 5 5
53 5 5
53 5 5
53 5 5
53 5 5
53 5 5
53 5 5
# ave_measured_val[1][1] = 610
# hoge
# min_loss : 116  estimate[53] = 0
# min_loss : 78  estimate[53] = 36
# min_loss : 64  estimate[53] = 84
54 -5 -5
54 -5 -5
54 -5 -5
54 -5 -5
54 -5 -5
54 -5 -5
54 -5 -5
54 -5 -5
54 -5 -5
54 -5 -5
# ave_measured_val[0][0] = 649
54 -5 5
54 -5 5
54 -5 5
54 -5 5
54 -5 5
54 -5 5
54 -5 5
54 -5 5
54 -5 5
54 -5 5
# ave_measured_val[0][1] = 516
54 5 -5
54 5 -5
54 5 -5
54 5 -5
54 5 -5
54 5 -5
54 5 -5
54 5 -5
54 5 -5
54 5 -5
# ave_measured_val[1][0] = 626
54 5 5
54 5 5
54 5 5
54 5 5
54 5 5
54 5 5
54 5 5
54 5 5
54 5 5
54 5 5
# ave_measured_val[1][1] = 499
# hoge
# min_loss : 300  estimate[54] = 0
# min_loss : 248  estimate[54] = 37
# min_loss : 242  estimate[54] = 47
# min_loss : 190  estimate[54] = 54
# min_loss : 188  estimate[54] = 56
# min_loss : 150  estimate[54] = 61
# min_loss : 110  estimate[54] = 66
# min_loss : 82  estimate[54] = 72
55 -5 -5
55 -5 -5
55 -5 -5
55 -5 -5
55 -5 -5
55 -5 -5
55 -5 -5
55 -5 -5
55 -5 -5
55 -5 -5
# ave_measured_val[0][0] = 654
55 -5 5
55 -5 5
55 -5 5
55 -5 5
55 -5 5
55 -5 5
55 -5 5
55 -5 5
55 -5 5
55 -5 5
# ave_measured_val[0][1] = 535
55 5 -5
55 5 -5
55 5 -5
55 5 -5
55 5 -5
55 5 -5
55 5 -5
55 5 -5
55 5 -5
55 5 -5
# ave_measured_val[1][0] = 702
55 5 5
55 5 5
55 5 5
55 5 5
55 5 5
55 5 5
55 5 5
55 5 5
55 5 5
55 5 5
# ave_measured_val[1][1] = 597
# hoge
# min_loss : 264  estimate[55] = 0
# min_loss : 224  estimate[55] = 36
# min_loss : 184  estimate[55] = 37
# min_loss : 144  estimate[55] = 40
# min_loss : 104  estimate[55] = 43
# min_loss : 48  estimate[55] = 56
# min_loss : 36  estimate[55] = 64
56 -5 -5
56 -5 -5
56 -5 -5
56 -5 -5
56 -5 -5
56 -5 -5
56 -5 -5
56 -5 -5
56 -5 -5
56 -5 -5
# ave_measured_val[0][0] = 663
56 -5 5
56 -5 5
56 -5 5
56 -5 5
56 -5 5
56 -5 5
56 -5 5
56 -5 5
56 -5 5
56 -5 5
# ave_measured_val[0][1] = 626
56 5 -5
56 5 -5
56 5 -5
56 5 -5
56 5 -5
56 5 -5
56 5 -5
56 5 -5
56 5 -5
56 5 -5
# ave_measured_val[1][0] = 565
56 5 5
56 5 5
56 5 5
56 5 5
56 5 5
56 5 5
56 5 5
56 5 5
56 5 5
56 5 5
# ave_measured_val[1][1] = 568
# hoge
# min_loss : 196  estimate[56] = 0
# min_loss : 74  estimate[56] = 1
# min_loss : 72  estimate[56] = 85
57 -5 -5
57 -5 -5
57 -5 -5
57 -5 -5
57 -5 -5
57 -5 -5
57 -5 -5
57 -5 -5
57 -5 -5
57 -5 -5
# ave_measured_val[0][0] = 588
57 -5 5
57 -5 5
57 -5 5
57 -5 5
57 -5 5
57 -5 5
57 -5 5
57 -5 5
57 -5 5
57 -5 5
# ave_measured_val[0][1] = 639
57 5 -5
57 5 -5
57 5 -5
57 5 -5
57 5 -5
57 5 -5
57 5 -5
57 5 -5
57 5 -5
57 5 -5
# ave_measured_val[1][0] = 668
57 5 5
57 5 5
57 5 5
57 5 5
57 5 5
57 5 5
57 5 5
57 5 5
57 5 5
57 5 5
# ave_measured_val[1][1] = 624
# hoge
# min_loss : 159  estimate[57] = 0
# min_loss : 137  estimate[57] = 6
# min_loss : 117  estimate[57] = 32
# min_loss : 95  estimate[57] = 36
58 -5 -5
58 -5 -5
58 -5 -5
58 -5 -5
58 -5 -5
58 -5 -5
58 -5 -5
58 -5 -5
58 -5 -5
58 -5 -5
# ave_measured_val[0][0] = 666
58 -5 5
58 -5 5
58 -5 5
58 -5 5
58 -5 5
58 -5 5
58 -5 5
58 -5 5
58 -5 5
58 -5 5
# ave_measured_val[0][1] = 709
58 5 -5
58 5 -5
58 5 -5
58 5 -5
58 5 -5
58 5 -5
58 5 -5
58 5 -5
58 5 -5
58 5 -5
# ave_measured_val[1][0] = 511
58 5 5
58 5 5
58 5 5
58 5 5
58 5 5
58 5 5
58 5 5
58 5 5
58 5 5
58 5 5
# ave_measured_val[1][1] = 625
# hoge
# min_loss : 309  estimate[58] = 0
# min_loss : 149  estimate[58] = 1
# min_loss : 129  estimate[58] = 4
# min_loss : 111  estimate[58] = 13
# min_loss : 81  estimate[58] = 19
# min_loss : 71  estimate[58] = 23
59 -5 -5
59 -5 -5
59 -5 -5
59 -5 -5
59 -5 -5
59 -5 -5
59 -5 -5
59 -5 -5
59 -5 -5
59 -5 -5
# ave_measured_val[0][0] = 542
59 -5 5
59 -5 5
59 -5 5
59 -5 5
59 -5 5
59 -5 5
59 -5 5
59 -5 5
59 -5 5
59 -5 5
# ave_measured_val[0][1] = 622
59 5 -5
59 5 -5
59 5 -5
59 5 -5
59 5 -5
59 5 -5
59 5 -5
59 5 -5
59 5 -5
59 5 -5
# ave_measured_val[1][0] = 607
59 5 5
59 5 5
59 5 5
59 5 5
59 5 5
59 5 5
59 5 5
59 5 5
59 5 5
59 5 5
# ave_measured_val[1][1] = 710
# hoge
# min_loss : 177  estimate[59] = 0
# min_loss : 147  estimate[59] = 2
# min_loss : 103  estimate[59] = 3
# min_loss : 27  estimate[59] = 9
60 -5 -5
60 -5 -5
60 -5 -5
60 -5 -5
60 -5 -5
60 -5 -5
60 -5 -5
60 -5 -5
60 -5 -5
60 -5 -5
# ave_measured_val[0][0] = 556
60 -5 5
60 -5 5
60 -5 5
60 -5 5
60 -5 5
60 -5 5
60 -5 5
60 -5 5
60 -5 5
60 -5 5
# ave_measured_val[0][1] = 543
60 5 -5
60 5 -5
60 5 -5
60 5 -5
60 5 -5
60 5 -5
60 5 -5
60 5 -5
60 5 -5
60 5 -5
# ave_measured_val[1][0] = 649
60 5 5
60 5 5
60 5 5
60 5 5
60 5 5
60 5 5
60 5 5
60 5 5
60 5 5
60 5 5
# ave_measured_val[1][1] = 666
# hoge
# min_loss : 176  estimate[60] = 0
# min_loss : 88  estimate[60] = 2
# min_loss : 78  estimate[60] = 3
# min_loss : 44  estimate[60] = 86
# min_loss : 30  estimate[60] = 92
61 -5 -5
61 -5 -5
61 -5 -5
61 -5 -5
61 -5 -5
61 -5 -5
61 -5 -5
61 -5 -5
61 -5 -5
61 -5 -5
# ave_measured_val[0][0] = 612
61 -5 5
61 -5 5
61 -5 5
61 -5 5
61 -5 5
61 -5 5
61 -5 5
61 -5 5
61 -5 5
61 -5 5
# ave_measured_val[0][1] = 611
61 5 -5
61 5 -5
61 5 -5
61 5 -5
61 5 -5
61 5 -5
61 5 -5
61 5 -5
61 5 -5
61 5 -5
# ave_measured_val[1][0] = 572
61 5 5
61 5 5
61 5 5
61 5 5
61 5 5
61 5 5
61 5 5
61 5 5
61 5 5
61 5 5
# ave_measured_val[1][1] = 499
# hoge
# min_loss : 192  estimate[61] = 0
# min_loss : 190  estimate[61] = 1
# min_loss : 186  estimate[61] = 47
# min_loss : 126  estimate[61] = 70
# min_loss : 88  estimate[61] = 81
# min_loss : 72  estimate[61] = 85
62 -5 -5
62 -5 -5
62 -5 -5
62 -5 -5
62 -5 -5
62 -5 -5
62 -5 -5
62 -5 -5
62 -5 -5
62 -5 -5
# ave_measured_val[0][0] = 658
62 -5 5
62 -5 5
62 -5 5
62 -5 5
62 -5 5
62 -5 5
62 -5 5
62 -5 5
62 -5 5
62 -5 5
# ave_measured_val[0][1] = 623
62 5 -5
62 5 -5
62 5 -5
62 5 -5
62 5 -5
62 5 -5
62 5 -5
62 5 -5
62 5 -5
62 5 -5
# ave_measured_val[1][0] = 588
62 5 5
62 5 5
62 5 5
62 5 5
62 5 5
62 5 5
62 5 5
62 5 5
62 5 5
62 5 5
# ave_measured_val[1][1] = 540
# hoge
# min_loss : 193  estimate[62] = 0
# min_loss : 123  estimate[62] = 1
# min_loss : 111  estimate[62] = 46
# min_loss : 71  estimate[62] = 47
# min_loss : 53  estimate[62] = 81
# min_loss : 49  estimate[62] = 85
63 -5 -5
63 -5 -5
63 -5 -5
63 -5 -5
63 -5 -5
63 -5 -5
63 -5 -5
63 -5 -5
63 -5 -5
63 -5 -5
# ave_measured_val[0][0] = 639
63 -5 5
63 -5 5
63 -5 5
63 -5 5
63 -5 5
63 -5 5
63 -5 5
63 -5 5
63 -5 5
63 -5 5
# ave_measured_val[0][1] = 702
63 5 -5
63 5 -5
63 5 -5
63 5 -5
63 5 -5
63 5 -5
63 5 -5
63 5 -5
63 5 -5
63 5 -5
# ave_measured_val[1][0] = 492
63 5 5
63 5 5
63 5 5
63 5 5
63 5 5
63 5 5
63 5 5
63 5 5
63 5 5
63 5 5
# ave_measured_val[1][1] = 641
# hoge
# min_loss : 310  estimate[63] = 0
# min_loss : 172  estimate[63] = 1
# min_loss : 132  estimate[63] = 4
# min_loss : 128  estimate[63] = 12
# min_loss : 110  estimate[63] = 13
# min_loss : 86  estimate[63] = 19
64 -5 -5
64 -5 -5
64 -5 -5
64 -5 -5
64 -5 -5
64 -5 -5
64 -5 -5
64 -5 -5
64 -5 -5
64 -5 -5
# ave_measured_val[0][0] = 483
64 -5 5
64 -5 5
64 -5 5
64 -5 5
64 -5 5
64 -5 5
64 -5 5
64 -5 5
64 -5 5
64 -5 5
# ave_measured_val[0][1] = 571
64 5 -5
64 5 -5
64 5 -5
64 5 -5
64 5 -5
64 5 -5
64 5 -5
64 5 -5
64 5 -5
64 5 -5
# ave_measured_val[1][0] = 633
64 5 5
64 5 5
64 5 5
64 5 5
64 5 5
64 5 5
64 5 5
64 5 5
64 5 5
64 5 5
# ave_measured_val[1][1] = 683
# hoge
# min_loss : 222  estimate[64] = 0
# min_loss : 84  estimate[64] = 2
65 -5 -5
65 -5 -5
65 -5 -5
65 -5 -5
65 -5 -5
65 -5 -5
65 -5 -5
65 -5 -5
65 -5 -5
65 -5 -5
# ave_measured_val[0][0] = 586
65 -5 5
65 -5 5
65 -5 5
65 -5 5
65 -5 5
65 -5 5
65 -5 5
65 -5 5
65 -5 5
65 -5 5
# ave_measured_val[0][1] = 583
65 5 -5
65 5 -5
65 5 -5
65 5 -5
65 5 -5
65 5 -5
65 5 -5
65 5 -5
65 5 -5
65 5 -5
# ave_measured_val[1][0] = 594
65 5 5
65 5 5
65 5 5
65 5 5
65 5 5
65 5 5
65 5 5
65 5 5
65 5 5
65 5 5
# ave_measured_val[1][1] = 608
# hoge
# min_loss : 29  estimate[65] = 0
66 -5 -5
66 -5 -5
66 -5 -5
66 -5 -5
66 -5 -5
66 -5 -5
66 -5 -5
66 -5 -5
66 -5 -5
66 -5 -5
# ave_measured_val[0][0] = 699
66 -5 5
66 -5 5
66 -5 5
66 -5 5
66 -5 5
66 -5 5
66 -5 5
66 -5 5
66 -5 5
66 -5 5
# ave_measured_val[0][1] = 638
66 5 -5
66 5 -5
66 5 -5
66 5 -5
66 5 -5
66 5 -5
66 5 -5
66 5 -5
66 5 -5
66 5 -5
# ave_measured_val[1][0] = 631
66 5 5
66 5 5
66 5 5
66 5 5
66 5 5
66 5 5
66 5 5
66 5 5
66 5 5
66 5 5
# ave_measured_val[1][1] = 574
# hoge
# min_loss : 254  estimate[66] = 0
# min_loss : 166  estimate[66] = 1
# min_loss : 158  estimate[66] = 34
# min_loss : 80  estimate[66] = 38
# min_loss : 58  estimate[66] = 44
67 -5 -5
67 -5 -5
67 -5 -5
67 -5 -5
67 -5 -5
67 -5 -5
67 -5 -5
67 -5 -5
67 -5 -5
67 -5 -5
# ave_measured_val[0][0] = 595
67 -5 5
67 -5 5
67 -5 5
67 -5 5
67 -5 5
67 -5 5
67 -5 5
67 -5 5
67 -5 5
67 -5 5
# ave_measured_val[0][1] = 551
67 5 -5
67 5 -5
67 5 -5
67 5 -5
67 5 -5
67 5 -5
67 5 -5
67 5 -5
67 5 -5
67 5 -5
# ave_measured_val[1][0] = 735
67 5 5
67 5 5
67 5 5
67 5 5
67 5 5
67 5 5
67 5 5
67 5 5
67 5 5
67 5 5
# ave_measured_val[1][1] = 604
# hoge
# min_loss : 215  estimate[67] = 0
# min_loss : 175  estimate[67] = 36
# min_loss : 105  estimate[67] = 40
# min_loss : 87  estimate[67] = 43
68 -5 -5
68 -5 -5
68 -5 -5
68 -5 -5
68 -5 -5
68 -5 -5
68 -5 -5
68 -5 -5
68 -5 -5
68 -5 -5
# ave_measured_val[0][0] = 597
68 -5 5
68 -5 5
68 -5 5
68 -5 5
68 -5 5
68 -5 5
68 -5 5
68 -5 5
68 -5 5
68 -5 5
# ave_measured_val[0][1] = 720
68 5 -5
68 5 -5
68 5 -5
68 5 -5
68 5 -5
68 5 -5
68 5 -5
68 5 -5
68 5 -5
68 5 -5
# ave_measured_val[1][0] = 541
68 5 5
68 5 5
68 5 5
68 5 5
68 5 5
68 5 5
68 5 5
68 5 5
68 5 5
68 5 5
# ave_measured_val[1][1] = 635
# hoge
# min_loss : 231  estimate[68] = 0
# min_loss : 177  estimate[68] = 1
# min_loss : 137  estimate[68] = 4
# min_loss : 107  estimate[68] = 6
# min_loss : 67  estimate[68] = 12
# min_loss : 59  estimate[68] = 19
# min_loss : 57  estimate[68] = 25
69 -5 -5
69 -5 -5
69 -5 -5
69 -5 -5
69 -5 -5
69 -5 -5
69 -5 -5
69 -5 -5
69 -5 -5
69 -5 -5
# ave_measured_val[0][0] = 762
69 -5 5
69 -5 5
69 -5 5
69 -5 5
69 -5 5
69 -5 5
69 -5 5
69 -5 5
69 -5 5
69 -5 5
# ave_measured_val[0][1] = 623
69 5 -5
69 5 -5
69 5 -5
69 5 -5
69 5 -5
69 5 -5
69 5 -5
69 5 -5
69 5 -5
69 5 -5
# ave_measured_val[1][0] = 672
69 5 5
69 5 5
69 5 5
69 5 5
69 5 5
69 5 5
69 5 5
69 5 5
69 5 5
69 5 5
# ave_measured_val[1][1] = 559
# hoge
# min_loss : 358  estimate[69] = 0
# min_loss : 292  estimate[69] = 1
# min_loss : 258  estimate[69] = 37
# min_loss : 212  estimate[69] = 38
# min_loss : 132  estimate[69] = 44
# min_loss : 90  estimate[69] = 53
# min_loss : 78  estimate[69] = 59
70 -5 -5
70 -5 -5
70 -5 -5
70 -5 -5
70 -5 -5
70 -5 -5
70 -5 -5
70 -5 -5
70 -5 -5
70 -5 -5
# ave_measured_val[0][0] = 686
70 -5 5
70 -5 5
70 -5 5
70 -5 5
70 -5 5
70 -5 5
70 -5 5
70 -5 5
70 -5 5
70 -5 5
# ave_measured_val[0][1] = 610
70 5 -5
70 5 -5
70 5 -5
70 5 -5
70 5 -5
70 5 -5
70 5 -5
70 5 -5
70 5 -5
70 5 -5
# ave_measured_val[1][0] = 703
70 5 5
70 5 5
70 5 5
70 5 5
70 5 5
70 5 5
70 5 5
70 5 5
70 5 5
70 5 5
# ave_measured_val[1][1] = 568
# hoge
# min_loss : 291  estimate[70] = 0
# min_loss : 251  estimate[70] = 1
# min_loss : 191  estimate[70] = 37
# min_loss : 139  estimate[70] = 44
# min_loss : 105  estimate[70] = 49
# min_loss : 59  estimate[70] = 52
71 -5 -5
71 -5 -5
71 -5 -5
71 -5 -5
71 -5 -5
71 -5 -5
71 -5 -5
71 -5 -5
71 -5 -5
71 -5 -5
# ave_measured_val[0][0] = 676
71 -5 5
71 -5 5
71 -5 5
71 -5 5
71 -5 5
71 -5 5
71 -5 5
71 -5 5
71 -5 5
71 -5 5
# ave_measured_val[0][1] = 641
71 5 -5
71 5 -5
71 5 -5
71 5 -5
71 5 -5
71 5 -5
71 5 -5
71 5 -5
71 5 -5
71 5 -5
# ave_measured_val[1][0] = 617
71 5 5
71 5 5
71 5 5
71 5 5
71 5 5
71 5 5
71 5 5
71 5 5
71 5 5
71 5 5
# ave_measured_val[1][1] = 563
# hoge
# min_loss : 231  estimate[71] = 0
# min_loss : 129  estimate[71] = 1
# min_loss : 103  estimate[71] = 38
# min_loss : 63  estimate[71] = 46
72 -5 -5
72 -5 -5
72 -5 -5
72 -5 -5
72 -5 -5
72 -5 -5
72 -5 -5
72 -5 -5
72 -5 -5
72 -5 -5
# ave_measured_val[0][0] = 593
72 -5 5
72 -5 5
72 -5 5
72 -5 5
72 -5 5
72 -5 5
72 -5 5
72 -5 5
72 -5 5
72 -5 5
# ave_measured_val[0][1] = 625
72 5 -5
72 5 -5
72 5 -5
72 5 -5
72 5 -5
72 5 -5
72 5 -5
72 5 -5
72 5 -5
72 5 -5
# ave_measured_val[1][0] = 588
72 5 5
72 5 5
72 5 5
72 5 5
72 5 5
72 5 5
72 5 5
72 5 5
72 5 5
72 5 5
# ave_measured_val[1][1] = 582
# hoge
# min_loss : 88  estimate[72] = 0
# min_loss : 66  estimate[72] = 90
# min_loss : 48  estimate[72] = 93
73 -5 -5
73 -5 -5
73 -5 -5
73 -5 -5
73 -5 -5
73 -5 -5
73 -5 -5
73 -5 -5
73 -5 -5
73 -5 -5
# ave_measured_val[0][0] = 524
73 -5 5
73 -5 5
73 -5 5
73 -5 5
73 -5 5
73 -5 5
73 -5 5
73 -5 5
73 -5 5
73 -5 5
# ave_measured_val[0][1] = 625
73 5 -5
73 5 -5
73 5 -5
73 5 -5
73 5 -5
73 5 -5
73 5 -5
73 5 -5
73 5 -5
73 5 -5
# ave_measured_val[1][0] = 573
73 5 5
73 5 5
73 5 5
73 5 5
73 5 5
73 5 5
73 5 5
73 5 5
73 5 5
73 5 5
# ave_measured_val[1][1] = 659
# hoge
# min_loss : 147  estimate[73] = 0
# min_loss : 117  estimate[73] = 2
# min_loss : 93  estimate[73] = 8
74 -5 -5
74 -5 -5
74 -5 -5
74 -5 -5
74 -5 -5
74 -5 -5
74 -5 -5
74 -5 -5
74 -5 -5
74 -5 -5
# ave_measured_val[0][0] = 622
74 -5 5
74 -5 5
74 -5 5
74 -5 5
74 -5 5
74 -5 5
74 -5 5
74 -5 5
74 -5 5
74 -5 5
# ave_measured_val[0][1] = 720
74 5 -5
74 5 -5
74 5 -5
74 5 -5
74 5 -5
74 5 -5
74 5 -5
74 5 -5
74 5 -5
74 5 -5
# ave_measured_val[1][0] = 563
74 5 5
74 5 5
74 5 5
74 5 5
74 5 5
74 5 5
74 5 5
74 5 5
74 5 5
74 5 5
# ave_measured_val[1][1] = 699
# hoge
# min_loss : 298  estimate[74] = 0
# min_loss : 220  estimate[74] = 1
# min_loss : 160  estimate[74] = 4
# min_loss : 158  estimate[74] = 6
# min_loss : 138  estimate[74] = 10
# min_loss : 84  estimate[74] = 12
# min_loss : 38  estimate[74] = 18
75 -5 -5
75 -5 -5
75 -5 -5
75 -5 -5
75 -5 -5
75 -5 -5
75 -5 -5
75 -5 -5
75 -5 -5
75 -5 -5
# ave_measured_val[0][0] = 715
75 -5 5
75 -5 5
75 -5 5
75 -5 5
75 -5 5
75 -5 5
75 -5 5
75 -5 5
75 -5 5
75 -5 5
# ave_measured_val[0][1] = 607
75 5 -5
75 5 -5
75 5 -5
75 5 -5
75 5 -5
75 5 -5
75 5 -5
75 5 -5
75 5 -5
75 5 -5
# ave_measured_val[1][0] = 693
75 5 5
75 5 5
75 5 5
75 5 5
75 5 5
75 5 5
75 5 5
75 5 5
75 5 5
75 5 5
# ave_measured_val[1][1] = 609
# hoge
# min_loss : 266  estimate[75] = 0
# min_loss : 232  estimate[75] = 33
# min_loss : 226  estimate[75] = 36
# min_loss : 166  estimate[75] = 37
# min_loss : 110  estimate[75] = 44
# min_loss : 100  estimate[75] = 49
# min_loss : 38  estimate[75] = 52
76 -5 -5
76 -5 -5
76 -5 -5
76 -5 -5
76 -5 -5
76 -5 -5
76 -5 -5
76 -5 -5
76 -5 -5
76 -5 -5
# ave_measured_val[0][0] = 500
76 -5 5
76 -5 5
76 -5 5
76 -5 5
76 -5 5
76 -5 5
76 -5 5
76 -5 5
76 -5 5
76 -5 5
# ave_measured_val[0][1] = 634
76 5 -5
76 5 -5
76 5 -5
76 5 -5
76 5 -5
76 5 -5
76 5 -5
76 5 -5
76 5 -5
76 5 -5
# ave_measured_val[1][0] = 531
76 5 5
76 5 5
76 5 5
76 5 5
76 5 5
76 5 5
76 5 5
76 5 5
76 5 5
76 5 5
# ave_measured_val[1][1] = 643
# hoge
# min_loss : 206  estimate[76] = 0
# min_loss : 200  estimate[76] = 2
# min_loss : 178  estimate[76] = 6
# min_loss : 126  estimate[76] = 8
77 -5 -5
77 -5 -5
77 -5 -5
77 -5 -5
77 -5 -5
77 -5 -5
77 -5 -5
77 -5 -5
77 -5 -5
77 -5 -5
# ave_measured_val[0][0] = 733
77 -5 5
77 -5 5
77 -5 5
77 -5 5
77 -5 5
77 -5 5
77 -5 5
77 -5 5
77 -5 5
77 -5 5
# ave_measured_val[0][1] = 669
77 5 -5
77 5 -5
77 5 -5
77 5 -5
77 5 -5
77 5 -5
77 5 -5
77 5 -5
77 5 -5
77 5 -5
# ave_measured_val[1][0] = 596
77 5 5
77 5 5
77 5 5
77 5 5
77 5 5
77 5 5
77 5 5
77 5 5
77 5 5
77 5 5
# ave_measured_val[1][1] = 517
# hoge
# min_loss : 341  estimate[77] = 0
# min_loss : 183  estimate[77] = 1
# min_loss : 151  estimate[77] = 38
# min_loss : 131  estimate[77] = 39
# min_loss : 91  estimate[77] = 45
# min_loss : 89  estimate[77] = 46
78 -5 -5
78 -5 -5
78 -5 -5
78 -5 -5
78 -5 -5
78 -5 -5
78 -5 -5
78 -5 -5
78 -5 -5
78 -5 -5
# ave_measured_val[0][0] = 593
78 -5 5
78 -5 5
78 -5 5
78 -5 5
78 -5 5
78 -5 5
78 -5 5
78 -5 5
78 -5 5
78 -5 5
# ave_measured_val[0][1] = 623
78 5 -5
78 5 -5
78 5 -5
78 5 -5
78 5 -5
78 5 -5
78 5 -5
78 5 -5
78 5 -5
78 5 -5
# ave_measured_val[1][0] = 508
78 5 5
78 5 5
78 5 5
78 5 5
78 5 5
78 5 5
78 5 5
78 5 5
78 5 5
78 5 5
# ave_measured_val[1][1] = 594
# hoge
# min_loss : 154  estimate[78] = 0
# min_loss : 150  estimate[78] = 5
# min_loss : 90  estimate[78] = 7
# min_loss : 88  estimate[78] = 13
79 -5 -5
79 -5 -5
79 -5 -5
79 -5 -5
79 -5 -5
79 -5 -5
79 -5 -5
79 -5 -5
79 -5 -5
79 -5 -5
# ave_measured_val[0][0] = 633
79 -5 5
79 -5 5
79 -5 5
79 -5 5
79 -5 5
79 -5 5
79 -5 5
79 -5 5
79 -5 5
79 -5 5
# ave_measured_val[0][1] = 765
79 5 -5
79 5 -5
79 5 -5
79 5 -5
79 5 -5
79 5 -5
79 5 -5
79 5 -5
79 5 -5
79 5 -5
# ave_measured_val[1][0] = 529
79 5 5
79 5 5
79 5 5
79 5 5
79 5 5
79 5 5
79 5 5
79 5 5
79 5 5
79 5 5
# ave_measured_val[1][1] = 644
# hoge
# min_loss : 333  estimate[79] = 0
# min_loss : 207  estimate[79] = 1
# min_loss : 167  estimate[79] = 4
# min_loss : 145  estimate[79] = 12
# min_loss : 53  estimate[79] = 19
80 -5 -5
80 -5 -5
80 -5 -5
80 -5 -5
80 -5 -5
80 -5 -5
80 -5 -5
80 -5 -5
80 -5 -5
80 -5 -5
# ave_measured_val[0][0] = 669
80 -5 5
80 -5 5
80 -5 5
80 -5 5
80 -5 5
80 -5 5
80 -5 5
80 -5 5
80 -5 5
80 -5 5
# ave_measured_val[0][1] = 579
80 5 -5
80 5 -5
80 5 -5
80 5 -5
80 5 -5
80 5 -5
80 5 -5
80 5 -5
80 5 -5
80 5 -5
# ave_measured_val[1][0] = 684
80 5 5
80 5 5
80 5 5
80 5 5
80 5 5
80 5 5
80 5 5
80 5 5
80 5 5
80 5 5
# ave_measured_val[1][1] = 628
# hoge
# min_loss : 222  estimate[80] = 0
# min_loss : 186  estimate[80] = 33
# min_loss : 146  estimate[80] = 36
# min_loss : 122  estimate[80] = 37
# min_loss : 96  estimate[80] = 43
# min_loss : 40  estimate[80] = 49
81 -5 -5
81 -5 -5
81 -5 -5
81 -5 -5
81 -5 -5
81 -5 -5
81 -5 -5
81 -5 -5
81 -5 -5
81 -5 -5
# ave_measured_val[0][0] = 616
81 -5 5
81 -5 5
81 -5 5
81 -5 5
81 -5 5
81 -5 5
81 -5 5
81 -5 5
81 -5 5
81 -5 5
# ave_measured_val[0][1] = 689
81 5 -5
81 5 -5
81 5 -5
81 5 -5
81 5 -5
81 5 -5
81 5 -5
81 5 -5
81 5 -5
81 5 -5
# ave_measured_val[1][0] = 441
81 5 5
81 5 5
81 5 5
81 5 5
81 5 5
81 5 5
81 5 5
81 5 5
81 5 5
81 5 5
# ave_measured_val[1][1] = 588
# hoge
# min_loss : 316  estimate[81] = 0
# min_loss : 180  estimate[81] = 1
# min_loss : 164  estimate[81] = 4
# min_loss : 140  estimate[81] = 5
# min_loss : 112  estimate[81] = 7
82 -5 -5
82 -5 -5
82 -5 -5
82 -5 -5
82 -5 -5
82 -5 -5
82 -5 -5
82 -5 -5
82 -5 -5
82 -5 -5
# ave_measured_val[0][0] = 594
82 -5 5
82 -5 5
82 -5 5
82 -5 5
82 -5 5
82 -5 5
82 -5 5
82 -5 5
82 -5 5
82 -5 5
# ave_measured_val[0][1] = 631
82 5 -5
82 5 -5
82 5 -5
82 5 -5
82 5 -5
82 5 -5
82 5 -5
82 5 -5
82 5 -5
82 5 -5
# ave_measured_val[1][0] = 621
82 5 5
82 5 5
82 5 5
82 5 5
82 5 5
82 5 5
82 5 5
82 5 5
82 5 5
82 5 5
# ave_measured_val[1][1] = 677
# hoge
# min_loss : 163  estimate[82] = 0
# min_loss : 127  estimate[82] = 3
# min_loss : 113  estimate[82] = 6
# min_loss : 89  estimate[82] = 9
# min_loss : 67  estimate[82] = 21
83 -5 -5
83 -5 -5
83 -5 -5
83 -5 -5
83 -5 -5
83 -5 -5
83 -5 -5
83 -5 -5
83 -5 -5
83 -5 -5
# ave_measured_val[0][0] = 694
83 -5 5
83 -5 5
83 -5 5
83 -5 5
83 -5 5
83 -5 5
83 -5 5
83 -5 5
83 -5 5
83 -5 5
# ave_measured_val[0][1] = 604
83 5 -5
83 5 -5
83 5 -5
83 5 -5
83 5 -5
83 5 -5
83 5 -5
83 5 -5
83 5 -5
83 5 -5
# ave_measured_val[1][0] = 649
83 5 5
83 5 5
83 5 5
83 5 5
83 5 5
83 5 5
83 5 5
83 5 5
83 5 5
83 5 5
# ave_measured_val[1][1] = 527
# hoge
# min_loss : 280  estimate[83] = 0
# min_loss : 252  estimate[83] = 1
# min_loss : 242  estimate[83] = 36
# min_loss : 180  estimate[83] = 37
# min_loss : 126  estimate[83] = 44
# min_loss : 124  estimate[83] = 46
# min_loss : 104  estimate[83] = 47
# min_loss : 42  estimate[83] = 54
# min_loss : 40  estimate[83] = 61
84 -5 -5
84 -5 -5
84 -5 -5
84 -5 -5
84 -5 -5
84 -5 -5
84 -5 -5
84 -5 -5
84 -5 -5
84 -5 -5
# ave_measured_val[0][0] = 604
84 -5 5
84 -5 5
84 -5 5
84 -5 5
84 -5 5
84 -5 5
84 -5 5
84 -5 5
84 -5 5
84 -5 5
# ave_measured_val[0][1] = 705
84 5 -5
84 5 -5
84 5 -5
84 5 -5
84 5 -5
84 5 -5
84 5 -5
84 5 -5
84 5 -5
84 5 -5
# ave_measured_val[1][0] = 585
84 5 5
84 5 5
84 5 5
84 5 5
84 5 5
84 5 5
84 5 5
84 5 5
84 5 5
84 5 5
# ave_measured_val[1][1] = 668
# hoge
# min_loss : 212  estimate[84] = 0
# min_loss : 154  estimate[84] = 4
# min_loss : 82  estimate[84] = 6
# min_loss : 42  estimate[84] = 12
85 -5 -5
85 -5 -5
85 -5 -5
85 -5 -5
85 -5 -5
85 -5 -5
85 -5 -5
85 -5 -5
85 -5 -5
85 -5 -5
# ave_measured_val[0][0] = 624
85 -5 5
85 -5 5
85 -5 5
85 -5 5
85 -5 5
85 -5 5
85 -5 5
85 -5 5
85 -5 5
85 -5 5
# ave_measured_val[0][1] = 724
85 5 -5
85 5 -5
85 5 -5
85 5 -5
85 5 -5
85 5 -5
85 5 -5
85 5 -5
85 5 -5
85 5 -5
# ave_measured_val[1][0] = 564
85 5 5
85 5 5
85 5 5
85 5 5
85 5 5
85 5 5
85 5 5
85 5 5
85 5 5
85 5 5
# ave_measured_val[1][1] = 631
# hoge
# min_loss : 235  estimate[85] = 0
# min_loss : 155  estimate[85] = 1
# min_loss : 95  estimate[85] = 4
# min_loss : 81  estimate[85] = 12
# min_loss : 73  estimate[85] = 18
# min_loss : 47  estimate[85] = 19
86 -5 -5
86 -5 -5
86 -5 -5
86 -5 -5
86 -5 -5
86 -5 -5
86 -5 -5
86 -5 -5
86 -5 -5
86 -5 -5
# ave_measured_val[0][0] = 568
86 -5 5
86 -5 5
86 -5 5
86 -5 5
86 -5 5
86 -5 5
86 -5 5
86 -5 5
86 -5 5
86 -5 5
# ave_measured_val[0][1] = 648
86 5 -5
86 5 -5
86 5 -5
86 5 -5
86 5 -5
86 5 -5
86 5 -5
86 5 -5
86 5 -5
86 5 -5
# ave_measured_val[1][0] = 688
86 5 5
86 5 5
86 5 5
86 5 5
86 5 5
86 5 5
86 5 5
86 5 5
86 5 5
86 5 5
# ave_measured_val[1][1] = 747
# hoge
# min_loss : 295  estimate[86] = 0
# min_loss : 291  estimate[86] = 2
# min_loss : 171  estimate[86] = 3
# min_loss : 131  estimate[86] = 11
# min_loss : 115  estimate[86] = 15
# min_loss : 91  estimate[86] = 26
87 -5 -5
87 -5 -5
87 -5 -5
87 -5 -5
87 -5 -5
87 -5 -5
87 -5 -5
87 -5 -5
87 -5 -5
87 -5 -5
# ave_measured_val[0][0] = 630
87 -5 5
87 -5 5
87 -5 5
87 -5 5
87 -5 5
87 -5 5
87 -5 5
87 -5 5
87 -5 5
87 -5 5
# ave_measured_val[0][1] = 552
87 5 -5
87 5 -5
87 5 -5
87 5 -5
87 5 -5
87 5 -5
87 5 -5
87 5 -5
87 5 -5
87 5 -5
# ave_measured_val[1][0] = 779
87 5 5
87 5 5
87 5 5
87 5 5
87 5 5
87 5 5
87 5 5
87 5 5
87 5 5
87 5 5
# ave_measured_val[1][1] = 643
# hoge
# min_loss : 320  estimate[87] = 0
# min_loss : 294  estimate[87] = 2
# min_loss : 274  estimate[87] = 33
# min_loss : 214  estimate[87] = 36
# min_loss : 134  estimate[87] = 40
# min_loss : 124  estimate[87] = 43
# min_loss : 94  estimate[87] = 48
# min_loss : 80  estimate[87] = 50
88 -5 -5
88 -5 -5
88 -5 -5
88 -5 -5
88 -5 -5
88 -5 -5
88 -5 -5
88 -5 -5
88 -5 -5
88 -5 -5
# ave_measured_val[0][0] = 697
88 -5 5
88 -5 5
88 -5 5
88 -5 5
88 -5 5
88 -5 5
88 -5 5
88 -5 5
88 -5 5
88 -5 5
# ave_measured_val[0][1] = 599
88 5 -5
88 5 -5
88 5 -5
88 5 -5
88 5 -5
88 5 -5
88 5 -5
88 5 -5
88 5 -5
88 5 -5
# ave_measured_val[1][0] = 611
88 5 5
88 5 5
88 5 5
88 5 5
88 5 5
88 5 5
88 5 5
88 5 5
88 5 5
88 5 5
# ave_measured_val[1][1] = 572
# hoge
# min_loss : 195  estimate[88] = 0
# min_loss : 181  estimate[88] = 1
# min_loss : 177  estimate[88] = 34
# min_loss : 155  estimate[88] = 37
# min_loss : 121  estimate[88] = 38
# min_loss : 87  estimate[88] = 46
# min_loss : 77  estimate[88] = 54
89 -5 -5
89 -5 -5
89 -5 -5
89 -5 -5
89 -5 -5
89 -5 -5
89 -5 -5
89 -5 -5
89 -5 -5
89 -5 -5
# ave_measured_val[0][0] = 666
89 -5 5
89 -5 5
89 -5 5
89 -5 5
89 -5 5
89 -5 5
89 -5 5
89 -5 5
89 -5 5
89 -5 5
# ave_measured_val[0][1] = 567
89 5 -5
89 5 -5
89 5 -5
89 5 -5
89 5 -5
89 5 -5
89 5 -5
89 5 -5
89 5 -5
89 5 -5
# ave_measured_val[1][0] = 686
89 5 5
89 5 5
89 5 5
89 5 5
89 5 5
89 5 5
89 5 5
89 5 5
89 5 5
89 5 5
# ave_measured_val[1][1] = 568
# hoge
# min_loss : 257  estimate[89] = 0
# min_loss : 217  estimate[89] = 36
# min_loss : 177  estimate[89] = 37
# min_loss : 139  estimate[89] = 43
# min_loss : 113  estimate[89] = 49
# min_loss : 101  estimate[89] = 54
# min_loss : 25  estimate[89] = 55
90 -5 -5
90 -5 -5
90 -5 -5
90 -5 -5
90 -5 -5
90 -5 -5
90 -5 -5
90 -5 -5
90 -5 -5
90 -5 -5
# ave_measured_val[0][0] = 561
90 -5 5
90 -5 5
90 -5 5
90 -5 5
90 -5 5
90 -5 5
90 -5 5
90 -5 5
90 -5 5
90 -5 5
# ave_measured_val[0][1] = 612
90 5 -5
90 5 -5
90 5 -5
90 5 -5
90 5 -5
90 5 -5
90 5 -5
90 5 -5
90 5 -5
90 5 -5
# ave_measured_val[1][0] = 632
90 5 5
90 5 5
90 5 5
90 5 5
90 5 5
90 5 5
90 5 5
90 5 5
90 5 5
90 5 5
# ave_measured_val[1][1] = 725
# hoge
# min_loss : 188  estimate[90] = 0
# min_loss : 170  estimate[90] = 2
# min_loss : 86  estimate[90] = 3
# min_loss : 66  estimate[90] = 9
# min_loss : 56  estimate[90] = 14
# min_loss : 42  estimate[90] = 26
91 -5 -5
91 -5 -5
91 -5 -5
91 -5 -5
91 -5 -5
91 -5 -5
91 -5 -5
91 -5 -5
91 -5 -5
91 -5 -5
# ave_measured_val[0][0] = 614
91 -5 5
91 -5 5
91 -5 5
91 -5 5
91 -5 5
91 -5 5
91 -5 5
91 -5 5
91 -5 5
91 -5 5
# ave_measured_val[0][1] = 661
91 5 -5
91 5 -5
91 5 -5
91 5 -5
91 5 -5
91 5 -5
91 5 -5
91 5 -5
91 5 -5
91 5 -5
# ave_measured_val[1][0] = 601
91 5 5
91 5 5
91 5 5
91 5 5
91 5 5
91 5 5
91 5 5
91 5 5
91 5 5
91 5 5
# ave_measured_val[1][1] = 634
# hoge
# min_loss : 150  estimate[91] = 0
# min_loss : 120  estimate[91] = 4
# min_loss : 42  estimate[91] = 6
# min_loss : 30  estimate[91] = 32
92 -5 -5
92 -5 -5
92 -5 -5
92 -5 -5
92 -5 -5
92 -5 -5
92 -5 -5
92 -5 -5
92 -5 -5
92 -5 -5
# ave_measured_val[0][0] = 533
92 -5 5
92 -5 5
92 -5 5
92 -5 5
92 -5 5
92 -5 5
92 -5 5
92 -5 5
92 -5 5
92 -5 5
# ave_measured_val[0][1] = 622
92 5 -5
92 5 -5
92 5 -5
92 5 -5
92 5 -5
92 5 -5
92 5 -5
92 5 -5
92 5 -5
92 5 -5
# ave_measured_val[1][0] = 687
92 5 5
92 5 5
92 5 5
92 5 5
92 5 5
92 5 5
92 5 5
92 5 5
92 5 5
92 5 5
# ave_measured_val[1][1] = 684
# hoge
# min_loss : 240  estimate[92] = 0
# min_loss : 166  estimate[92] = 2
# min_loss : 92  estimate[92] = 3
93 -5 -5
93 -5 -5
93 -5 -5
93 -5 -5
93 -5 -5
93 -5 -5
93 -5 -5
93 -5 -5
93 -5 -5
93 -5 -5
# ave_measured_val[0][0] = 753
93 -5 5
93 -5 5
93 -5 5
93 -5 5
93 -5 5
93 -5 5
93 -5 5
93 -5 5
93 -5 5
93 -5 5
# ave_measured_val[0][1] = 615
93 5 -5
93 5 -5
93 5 -5
93 5 -5
93 5 -5
93 5 -5
93 5 -5
93 5 -5
93 5 -5
93 5 -5
# ave_measured_val[1][0] = 648
93 5 5
93 5 5
93 5 5
93 5 5
93 5 5
93 5 5
93 5 5
93 5 5
93 5 5
93 5 5
# ave_measured_val[1][1] = 577
# hoge
# min_loss : 299  estimate[93] = 0
# min_loss : 263  estimate[93] = 1
# min_loss : 249  estimate[93] = 33
# min_loss : 199  estimate[93] = 37
# min_loss : 169  estimate[93] = 38
# min_loss : 93  estimate[93] = 44
# min_loss : 83  estimate[93] = 53
# min_loss : 77  estimate[93] = 59
-1 -1 -1
43
9
26
30
26
44
3
35
25
47
0
56
6
34
56
10
56
69
70
85
1
17
38
37
4
25
1
79
1
35
85
34
70
20
3
6
24
52
45
77
27
40
40
42
9
18
90
34
41
13
8
85
7
84
72
64
85
36
23
9
92
85
85
19
2
0
44
43
25
59
52
46
93
8
18
52
8
46
13
19
49
7
21
61
12
19
26
50
54
55
26
32
3
59
