450 460 470 480 490 500 510 520 530 540 550 560 570 580 590 600 590 580 570 560 550 540 530 520 510 500 490 480 470 460 450 440 430
460 470 480 490 500 510 520 530 540 550 560 570 580 590 600 610 600 590 580 570 560 550 540 530 520 510 500 490 480 470 460 450 440
470 480 490 500 510 520 530 540 550 560 570 580 590 600 610 620 610 600 590 580 570 560 550 540 530 520 510 500 490 480 470 460 450
480 490 500 510 520 530 540 550 560 570 580 590 600 610 620 630 620 610 600 590 580 570 560 550 540 530 520 510 500 490 480 470 460
490 500 510 520 530 540 550 560 570 580 590 600 610 620 630 640 630 620 610 600 590 580 570 560 550 540 530 520 510 500 490 480 470
500 510 520 530 540 550 560 570 580 590 600 610 620 630 640 650 640 630 620 610 600 590 580 570 560 550 540 530 520 510 500 490 480
510 520 530 540 550 560 570 580 590 600 610 620 630 640 650 660 650 640 630 620 610 600 590 580 570 560 550 540 530 520 510 500 490
520 530 540 550 560 570 580 590 600 610 620 630 640 650 660 670 660 650 640 630 620 610 600 590 580 570 560 550 540 530 520 510 500
530 540 550 560 570 580 590 600 610 620 630 640 650 660 670 680 670 660 650 640 630 620 610 600 590 580 570 560 550 540 530 520 510
540 550 560 570 580 590 600 610 620 630 640 650 660 670 680 690 680 670 660 650 640 630 620 610 600 590 580 570 560 550 540 530 520
550 560 570 580 590 600 610 620 630 640 650 660 670 680 690 700 690 680 670 660 650 640 630 620 610 600 590 580 570 560 550 540 530
560 570 580 590 600 610 620 630 640 650 660 670 680 690 700 710 700 690 680 670 660 650 640 630 620 610 600 590 580 570 560 550 540
570 580 590 600 610 620 630 640 650 660 670 680 690 700 710 720 710 700 690 680 670 660 650 640 630 620 610 600 590 580 570 560 550
580 590 600 610 620 630 640 650 660 670 680 690 700 710 720 730 720 710 700 690 680 670 660 650 640 630 620 610 600 590 580 570 560
590 600 610 620 630 640 650 660 670 680 690 700 710 720 730 740 730 720 710 700 690 680 670 660 650 640 630 620 610 600 590 580 570
600 610 620 630 640 650 660 670 680 690 700 710 720 730 740 750 740 730 720 710 700 690 680 670 660 650 640 630 620 610 600 590 580
590 600 610 620 630 640 650 660 670 680 690 700 710 720 730 740 730 720 710 700 690 680 670 660 650 640 630 620 610 600 590 580 570
580 590 600 610 620 630 640 650 660 670 680 690 700 710 720 730 720 710 700 690 680 670 660 650 640 630 620 610 600 590 580 570 560
570 580 590 600 610 620 630 640 650 660 670 680 690 700 710 720 710 700 690 680 670 660 650 640 630 620 610 600 590 580 570 560 550
560 570 580 590 600 610 620 630 640 650 660 670 680 690 700 710 700 690 680 670 660 650 640 630 620 610 600 590 580 570 560 550 540
550 560 570 580 590 600 610 620 630 640 650 660 670 680 690 700 690 680 670 660 650 640 630 620 610 600 590 580 570 560 550 540 530
540 550 560 570 580 590 600 610 620 630 640 650 660 670 680 690 680 670 660 650 640 630 620 610 600 590 580 570 560 550 540 530 520
530 540 550 560 570 580 590 600 610 620 630 640 650 660 670 680 670 660 650 640 630 620 610 600 590 580 570 560 550 540 530 520 510
520 530 540 550 560 570 580 590 600 610 620 630 640 650 660 670 660 650 640 630 620 610 600 590 580 570 560 550 540 530 520 510 500
510 520 530 540 550 560 570 580 590 600 610 620 630 640 650 660 650 640 630 620 610 600 590 580 570 560 550 540 530 520 510 500 490
500 510 520 530 540 550 560 570 580 590 600 610 620 630 640 650 640 630 620 610 600 590 580 570 560 550 540 530 520 510 500 490 480
490 500 510 520 530 540 550 560 570 580 590 600 610 620 630 640 630 620 610 600 590 580 570 560 550 540 530 520 510 500 490 480 470
480 490 500 510 520 530 540 550 560 570 580 590 600 610 620 630 620 610 600 590 580 570 560 550 540 530 520 510 500 490 480 470 460
470 480 490 500 510 520 530 540 550 560 570 580 590 600 610 620 610 600 590 580 570 560 550 540 530 520 510 500 490 480 470 460 450
460 470 480 490 500 510 520 530 540 550 560 570 580 590 600 610 600 590 580 570 560 550 540 530 520 510 500 490 480 470 460 450 440
450 460 470 480 490 500 510 520 530 540 550 560 570 580 590 600 590 580 570 560 550 540 530 520 510 500 490 480 470 460 450 440 430
440 450 460 470 480 490 500 510 520 530 540 550 560 570 580 590 580 570 560 550 540 530 520 510 500 490 480 470 460 450 440 430 420
430 440 450 460 470 480 490 500 510 520 530 540 550 560 570 580 570 560 550 540 530 520 510 500 490 480 470 460 450 440 430 420 410
0 -5 -5
0 -5 -5
0 -5 -5
0 -5 -5
0 -5 -5
0 -5 -5
0 -5 -5
0 -5 -5
0 -5 -5
0 -5 -5
# ave_measured_val[0][0] = 597
0 -5 5
0 -5 5
0 -5 5
0 -5 5
0 -5 5
0 -5 5
0 -5 5
0 -5 5
0 -5 5
0 -5 5
# ave_measured_val[0][1] = 537
0 5 -5
0 5 -5
0 5 -5
0 5 -5
0 5 -5
0 5 -5
0 5 -5
0 5 -5
0 5 -5
0 5 -5
# ave_measured_val[1][0] = 632
0 5 5
0 5 5
0 5 5
0 5 5
0 5 5
0 5 5
0 5 5
0 5 5
0 5 5
0 5 5
# ave_measured_val[1][1] = 583
# hoge
# min_loss : 269  estimate[0] = 0
# min_loss : 169  estimate[0] = 1
# min_loss : 109  estimate[0] = 44
# min_loss : 69  estimate[0] = 46
1 -5 -5
1 -5 -5
1 -5 -5
1 -5 -5
1 -5 -5
1 -5 -5
1 -5 -5
1 -5 -5
1 -5 -5
1 -5 -5
# ave_measured_val[0][0] = 608
1 -5 5
1 -5 5
1 -5 5
1 -5 5
1 -5 5
1 -5 5
1 -5 5
1 -5 5
1 -5 5
1 -5 5
# ave_measured_val[0][1] = 556
1 5 -5
1 5 -5
1 5 -5
1 5 -5
1 5 -5
1 5 -5
1 5 -5
1 5 -5
1 5 -5
1 5 -5
# ave_measured_val[1][0] = 612
1 5 5
1 5 5
1 5 5
1 5 5
1 5 5
1 5 5
1 5 5
1 5 5
1 5 5
1 5 5
# ave_measured_val[1][1] = 549
# hoge
# min_loss : 267  estimate[1] = 0
# min_loss : 175  estimate[1] = 1
# min_loss : 155  estimate[1] = 43
# min_loss : 115  estimate[1] = 44
# min_loss : 103  estimate[1] = 46
# min_loss : 57  estimate[1] = 56
2 -5 -5
2 -5 -5
2 -5 -5
2 -5 -5
2 -5 -5
2 -5 -5
2 -5 -5
2 -5 -5
2 -5 -5
2 -5 -5
# ave_measured_val[0][0] = 597
2 -5 5
2 -5 5
2 -5 5
2 -5 5
2 -5 5
2 -5 5
2 -5 5
2 -5 5
2 -5 5
2 -5 5
# ave_measured_val[0][1] = 702
2 5 -5
2 5 -5
2 5 -5
2 5 -5
2 5 -5
2 5 -5
2 5 -5
2 5 -5
2 5 -5
2 5 -5
# ave_measured_val[1][0] = 494
2 5 5
2 5 5
2 5 5
2 5 5
2 5 5
2 5 5
2 5 5
2 5 5
2 5 5
2 5 5
# ave_measured_val[1][1] = 621
# hoge
# min_loss : 406  estimate[2] = 0
# min_loss : 344  estimate[2] = 1
# min_loss : 304  estimate[2] = 2
# min_loss : 266  estimate[2] = 3
# min_loss : 226  estimate[2] = 4
# min_loss : 172  estimate[2] = 5
# min_loss : 114  estimate[2] = 11
# min_loss : 74  estimate[2] = 13
# min_loss : 54  estimate[2] = 21
3 -5 -5
3 -5 -5
3 -5 -5
3 -5 -5
3 -5 -5
3 -5 -5
3 -5 -5
3 -5 -5
3 -5 -5
3 -5 -5
# ave_measured_val[0][0] = 566
3 -5 5
3 -5 5
3 -5 5
3 -5 5
3 -5 5
3 -5 5
3 -5 5
3 -5 5
3 -5 5
3 -5 5
# ave_measured_val[0][1] = 641
3 5 -5
3 5 -5
3 5 -5
3 5 -5
3 5 -5
3 5 -5
3 5 -5
3 5 -5
3 5 -5
3 5 -5
# ave_measured_val[1][0] = 503
3 5 5
3 5 5
3 5 5
3 5 5
3 5 5
3 5 5
3 5 5
3 5 5
3 5 5
3 5 5
# ave_measured_val[1][1] = 597
# hoge
# min_loss : 281  estimate[3] = 0
# min_loss : 267  estimate[3] = 1
# min_loss : 227  estimate[3] = 2
# min_loss : 187  estimate[3] = 3
# min_loss : 115  estimate[3] = 4
# min_loss : 109  estimate[3] = 5
# min_loss : 93  estimate[3] = 11
# min_loss : 47  estimate[3] = 26
4 -5 -5
4 -5 -5
4 -5 -5
4 -5 -5
4 -5 -5
4 -5 -5
4 -5 -5
4 -5 -5
4 -5 -5
4 -5 -5
# ave_measured_val[0][0] = 533
4 -5 5
4 -5 5
4 -5 5
4 -5 5
4 -5 5
4 -5 5
4 -5 5
4 -5 5
4 -5 5
4 -5 5
# ave_measured_val[0][1] = 544
4 5 -5
4 5 -5
4 5 -5
4 5 -5
4 5 -5
4 5 -5
4 5 -5
4 5 -5
4 5 -5
4 5 -5
# ave_measured_val[1][0] = 482
4 5 5
4 5 5
4 5 5
4 5 5
4 5 5
4 5 5
4 5 5
4 5 5
4 5 5
4 5 5
# ave_measured_val[1][1] = 517
# hoge
# min_loss : 178  estimate[4] = 0
# min_loss : 144  estimate[4] = 6
# min_loss : 110  estimate[4] = 10
5 -5 -5
5 -5 -5
5 -5 -5
5 -5 -5
5 -5 -5
5 -5 -5
5 -5 -5
5 -5 -5
5 -5 -5
5 -5 -5
# ave_measured_val[0][0] = 570
5 -5 5
5 -5 5
5 -5 5
5 -5 5
5 -5 5
5 -5 5
5 -5 5
5 -5 5
5 -5 5
5 -5 5
# ave_measured_val[0][1] = 571
5 5 -5
5 5 -5
5 5 -5
5 5 -5
5 5 -5
5 5 -5
5 5 -5
5 5 -5
5 5 -5
5 5 -5
# ave_measured_val[1][0] = 464
5 5 5
5 5 5
5 5 5
5 5 5
5 5 5
5 5 5
5 5 5
5 5 5
5 5 5
5 5 5
# ave_measured_val[1][1] = 476
# hoge
# min_loss : 301  estimate[5] = 0
# min_loss : 299  estimate[5] = 3
# min_loss : 259  estimate[5] = 4
# min_loss : 139  estimate[5] = 6
6 -5 -5
6 -5 -5
6 -5 -5
6 -5 -5
6 -5 -5
6 -5 -5
6 -5 -5
6 -5 -5
6 -5 -5
6 -5 -5
# ave_measured_val[0][0] = 504
6 -5 5
6 -5 5
6 -5 5
6 -5 5
6 -5 5
6 -5 5
6 -5 5
6 -5 5
6 -5 5
6 -5 5
# ave_measured_val[0][1] = 630
6 5 -5
6 5 -5
6 5 -5
6 5 -5
6 5 -5
6 5 -5
6 5 -5
6 5 -5
6 5 -5
6 5 -5
# ave_measured_val[1][0] = 545
6 5 5
6 5 5
6 5 5
6 5 5
6 5 5
6 5 5
6 5 5
6 5 5
6 5 5
6 5 5
# ave_measured_val[1][1] = 653
# hoge
# min_loss : 252  estimate[6] = 0
# min_loss : 174  estimate[6] = 1
# min_loss : 136  estimate[6] = 9
# min_loss : 96  estimate[6] = 12
# min_loss : 34  estimate[6] = 27
7 -5 -5
7 -5 -5
7 -5 -5
7 -5 -5
7 -5 -5
7 -5 -5
7 -5 -5
7 -5 -5
7 -5 -5
7 -5 -5
# ave_measured_val[0][0] = 656
7 -5 5
7 -5 5
7 -5 5
7 -5 5
7 -5 5
7 -5 5
7 -5 5
7 -5 5
7 -5 5
7 -5 5
# ave_measured_val[0][1] = 648
7 5 -5
7 5 -5
7 5 -5
7 5 -5
7 5 -5
7 5 -5
7 5 -5
7 5 -5
7 5 -5
7 5 -5
# ave_measured_val[1][0] = 583
7 5 5
7 5 5
7 5 5
7 5 5
7 5 5
7 5 5
7 5 5
7 5 5
7 5 5
7 5 5
# ave_measured_val[1][1] = 533
# hoge
# min_loss : 394  estimate[7] = 0
# min_loss : 348  estimate[7] = 1
# min_loss : 308  estimate[7] = 2
# min_loss : 268  estimate[7] = 3
# min_loss : 214  estimate[7] = 4
# min_loss : 134  estimate[7] = 5
# min_loss : 58  estimate[7] = 45
8 -5 -5
8 -5 -5
8 -5 -5
8 -5 -5
8 -5 -5
8 -5 -5
8 -5 -5
8 -5 -5
8 -5 -5
8 -5 -5
# ave_measured_val[0][0] = 518
8 -5 5
8 -5 5
8 -5 5
8 -5 5
8 -5 5
8 -5 5
8 -5 5
8 -5 5
8 -5 5
8 -5 5
# ave_measured_val[0][1] = 609
8 5 -5
8 5 -5
8 5 -5
8 5 -5
8 5 -5
8 5 -5
8 5 -5
8 5 -5
8 5 -5
8 5 -5
# ave_measured_val[1][0] = 615
8 5 5
8 5 5
8 5 5
8 5 5
8 5 5
8 5 5
8 5 5
8 5 5
8 5 5
8 5 5
# ave_measured_val[1][1] = 695
# hoge
# min_loss : 357  estimate[8] = 0
# min_loss : 121  estimate[8] = 1
# min_loss : 97  estimate[8] = 9
# min_loss : 29  estimate[8] = 19
9 -5 -5
9 -5 -5
9 -5 -5
9 -5 -5
9 -5 -5
9 -5 -5
9 -5 -5
9 -5 -5
9 -5 -5
9 -5 -5
# ave_measured_val[0][0] = 711
9 -5 5
9 -5 5
9 -5 5
9 -5 5
9 -5 5
9 -5 5
9 -5 5
9 -5 5
9 -5 5
9 -5 5
# ave_measured_val[0][1] = 631
9 5 -5
9 5 -5
9 5 -5
9 5 -5
9 5 -5
9 5 -5
9 5 -5
9 5 -5
9 5 -5
9 5 -5
# ave_measured_val[1][0] = 606
9 5 5
9 5 5
9 5 5
9 5 5
9 5 5
9 5 5
9 5 5
9 5 5
9 5 5
9 5 5
# ave_measured_val[1][1] = 492
# hoge
# min_loss : 496  estimate[9] = 0
# min_loss : 404  estimate[9] = 1
# min_loss : 376  estimate[9] = 2
# min_loss : 356  estimate[9] = 3
# min_loss : 316  estimate[9] = 4
# min_loss : 254  estimate[9] = 5
# min_loss : 194  estimate[9] = 45
# min_loss : 122  estimate[9] = 51
# min_loss : 114  estimate[9] = 52
# min_loss : 44  estimate[9] = 60
10 -5 -5
10 -5 -5
10 -5 -5
10 -5 -5
10 -5 -5
10 -5 -5
10 -5 -5
10 -5 -5
10 -5 -5
10 -5 -5
# ave_measured_val[0][0] = 540
10 -5 5
10 -5 5
10 -5 5
10 -5 5
10 -5 5
10 -5 5
10 -5 5
10 -5 5
10 -5 5
10 -5 5
# ave_measured_val[0][1] = 580
10 5 -5
10 5 -5
10 5 -5
10 5 -5
10 5 -5
10 5 -5
10 5 -5
10 5 -5
10 5 -5
10 5 -5
# ave_measured_val[1][0] = 447
10 5 5
10 5 5
10 5 5
10 5 5
10 5 5
10 5 5
10 5 5
10 5 5
10 5 5
10 5 5
# ave_measured_val[1][1] = 509
# hoge
# min_loss : 264  estimate[10] = 0
# min_loss : 144  estimate[10] = 6
# min_loss : 118  estimate[10] = 14
11 -5 -5
11 -5 -5
11 -5 -5
11 -5 -5
11 -5 -5
11 -5 -5
11 -5 -5
11 -5 -5
11 -5 -5
11 -5 -5
# ave_measured_val[0][0] = 643
11 -5 5
11 -5 5
11 -5 5
11 -5 5
11 -5 5
11 -5 5
11 -5 5
11 -5 5
11 -5 5
11 -5 5
# ave_measured_val[0][1] = 534
11 5 -5
11 5 -5
11 5 -5
11 5 -5
11 5 -5
11 5 -5
11 5 -5
11 5 -5
11 5 -5
11 5 -5
# ave_measured_val[1][0] = 542
11 5 5
11 5 5
11 5 5
11 5 5
11 5 5
11 5 5
11 5 5
11 5 5
11 5 5
11 5 5
# ave_measured_val[1][1] = 449
# hoge
# min_loss : 310  estimate[11] = 0
# min_loss : 262  estimate[11] = 5
# min_loss : 258  estimate[11] = 43
# min_loss : 232  estimate[11] = 45
# min_loss : 198  estimate[11] = 56
# min_loss : 20  estimate[11] = 72
12 -5 -5
12 -5 -5
12 -5 -5
12 -5 -5
12 -5 -5
12 -5 -5
12 -5 -5
12 -5 -5
12 -5 -5
12 -5 -5
# ave_measured_val[0][0] = 614
12 -5 5
12 -5 5
12 -5 5
12 -5 5
12 -5 5
12 -5 5
12 -5 5
12 -5 5
12 -5 5
12 -5 5
# ave_measured_val[0][1] = 541
12 5 -5
12 5 -5
12 5 -5
12 5 -5
12 5 -5
12 5 -5
12 5 -5
12 5 -5
12 5 -5
12 5 -5
# ave_measured_val[1][0] = 561
12 5 5
12 5 5
12 5 5
12 5 5
12 5 5
12 5 5
12 5 5
12 5 5
12 5 5
12 5 5
# ave_measured_val[1][1] = 463
# hoge
# min_loss : 293  estimate[12] = 0
# min_loss : 289  estimate[12] = 3
# min_loss : 249  estimate[12] = 4
# min_loss : 231  estimate[12] = 5
# min_loss : 211  estimate[12] = 43
# min_loss : 161  estimate[12] = 56
# min_loss : 71  estimate[12] = 72
# min_loss : 69  estimate[12] = 88
13 -5 -5
13 -5 -5
13 -5 -5
13 -5 -5
13 -5 -5
13 -5 -5
13 -5 -5
13 -5 -5
13 -5 -5
13 -5 -5
# ave_measured_val[0][0] = 536
13 -5 5
13 -5 5
13 -5 5
13 -5 5
13 -5 5
13 -5 5
13 -5 5
13 -5 5
13 -5 5
13 -5 5
# ave_measured_val[0][1] = 611
13 5 -5
13 5 -5
13 5 -5
13 5 -5
13 5 -5
13 5 -5
13 5 -5
13 5 -5
13 5 -5
13 5 -5
# ave_measured_val[1][0] = 553
13 5 5
13 5 5
13 5 5
13 5 5
13 5 5
13 5 5
13 5 5
13 5 5
13 5 5
13 5 5
# ave_measured_val[1][1] = 604
# hoge
# min_loss : 224  estimate[13] = 0
# min_loss : 150  estimate[13] = 1
# min_loss : 118  estimate[13] = 2
# min_loss : 98  estimate[13] = 3
# min_loss : 66  estimate[13] = 4
14 -5 -5
14 -5 -5
14 -5 -5
14 -5 -5
14 -5 -5
14 -5 -5
14 -5 -5
14 -5 -5
14 -5 -5
14 -5 -5
# ave_measured_val[0][0] = 549
14 -5 5
14 -5 5
14 -5 5
14 -5 5
14 -5 5
14 -5 5
14 -5 5
14 -5 5
14 -5 5
14 -5 5
# ave_measured_val[0][1] = 583
14 5 -5
14 5 -5
14 5 -5
14 5 -5
14 5 -5
14 5 -5
14 5 -5
14 5 -5
14 5 -5
14 5 -5
# ave_measured_val[1][0] = 596
14 5 5
14 5 5
14 5 5
14 5 5
14 5 5
14 5 5
14 5 5
14 5 5
14 5 5
14 5 5
# ave_measured_val[1][1] = 630
# hoge
# min_loss : 278  estimate[14] = 0
# min_loss : 66  estimate[14] = 1
# min_loss : 26  estimate[14] = 2
# min_loss : 20  estimate[14] = 3
15 -5 -5
15 -5 -5
15 -5 -5
15 -5 -5
15 -5 -5
15 -5 -5
15 -5 -5
15 -5 -5
15 -5 -5
15 -5 -5
# ave_measured_val[0][0] = 601
15 -5 5
15 -5 5
15 -5 5
15 -5 5
15 -5 5
15 -5 5
15 -5 5
15 -5 5
15 -5 5
15 -5 5
# ave_measured_val[0][1] = 705
15 5 -5
15 5 -5
15 5 -5
15 5 -5
15 5 -5
15 5 -5
15 5 -5
15 5 -5
15 5 -5
15 5 -5
# ave_measured_val[1][0] = 509
15 5 5
15 5 5
15 5 5
15 5 5
15 5 5
15 5 5
15 5 5
15 5 5
15 5 5
15 5 5
# ave_measured_val[1][1] = 596
# hoge
# min_loss : 373  estimate[15] = 0
# min_loss : 361  estimate[15] = 1
# min_loss : 321  estimate[15] = 2
# min_loss : 281  estimate[15] = 3
# min_loss : 201  estimate[15] = 4
# min_loss : 131  estimate[15] = 5
# min_loss : 111  estimate[15] = 11
# min_loss : 71  estimate[15] = 13
# min_loss : 51  estimate[15] = 21
16 -5 -5
16 -5 -5
16 -5 -5
16 -5 -5
16 -5 -5
16 -5 -5
16 -5 -5
16 -5 -5
16 -5 -5
16 -5 -5
# ave_measured_val[0][0] = 621
16 -5 5
16 -5 5
16 -5 5
16 -5 5
16 -5 5
16 -5 5
16 -5 5
16 -5 5
16 -5 5
16 -5 5
# ave_measured_val[0][1] = 512
16 5 -5
16 5 -5
16 5 -5
16 5 -5
16 5 -5
16 5 -5
16 5 -5
16 5 -5
16 5 -5
16 5 -5
# ave_measured_val[1][0] = 612
16 5 5
16 5 5
16 5 5
16 5 5
16 5 5
16 5 5
16 5 5
16 5 5
16 5 5
16 5 5
# ave_measured_val[1][1] = 508
# hoge
# min_loss : 277  estimate[16] = 0
# min_loss : 273  estimate[16] = 1
# min_loss : 253  estimate[16] = 43
# min_loss : 213  estimate[16] = 44
# min_loss : 189  estimate[16] = 46
# min_loss : 111  estimate[16] = 56
# min_loss : 73  estimate[16] = 65
# min_loss : 71  estimate[16] = 80
17 -5 -5
17 -5 -5
17 -5 -5
17 -5 -5
17 -5 -5
17 -5 -5
17 -5 -5
17 -5 -5
17 -5 -5
17 -5 -5
# ave_measured_val[0][0] = 642
17 -5 5
17 -5 5
17 -5 5
17 -5 5
17 -5 5
17 -5 5
17 -5 5
17 -5 5
17 -5 5
17 -5 5
# ave_measured_val[0][1] = 605
17 5 -5
17 5 -5
17 5 -5
17 5 -5
17 5 -5
17 5 -5
17 5 -5
17 5 -5
17 5 -5
17 5 -5
# ave_measured_val[1][0] = 597
17 5 5
17 5 5
17 5 5
17 5 5
17 5 5
17 5 5
17 5 5
17 5 5
17 5 5
17 5 5
# ave_measured_val[1][1] = 541
# hoge
# min_loss : 343  estimate[17] = 0
# min_loss : 269  estimate[17] = 1
# min_loss : 229  estimate[17] = 2
# min_loss : 203  estimate[17] = 3
# min_loss : 163  estimate[17] = 4
# min_loss : 153  estimate[17] = 5
# min_loss : 133  estimate[17] = 43
# min_loss : 109  estimate[17] = 45
# min_loss : 51  estimate[17] = 56
18 -5 -5
18 -5 -5
18 -5 -5
18 -5 -5
18 -5 -5
18 -5 -5
18 -5 -5
18 -5 -5
18 -5 -5
18 -5 -5
# ave_measured_val[0][0] = 653
18 -5 5
18 -5 5
18 -5 5
18 -5 5
18 -5 5
18 -5 5
18 -5 5
18 -5 5
18 -5 5
18 -5 5
# ave_measured_val[0][1] = 719
18 5 -5
18 5 -5
18 5 -5
18 5 -5
18 5 -5
18 5 -5
18 5 -5
18 5 -5
18 5 -5
18 5 -5
# ave_measured_val[1][0] = 576
18 5 5
18 5 5
18 5 5
18 5 5
18 5 5
18 5 5
18 5 5
18 5 5
18 5 5
18 5 5
# ave_measured_val[1][1] = 684
# hoge
# min_loss : 552  estimate[18] = 0
# min_loss : 360  estimate[18] = 1
# min_loss : 340  estimate[18] = 2
# min_loss : 320  estimate[18] = 3
# min_loss : 292  estimate[18] = 4
# min_loss : 232  estimate[18] = 17
# min_loss : 200  estimate[18] = 20
# min_loss : 72  estimate[18] = 30
19 -5 -5
19 -5 -5
19 -5 -5
19 -5 -5
19 -5 -5
19 -5 -5
19 -5 -5
19 -5 -5
19 -5 -5
19 -5 -5
# ave_measured_val[0][0] = 520
19 -5 5
19 -5 5
19 -5 5
19 -5 5
19 -5 5
19 -5 5
19 -5 5
19 -5 5
19 -5 5
19 -5 5
# ave_measured_val[0][1] = 403
19 5 -5
19 5 -5
19 5 -5
19 5 -5
19 5 -5
19 5 -5
19 5 -5
19 5 -5
19 5 -5
19 5 -5
# ave_measured_val[1][0] = 621
19 5 5
19 5 5
19 5 5
19 5 5
19 5 5
19 5 5
19 5 5
19 5 5
19 5 5
19 5 5
# ave_measured_val[1][1] = 527
# hoge
# min_loss : 271  estimate[19] = 0
# min_loss : 269  estimate[19] = 53
# min_loss : 165  estimate[19] = 65
# min_loss : 69  estimate[19] = 70
# min_loss : 25  estimate[19] = 79
20 -5 -5
20 -5 -5
20 -5 -5
20 -5 -5
20 -5 -5
20 -5 -5
20 -5 -5
20 -5 -5
20 -5 -5
20 -5 -5
# ave_measured_val[0][0] = 583
20 -5 5
20 -5 5
20 -5 5
20 -5 5
20 -5 5
20 -5 5
20 -5 5
20 -5 5
20 -5 5
20 -5 5
# ave_measured_val[0][1] = 636
20 5 -5
20 5 -5
20 5 -5
20 5 -5
20 5 -5
20 5 -5
20 5 -5
20 5 -5
20 5 -5
20 5 -5
# ave_measured_val[1][0] = 559
20 5 5
20 5 5
20 5 5
20 5 5
20 5 5
20 5 5
20 5 5
20 5 5
20 5 5
20 5 5
# ave_measured_val[1][1] = 584
# hoge
# min_loss : 282  estimate[20] = 0
# min_loss : 236  estimate[20] = 1
# min_loss : 196  estimate[20] = 2
# min_loss : 156  estimate[20] = 3
# min_loss : 76  estimate[20] = 4
# min_loss : 64  estimate[20] = 37
# min_loss : 56  estimate[20] = 43
21 -5 -5
21 -5 -5
21 -5 -5
21 -5 -5
21 -5 -5
21 -5 -5
21 -5 -5
21 -5 -5
21 -5 -5
21 -5 -5
# ave_measured_val[0][0] = 538
21 -5 5
21 -5 5
21 -5 5
21 -5 5
21 -5 5
21 -5 5
21 -5 5
21 -5 5
21 -5 5
21 -5 5
# ave_measured_val[0][1] = 604
21 5 -5
21 5 -5
21 5 -5
21 5 -5
21 5 -5
21 5 -5
21 5 -5
21 5 -5
21 5 -5
21 5 -5
# ave_measured_val[1][0] = 589
21 5 5
21 5 5
21 5 5
21 5 5
21 5 5
21 5 5
21 5 5
21 5 5
21 5 5
21 5 5
# ave_measured_val[1][1] = 623
# hoge
# min_loss : 274  estimate[21] = 0
# min_loss : 90  estimate[21] = 1
# min_loss : 54  estimate[21] = 2
# min_loss : 40  estimate[21] = 3
22 -5 -5
22 -5 -5
22 -5 -5
22 -5 -5
22 -5 -5
22 -5 -5
22 -5 -5
22 -5 -5
22 -5 -5
22 -5 -5
# ave_measured_val[0][0] = 548
22 -5 5
22 -5 5
22 -5 5
22 -5 5
22 -5 5
22 -5 5
22 -5 5
22 -5 5
22 -5 5
22 -5 5
# ave_measured_val[0][1] = 577
22 5 -5
22 5 -5
22 5 -5
22 5 -5
22 5 -5
22 5 -5
22 5 -5
22 5 -5
22 5 -5
22 5 -5
# ave_measured_val[1][0] = 455
22 5 5
22 5 5
22 5 5
22 5 5
22 5 5
22 5 5
22 5 5
22 5 5
22 5 5
22 5 5
# ave_measured_val[1][1] = 475
# hoge
# min_loss : 295  estimate[22] = 0
# min_loss : 285  estimate[22] = 3
# min_loss : 165  estimate[22] = 6
23 -5 -5
23 -5 -5
23 -5 -5
23 -5 -5
23 -5 -5
23 -5 -5
23 -5 -5
23 -5 -5
23 -5 -5
23 -5 -5
# ave_measured_val[0][0] = 514
23 -5 5
23 -5 5
23 -5 5
23 -5 5
23 -5 5
23 -5 5
23 -5 5
23 -5 5
23 -5 5
23 -5 5
# ave_measured_val[0][1] = 622
23 5 -5
23 5 -5
23 5 -5
23 5 -5
23 5 -5
23 5 -5
23 5 -5
23 5 -5
23 5 -5
23 5 -5
# ave_measured_val[1][0] = 438
23 5 5
23 5 5
23 5 5
23 5 5
23 5 5
23 5 5
23 5 5
23 5 5
23 5 5
23 5 5
# ave_measured_val[1][1] = 538
# hoge
# min_loss : 260  estimate[23] = 0
# min_loss : 228  estimate[23] = 5
# min_loss : 148  estimate[23] = 6
# min_loss : 52  estimate[23] = 14
# min_loss : 36  estimate[23] = 15
24 -5 -5
24 -5 -5
24 -5 -5
24 -5 -5
24 -5 -5
24 -5 -5
24 -5 -5
24 -5 -5
24 -5 -5
24 -5 -5
# ave_measured_val[0][0] = 658
24 -5 5
24 -5 5
24 -5 5
24 -5 5
24 -5 5
24 -5 5
24 -5 5
24 -5 5
24 -5 5
24 -5 5
# ave_measured_val[0][1] = 613
24 5 -5
24 5 -5
24 5 -5
24 5 -5
24 5 -5
24 5 -5
24 5 -5
24 5 -5
24 5 -5
24 5 -5
# ave_measured_val[1][0] = 560
24 5 5
24 5 5
24 5 5
24 5 5
24 5 5
24 5 5
24 5 5
24 5 5
24 5 5
24 5 5
# ave_measured_val[1][1] = 528
# hoge
# min_loss : 343  estimate[24] = 0
# min_loss : 303  estimate[24] = 2
# min_loss : 263  estimate[24] = 3
# min_loss : 183  estimate[24] = 4
# min_loss : 137  estimate[24] = 5
# min_loss : 117  estimate[24] = 43
# min_loss : 77  estimate[24] = 45
# min_loss : 63  estimate[24] = 87
# min_loss : 57  estimate[24] = 91
25 -5 -5
25 -5 -5
25 -5 -5
25 -5 -5
25 -5 -5
25 -5 -5
25 -5 -5
25 -5 -5
25 -5 -5
25 -5 -5
# ave_measured_val[0][0] = 583
25 -5 5
25 -5 5
25 -5 5
25 -5 5
25 -5 5
25 -5 5
25 -5 5
25 -5 5
25 -5 5
25 -5 5
# ave_measured_val[0][1] = 523
25 5 -5
25 5 -5
25 5 -5
25 5 -5
25 5 -5
25 5 -5
25 5 -5
25 5 -5
25 5 -5
25 5 -5
# ave_measured_val[1][0] = 628
25 5 5
25 5 5
25 5 5
25 5 5
25 5 5
25 5 5
25 5 5
25 5 5
25 5 5
25 5 5
# ave_measured_val[1][1] = 572
# hoge
# min_loss : 226  estimate[25] = 0
# min_loss : 176  estimate[25] = 1
# min_loss : 116  estimate[25] = 44
# min_loss : 76  estimate[25] = 46
26 -5 -5
26 -5 -5
26 -5 -5
26 -5 -5
26 -5 -5
26 -5 -5
26 -5 -5
26 -5 -5
26 -5 -5
26 -5 -5
# ave_measured_val[0][0] = 655
26 -5 5
26 -5 5
26 -5 5
26 -5 5
26 -5 5
26 -5 5
26 -5 5
26 -5 5
26 -5 5
26 -5 5
# ave_measured_val[0][1] = 547
26 5 -5
26 5 -5
26 5 -5
26 5 -5
26 5 -5
26 5 -5
26 5 -5
26 5 -5
26 5 -5
26 5 -5
# ave_measured_val[1][0] = 636
26 5 5
26 5 5
26 5 5
26 5 5
26 5 5
26 5 5
26 5 5
26 5 5
26 5 5
26 5 5
# ave_measured_val[1][1] = 541
# hoge
# min_loss : 337  estimate[26] = 0
# min_loss : 263  estimate[26] = 1
# min_loss : 243  estimate[26] = 42
# min_loss : 203  estimate[26] = 44
# min_loss : 163  estimate[26] = 46
# min_loss : 85  estimate[26] = 56
# min_loss : 61  estimate[26] = 68
27 -5 -5
27 -5 -5
27 -5 -5
27 -5 -5
27 -5 -5
27 -5 -5
27 -5 -5
27 -5 -5
27 -5 -5
27 -5 -5
# ave_measured_val[0][0] = 497
27 -5 5
27 -5 5
27 -5 5
27 -5 5
27 -5 5
27 -5 5
27 -5 5
27 -5 5
27 -5 5
27 -5 5
# ave_measured_val[0][1] = 597
27 5 -5
27 5 -5
27 5 -5
27 5 -5
27 5 -5
27 5 -5
27 5 -5
27 5 -5
27 5 -5
27 5 -5
# ave_measured_val[1][0] = 618
27 5 5
27 5 5
27 5 5
27 5 5
27 5 5
27 5 5
27 5 5
27 5 5
27 5 5
27 5 5
# ave_measured_val[1][1] = 710
# hoge
# min_loss : 342  estimate[27] = 0
# min_loss : 148  estimate[27] = 1
# min_loss : 88  estimate[27] = 9
# min_loss : 34  estimate[27] = 19
28 -5 -5
28 -5 -5
28 -5 -5
28 -5 -5
28 -5 -5
28 -5 -5
28 -5 -5
28 -5 -5
28 -5 -5
28 -5 -5
# ave_measured_val[0][0] = 734
28 -5 5
28 -5 5
28 -5 5
28 -5 5
28 -5 5
28 -5 5
28 -5 5
28 -5 5
28 -5 5
28 -5 5
# ave_measured_val[0][1] = 630
28 5 -5
28 5 -5
28 5 -5
28 5 -5
28 5 -5
28 5 -5
28 5 -5
28 5 -5
28 5 -5
28 5 -5
# ave_measured_val[1][0] = 648
28 5 5
28 5 5
28 5 5
28 5 5
28 5 5
28 5 5
28 5 5
28 5 5
28 5 5
28 5 5
# ave_measured_val[1][1] = 592
# hoge
# min_loss : 524  estimate[28] = 0
# min_loss : 360  estimate[28] = 1
# min_loss : 340  estimate[28] = 2
# min_loss : 320  estimate[28] = 3
# min_loss : 280  estimate[28] = 4
# min_loss : 264  estimate[28] = 40
# min_loss : 200  estimate[28] = 42
# min_loss : 164  estimate[28] = 50
# min_loss : 124  estimate[28] = 51
# min_loss : 80  estimate[28] = 59
29 -5 -5
29 -5 -5
29 -5 -5
29 -5 -5
29 -5 -5
29 -5 -5
29 -5 -5
29 -5 -5
29 -5 -5
29 -5 -5
# ave_measured_val[0][0] = 479
29 -5 5
29 -5 5
29 -5 5
29 -5 5
29 -5 5
29 -5 5
29 -5 5
29 -5 5
29 -5 5
29 -5 5
# ave_measured_val[0][1] = 597
29 5 -5
29 5 -5
29 5 -5
29 5 -5
29 5 -5
29 5 -5
29 5 -5
29 5 -5
29 5 -5
29 5 -5
# ave_measured_val[1][0] = 594
29 5 5
29 5 5
29 5 5
29 5 5
29 5 5
29 5 5
29 5 5
29 5 5
29 5 5
29 5 5
# ave_measured_val[1][1] = 670
# hoge
# min_loss : 262  estimate[29] = 0
# min_loss : 134  estimate[29] = 1
# min_loss : 54  estimate[29] = 9
# min_loss : 48  estimate[29] = 12
# min_loss : 42  estimate[29] = 28
30 -5 -5
30 -5 -5
30 -5 -5
30 -5 -5
30 -5 -5
30 -5 -5
30 -5 -5
30 -5 -5
30 -5 -5
30 -5 -5
# ave_measured_val[0][0] = 609
30 -5 5
30 -5 5
30 -5 5
30 -5 5
30 -5 5
30 -5 5
30 -5 5
30 -5 5
30 -5 5
30 -5 5
# ave_measured_val[0][1] = 650
30 5 -5
30 5 -5
30 5 -5
30 5 -5
30 5 -5
30 5 -5
30 5 -5
30 5 -5
30 5 -5
30 5 -5
# ave_measured_val[1][0] = 663
30 5 5
30 5 5
30 5 5
30 5 5
30 5 5
30 5 5
30 5 5
30 5 5
30 5 5
30 5 5
# ave_measured_val[1][1] = 671
# hoge
# min_loss : 513  estimate[30] = 0
# min_loss : 253  estimate[30] = 1
# min_loss : 233  estimate[30] = 17
# min_loss : 231  estimate[30] = 19
# min_loss : 171  estimate[30] = 20
# min_loss : 151  estimate[30] = 29
# min_loss : 71  estimate[30] = 35
31 -5 -5
31 -5 -5
31 -5 -5
31 -5 -5
31 -5 -5
31 -5 -5
31 -5 -5
31 -5 -5
31 -5 -5
31 -5 -5
# ave_measured_val[0][0] = 525
31 -5 5
31 -5 5
31 -5 5
31 -5 5
31 -5 5
31 -5 5
31 -5 5
31 -5 5
31 -5 5
31 -5 5
# ave_measured_val[0][1] = 617
31 5 -5
31 5 -5
31 5 -5
31 5 -5
31 5 -5
31 5 -5
31 5 -5
31 5 -5
31 5 -5
31 5 -5
# ave_measured_val[1][0] = 447
31 5 5
31 5 5
31 5 5
31 5 5
31 5 5
31 5 5
31 5 5
31 5 5
31 5 5
31 5 5
# ave_measured_val[1][1] = 521
# hoge
# min_loss : 274  estimate[31] = 0
# min_loss : 264  estimate[31] = 4
# min_loss : 230  estimate[31] = 5
# min_loss : 112  estimate[31] = 6
# min_loss : 56  estimate[31] = 14
32 -5 -5
32 -5 -5
32 -5 -5
32 -5 -5
32 -5 -5
32 -5 -5
32 -5 -5
32 -5 -5
32 -5 -5
32 -5 -5
# ave_measured_val[0][0] = 620
32 -5 5
32 -5 5
32 -5 5
32 -5 5
32 -5 5
32 -5 5
32 -5 5
32 -5 5
32 -5 5
32 -5 5
# ave_measured_val[0][1] = 512
32 5 -5
32 5 -5
32 5 -5
32 5 -5
32 5 -5
32 5 -5
32 5 -5
32 5 -5
32 5 -5
32 5 -5
# ave_measured_val[1][0] = 512
32 5 5
32 5 5
32 5 5
32 5 5
32 5 5
32 5 5
32 5 5
32 5 5
32 5 5
32 5 5
# ave_measured_val[1][1] = 418
# hoge
# min_loss : 302  estimate[32] = 0
# min_loss : 298  estimate[32] = 5
# min_loss : 262  estimate[32] = 6
# min_loss : 98  estimate[32] = 72
# min_loss : 18  estimate[32] = 82
33 -5 -5
33 -5 -5
33 -5 -5
33 -5 -5
33 -5 -5
33 -5 -5
33 -5 -5
33 -5 -5
33 -5 -5
33 -5 -5
# ave_measured_val[0][0] = 474
33 -5 5
33 -5 5
33 -5 5
33 -5 5
33 -5 5
33 -5 5
33 -5 5
33 -5 5
33 -5 5
33 -5 5
# ave_measured_val[0][1] = 503
33 5 -5
33 5 -5
33 5 -5
33 5 -5
33 5 -5
33 5 -5
33 5 -5
33 5 -5
33 5 -5
33 5 -5
# ave_measured_val[1][0] = 549
33 5 5
33 5 5
33 5 5
33 5 5
33 5 5
33 5 5
33 5 5
33 5 5
33 5 5
33 5 5
# ave_measured_val[1][1] = 548
# hoge
# min_loss : 44  estimate[33] = 0
34 -5 -5
34 -5 -5
34 -5 -5
34 -5 -5
34 -5 -5
34 -5 -5
34 -5 -5
34 -5 -5
34 -5 -5
34 -5 -5
# ave_measured_val[0][0] = 592
34 -5 5
34 -5 5
34 -5 5
34 -5 5
34 -5 5
34 -5 5
34 -5 5
34 -5 5
34 -5 5
34 -5 5
# ave_measured_val[0][1] = 473
34 5 -5
34 5 -5
34 5 -5
34 5 -5
34 5 -5
34 5 -5
34 5 -5
34 5 -5
34 5 -5
34 5 -5
# ave_measured_val[1][0] = 684
34 5 5
34 5 5
34 5 5
34 5 5
34 5 5
34 5 5
34 5 5
34 5 5
34 5 5
34 5 5
# ave_measured_val[1][1] = 592
# hoge
# min_loss : 335  estimate[34] = 0
# min_loss : 271  estimate[34] = 1
# min_loss : 211  estimate[34] = 44
# min_loss : 171  estimate[34] = 46
# min_loss : 91  estimate[34] = 53
# min_loss : 51  estimate[34] = 57
# min_loss : 27  estimate[34] = 61
35 -5 -5
35 -5 -5
35 -5 -5
35 -5 -5
35 -5 -5
35 -5 -5
35 -5 -5
35 -5 -5
35 -5 -5
35 -5 -5
# ave_measured_val[0][0] = 499
35 -5 5
35 -5 5
35 -5 5
35 -5 5
35 -5 5
35 -5 5
35 -5 5
35 -5 5
35 -5 5
35 -5 5
# ave_measured_val[0][1] = 608
35 5 -5
35 5 -5
35 5 -5
35 5 -5
35 5 -5
35 5 -5
35 5 -5
35 5 -5
35 5 -5
35 5 -5
# ave_measured_val[1][0] = 476
35 5 5
35 5 5
35 5 5
35 5 5
35 5 5
35 5 5
35 5 5
35 5 5
35 5 5
35 5 5
# ave_measured_val[1][1] = 583
# hoge
# min_loss : 194  estimate[35] = 0
# min_loss : 190  estimate[35] = 4
# min_loss : 180  estimate[35] = 6
# min_loss : 154  estimate[35] = 8
# min_loss : 114  estimate[35] = 10
# min_loss : 92  estimate[35] = 15
36 -5 -5
36 -5 -5
36 -5 -5
36 -5 -5
36 -5 -5
36 -5 -5
36 -5 -5
36 -5 -5
36 -5 -5
36 -5 -5
# ave_measured_val[0][0] = 438
36 -5 5
36 -5 5
36 -5 5
36 -5 5
36 -5 5
36 -5 5
36 -5 5
36 -5 5
36 -5 5
36 -5 5
# ave_measured_val[0][1] = 504
36 5 -5
36 5 -5
36 5 -5
36 5 -5
36 5 -5
36 5 -5
36 5 -5
36 5 -5
36 5 -5
36 5 -5
# ave_measured_val[1][0] = 529
36 5 5
36 5 5
36 5 5
36 5 5
36 5 5
36 5 5
36 5 5
36 5 5
36 5 5
36 5 5
# ave_measured_val[1][1] = 566
# hoge
# min_loss : 55  estimate[36] = 0
# min_loss : 43  estimate[36] = 7
37 -5 -5
37 -5 -5
37 -5 -5
37 -5 -5
37 -5 -5
37 -5 -5
37 -5 -5
37 -5 -5
37 -5 -5
37 -5 -5
# ave_measured_val[0][0] = 499
37 -5 5
37 -5 5
37 -5 5
37 -5 5
37 -5 5
37 -5 5
37 -5 5
37 -5 5
37 -5 5
37 -5 5
# ave_measured_val[0][1] = 617
37 5 -5
37 5 -5
37 5 -5
37 5 -5
37 5 -5
37 5 -5
37 5 -5
37 5 -5
37 5 -5
37 5 -5
# ave_measured_val[1][0] = 607
37 5 5
37 5 5
37 5 5
37 5 5
37 5 5
37 5 5
37 5 5
37 5 5
37 5 5
37 5 5
# ave_measured_val[1][1] = 711
# hoge
# min_loss : 354  estimate[37] = 0
# min_loss : 162  estimate[37] = 1
# min_loss : 96  estimate[37] = 9
# min_loss : 94  estimate[37] = 12
# min_loss : 22  estimate[37] = 19
38 -5 -5
38 -5 -5
38 -5 -5
38 -5 -5
38 -5 -5
38 -5 -5
38 -5 -5
38 -5 -5
38 -5 -5
38 -5 -5
# ave_measured_val[0][0] = 559
38 -5 5
38 -5 5
38 -5 5
38 -5 5
38 -5 5
38 -5 5
38 -5 5
38 -5 5
38 -5 5
38 -5 5
# ave_measured_val[0][1] = 662
38 5 -5
38 5 -5
38 5 -5
38 5 -5
38 5 -5
38 5 -5
38 5 -5
38 5 -5
38 5 -5
38 5 -5
# ave_measured_val[1][0] = 485
38 5 5
38 5 5
38 5 5
38 5 5
38 5 5
38 5 5
38 5 5
38 5 5
38 5 5
38 5 5
# ave_measured_val[1][1] = 600
# hoge
# min_loss : 316  estimate[38] = 0
# min_loss : 296  estimate[38] = 1
# min_loss : 256  estimate[38] = 2
# min_loss : 216  estimate[38] = 3
# min_loss : 158  estimate[38] = 4
# min_loss : 64  estimate[38] = 11
39 -5 -5
39 -5 -5
39 -5 -5
39 -5 -5
39 -5 -5
39 -5 -5
39 -5 -5
39 -5 -5
39 -5 -5
39 -5 -5
# ave_measured_val[0][0] = 635
39 -5 5
39 -5 5
39 -5 5
39 -5 5
39 -5 5
39 -5 5
39 -5 5
39 -5 5
39 -5 5
39 -5 5
# ave_measured_val[0][1] = 603
39 5 -5
39 5 -5
39 5 -5
39 5 -5
39 5 -5
39 5 -5
39 5 -5
39 5 -5
39 5 -5
39 5 -5
# ave_measured_val[1][0] = 680
39 5 5
39 5 5
39 5 5
39 5 5
39 5 5
39 5 5
39 5 5
39 5 5
39 5 5
39 5 5
# ave_measured_val[1][1] = 666
# hoge
# min_loss : 504  estimate[39] = 0
# min_loss : 244  estimate[39] = 1
# min_loss : 172  estimate[39] = 33
# min_loss : 166  estimate[39] = 34
# min_loss : 132  estimate[39] = 39
# min_loss : 52  estimate[39] = 47
# min_loss : 34  estimate[39] = 49
40 -5 -5
40 -5 -5
40 -5 -5
40 -5 -5
40 -5 -5
40 -5 -5
40 -5 -5
40 -5 -5
40 -5 -5
40 -5 -5
# ave_measured_val[0][0] = 565
40 -5 5
40 -5 5
40 -5 5
40 -5 5
40 -5 5
40 -5 5
40 -5 5
40 -5 5
40 -5 5
40 -5 5
# ave_measured_val[0][1] = 566
40 5 -5
40 5 -5
40 5 -5
40 5 -5
40 5 -5
40 5 -5
40 5 -5
40 5 -5
40 5 -5
40 5 -5
# ave_measured_val[1][0] = 584
40 5 5
40 5 5
40 5 5
40 5 5
40 5 5
40 5 5
40 5 5
40 5 5
40 5 5
40 5 5
# ave_measured_val[1][1] = 609
# hoge
# min_loss : 244  estimate[40] = 0
# min_loss : 98  estimate[40] = 1
# min_loss : 66  estimate[40] = 2
# min_loss : 46  estimate[40] = 3
# min_loss : 38  estimate[40] = 44
41 -5 -5
41 -5 -5
41 -5 -5
41 -5 -5
41 -5 -5
41 -5 -5
41 -5 -5
41 -5 -5
41 -5 -5
41 -5 -5
# ave_measured_val[0][0] = 638
41 -5 5
41 -5 5
41 -5 5
41 -5 5
41 -5 5
41 -5 5
41 -5 5
41 -5 5
41 -5 5
41 -5 5
# ave_measured_val[0][1] = 632
41 5 -5
41 5 -5
41 5 -5
41 5 -5
41 5 -5
41 5 -5
41 5 -5
41 5 -5
41 5 -5
41 5 -5
# ave_measured_val[1][0] = 676
41 5 5
41 5 5
41 5 5
41 5 5
41 5 5
41 5 5
41 5 5
41 5 5
41 5 5
41 5 5
# ave_measured_val[1][1] = 626
# hoge
# min_loss : 492  estimate[41] = 0
# min_loss : 260  estimate[41] = 1
# min_loss : 240  estimate[41] = 2
# min_loss : 232  estimate[41] = 3
# min_loss : 220  estimate[41] = 34
# min_loss : 176  estimate[41] = 35
# min_loss : 120  estimate[41] = 42
# min_loss : 92  estimate[41] = 49
# min_loss : 52  estimate[41] = 50
42 -5 -5
42 -5 -5
42 -5 -5
42 -5 -5
42 -5 -5
42 -5 -5
42 -5 -5
42 -5 -5
42 -5 -5
42 -5 -5
# ave_measured_val[0][0] = 606
42 -5 5
42 -5 5
42 -5 5
42 -5 5
42 -5 5
42 -5 5
42 -5 5
42 -5 5
42 -5 5
42 -5 5
# ave_measured_val[0][1] = 540
42 5 -5
42 5 -5
42 5 -5
42 5 -5
42 5 -5
42 5 -5
42 5 -5
42 5 -5
42 5 -5
42 5 -5
# ave_measured_val[1][0] = 636
42 5 5
42 5 5
42 5 5
42 5 5
42 5 5
42 5 5
42 5 5
42 5 5
42 5 5
42 5 5
# ave_measured_val[1][1] = 531
# hoge
# min_loss : 291  estimate[42] = 0
# min_loss : 231  estimate[42] = 1
# min_loss : 211  estimate[42] = 43
# min_loss : 171  estimate[42] = 44
# min_loss : 131  estimate[42] = 46
# min_loss : 99  estimate[42] = 56
# min_loss : 93  estimate[42] = 65
43 -5 -5
43 -5 -5
43 -5 -5
43 -5 -5
43 -5 -5
43 -5 -5
43 -5 -5
43 -5 -5
43 -5 -5
43 -5 -5
# ave_measured_val[0][0] = 591
43 -5 5
43 -5 5
43 -5 5
43 -5 5
43 -5 5
43 -5 5
43 -5 5
43 -5 5
43 -5 5
43 -5 5
# ave_measured_val[0][1] = 466
43 5 -5
43 5 -5
43 5 -5
43 5 -5
43 5 -5
43 5 -5
43 5 -5
43 5 -5
43 5 -5
43 5 -5
# ave_measured_val[1][0] = 675
43 5 5
43 5 5
43 5 5
43 5 5
43 5 5
43 5 5
43 5 5
43 5 5
43 5 5
43 5 5
# ave_measured_val[1][1] = 595
# hoge
# min_loss : 335  estimate[43] = 0
# min_loss : 265  estimate[43] = 1
# min_loss : 205  estimate[43] = 44
# min_loss : 165  estimate[43] = 46
# min_loss : 85  estimate[43] = 53
# min_loss : 55  estimate[43] = 57
# min_loss : 45  estimate[43] = 61
44 -5 -5
44 -5 -5
44 -5 -5
44 -5 -5
44 -5 -5
44 -5 -5
44 -5 -5
44 -5 -5
44 -5 -5
44 -5 -5
# ave_measured_val[0][0] = 497
44 -5 5
44 -5 5
44 -5 5
44 -5 5
44 -5 5
44 -5 5
44 -5 5
44 -5 5
44 -5 5
44 -5 5
# ave_measured_val[0][1] = 597
44 5 -5
44 5 -5
44 5 -5
44 5 -5
44 5 -5
44 5 -5
44 5 -5
44 5 -5
44 5 -5
44 5 -5
# ave_measured_val[1][0] = 578
44 5 5
44 5 5
44 5 5
44 5 5
44 5 5
44 5 5
44 5 5
44 5 5
44 5 5
44 5 5
# ave_measured_val[1][1] = 646
# hoge
# min_loss : 238  estimate[44] = 0
# min_loss : 108  estimate[44] = 1
# min_loss : 76  estimate[44] = 9
# min_loss : 52  estimate[44] = 12
# min_loss : 50  estimate[44] = 28
45 -5 -5
45 -5 -5
45 -5 -5
45 -5 -5
45 -5 -5
45 -5 -5
45 -5 -5
45 -5 -5
45 -5 -5
45 -5 -5
# ave_measured_val[0][0] = 686
45 -5 5
45 -5 5
45 -5 5
45 -5 5
45 -5 5
45 -5 5
45 -5 5
45 -5 5
45 -5 5
45 -5 5
# ave_measured_val[0][1] = 672
45 5 -5
45 5 -5
45 5 -5
45 5 -5
45 5 -5
45 5 -5
45 5 -5
45 5 -5
45 5 -5
45 5 -5
# ave_measured_val[1][0] = 583
45 5 5
45 5 5
45 5 5
45 5 5
45 5 5
45 5 5
45 5 5
45 5 5
45 5 5
45 5 5
# ave_measured_val[1][1] = 588
# hoge
# min_loss : 449  estimate[45] = 0
# min_loss : 347  estimate[45] = 1
# min_loss : 307  estimate[45] = 2
# min_loss : 267  estimate[45] = 3
# min_loss : 213  estimate[45] = 4
# min_loss : 189  estimate[45] = 5
# min_loss : 169  estimate[45] = 31
# min_loss : 105  estimate[45] = 40
# min_loss : 71  estimate[45] = 51
46 -5 -5
46 -5 -5
46 -5 -5
46 -5 -5
46 -5 -5
46 -5 -5
46 -5 -5
46 -5 -5
46 -5 -5
46 -5 -5
# ave_measured_val[0][0] = 510
46 -5 5
46 -5 5
46 -5 5
46 -5 5
46 -5 5
46 -5 5
46 -5 5
46 -5 5
46 -5 5
46 -5 5
# ave_measured_val[0][1] = 569
46 5 -5
46 5 -5
46 5 -5
46 5 -5
46 5 -5
46 5 -5
46 5 -5
46 5 -5
46 5 -5
46 5 -5
# ave_measured_val[1][0] = 604
46 5 5
46 5 5
46 5 5
46 5 5
46 5 5
46 5 5
46 5 5
46 5 5
46 5 5
46 5 5
# ave_measured_val[1][1] = 686
# hoge
# min_loss : 289  estimate[46] = 0
# min_loss : 81  estimate[46] = 1
# min_loss : 31  estimate[46] = 9
47 -5 -5
47 -5 -5
47 -5 -5
47 -5 -5
47 -5 -5
47 -5 -5
47 -5 -5
47 -5 -5
47 -5 -5
47 -5 -5
# ave_measured_val[0][0] = 588
47 -5 5
47 -5 5
47 -5 5
47 -5 5
47 -5 5
47 -5 5
47 -5 5
47 -5 5
47 -5 5
47 -5 5
# ave_measured_val[0][1] = 504
47 5 -5
47 5 -5
47 5 -5
47 5 -5
47 5 -5
47 5 -5
47 5 -5
47 5 -5
47 5 -5
47 5 -5
# ave_measured_val[1][0] = 606
47 5 5
47 5 5
47 5 5
47 5 5
47 5 5
47 5 5
47 5 5
47 5 5
47 5 5
47 5 5
# ave_measured_val[1][1] = 510
# hoge
# min_loss : 240  estimate[47] = 0
# min_loss : 188  estimate[47] = 44
# min_loss : 168  estimate[47] = 46
# min_loss : 144  estimate[47] = 56
# min_loss : 40  estimate[47] = 65
48 -5 -5
48 -5 -5
48 -5 -5
48 -5 -5
48 -5 -5
48 -5 -5
48 -5 -5
48 -5 -5
48 -5 -5
48 -5 -5
# ave_measured_val[0][0] = 454
48 -5 5
48 -5 5
48 -5 5
48 -5 5
48 -5 5
48 -5 5
48 -5 5
48 -5 5
48 -5 5
48 -5 5
# ave_measured_val[0][1] = 552
48 5 -5
48 5 -5
48 5 -5
48 5 -5
48 5 -5
48 5 -5
48 5 -5
48 5 -5
48 5 -5
48 5 -5
# ave_measured_val[1][0] = 553
48 5 5
48 5 5
48 5 5
48 5 5
48 5 5
48 5 5
48 5 5
48 5 5
48 5 5
48 5 5
# ave_measured_val[1][1] = 673
# hoge
# min_loss : 204  estimate[48] = 0
# min_loss : 174  estimate[48] = 1
# min_loss : 164  estimate[48] = 7
# min_loss : 114  estimate[48] = 9
# min_loss : 108  estimate[48] = 12
# min_loss : 32  estimate[48] = 16
49 -5 -5
49 -5 -5
49 -5 -5
49 -5 -5
49 -5 -5
49 -5 -5
49 -5 -5
49 -5 -5
49 -5 -5
49 -5 -5
# ave_measured_val[0][0] = 692
49 -5 5
49 -5 5
49 -5 5
49 -5 5
49 -5 5
49 -5 5
49 -5 5
49 -5 5
49 -5 5
49 -5 5
# ave_measured_val[0][1] = 722
49 5 -5
49 5 -5
49 5 -5
49 5 -5
49 5 -5
49 5 -5
49 5 -5
49 5 -5
49 5 -5
49 5 -5
# ave_measured_val[1][0] = 590
49 5 5
49 5 5
49 5 5
49 5 5
49 5 5
49 5 5
49 5 5
49 5 5
49 5 5
49 5 5
# ave_measured_val[1][1] = 602
# hoge
# min_loss : 526  estimate[49] = 0
# min_loss : 382  estimate[49] = 1
# min_loss : 342  estimate[49] = 2
# min_loss : 302  estimate[49] = 3
# min_loss : 266  estimate[49] = 4
# min_loss : 262  estimate[49] = 17
# min_loss : 246  estimate[49] = 21
# min_loss : 182  estimate[49] = 30
# min_loss : 142  estimate[49] = 31
# min_loss : 122  estimate[49] = 51
50 -5 -5
50 -5 -5
50 -5 -5
50 -5 -5
50 -5 -5
50 -5 -5
50 -5 -5
50 -5 -5
50 -5 -5
50 -5 -5
# ave_measured_val[0][0] = 602
50 -5 5
50 -5 5
50 -5 5
50 -5 5
50 -5 5
50 -5 5
50 -5 5
50 -5 5
50 -5 5
50 -5 5
# ave_measured_val[0][1] = 532
50 5 -5
50 5 -5
50 5 -5
50 5 -5
50 5 -5
50 5 -5
50 5 -5
50 5 -5
50 5 -5
50 5 -5
# ave_measured_val[1][0] = 631
50 5 5
50 5 5
50 5 5
50 5 5
50 5 5
50 5 5
50 5 5
50 5 5
50 5 5
50 5 5
# ave_measured_val[1][1] = 559
# hoge
# min_loss : 246  estimate[50] = 0
# min_loss : 202  estimate[50] = 1
# min_loss : 182  estimate[50] = 43
# min_loss : 142  estimate[50] = 44
# min_loss : 102  estimate[50] = 46
51 -5 -5
51 -5 -5
51 -5 -5
51 -5 -5
51 -5 -5
51 -5 -5
51 -5 -5
51 -5 -5
51 -5 -5
51 -5 -5
# ave_measured_val[0][0] = 572
51 -5 5
51 -5 5
51 -5 5
51 -5 5
51 -5 5
51 -5 5
51 -5 5
51 -5 5
51 -5 5
51 -5 5
# ave_measured_val[0][1] = 533
51 5 -5
51 5 -5
51 5 -5
51 5 -5
51 5 -5
51 5 -5
51 5 -5
51 5 -5
51 5 -5
51 5 -5
# ave_measured_val[1][0] = 675
51 5 5
51 5 5
51 5 5
51 5 5
51 5 5
51 5 5
51 5 5
51 5 5
51 5 5
51 5 5
# ave_measured_val[1][1] = 622
# hoge
# min_loss : 322  estimate[51] = 0
# min_loss : 152  estimate[51] = 1
# min_loss : 116  estimate[51] = 44
# min_loss : 96  estimate[51] = 46
# min_loss : 62  estimate[51] = 53
52 -5 -5
52 -5 -5
52 -5 -5
52 -5 -5
52 -5 -5
52 -5 -5
52 -5 -5
52 -5 -5
52 -5 -5
52 -5 -5
# ave_measured_val[0][0] = 579
52 -5 5
52 -5 5
52 -5 5
52 -5 5
52 -5 5
52 -5 5
52 -5 5
52 -5 5
52 -5 5
52 -5 5
# ave_measured_val[0][1] = 652
52 5 -5
52 5 -5
52 5 -5
52 5 -5
52 5 -5
52 5 -5
52 5 -5
52 5 -5
52 5 -5
52 5 -5
# ave_measured_val[1][0] = 520
52 5 5
52 5 5
52 5 5
52 5 5
52 5 5
52 5 5
52 5 5
52 5 5
52 5 5
52 5 5
# ave_measured_val[1][1] = 605
# hoge
# min_loss : 296  estimate[52] = 0
# min_loss : 266  estimate[52] = 1
# min_loss : 226  estimate[52] = 2
# min_loss : 186  estimate[52] = 3
# min_loss : 116  estimate[52] = 4
# min_loss : 98  estimate[52] = 5
# min_loss : 94  estimate[52] = 11
# min_loss : 62  estimate[52] = 17
# min_loss : 38  estimate[52] = 37
53 -5 -5
53 -5 -5
53 -5 -5
53 -5 -5
53 -5 -5
53 -5 -5
53 -5 -5
53 -5 -5
53 -5 -5
53 -5 -5
# ave_measured_val[0][0] = 512
53 -5 5
53 -5 5
53 -5 5
53 -5 5
53 -5 5
53 -5 5
53 -5 5
53 -5 5
53 -5 5
53 -5 5
# ave_measured_val[0][1] = 618
53 5 -5
53 5 -5
53 5 -5
53 5 -5
53 5 -5
53 5 -5
53 5 -5
53 5 -5
53 5 -5
53 5 -5
# ave_measured_val[1][0] = 563
53 5 5
53 5 5
53 5 5
53 5 5
53 5 5
53 5 5
53 5 5
53 5 5
53 5 5
53 5 5
# ave_measured_val[1][1] = 669
# hoge
# min_loss : 282  estimate[53] = 0
# min_loss : 152  estimate[53] = 1
# min_loss : 98  estimate[53] = 9
# min_loss : 58  estimate[53] = 12
# min_loss : 42  estimate[53] = 27
54 -5 -5
54 -5 -5
54 -5 -5
54 -5 -5
54 -5 -5
54 -5 -5
54 -5 -5
54 -5 -5
54 -5 -5
54 -5 -5
# ave_measured_val[0][0] = 587
54 -5 5
54 -5 5
54 -5 5
54 -5 5
54 -5 5
54 -5 5
54 -5 5
54 -5 5
54 -5 5
54 -5 5
# ave_measured_val[0][1] = 661
54 5 -5
54 5 -5
54 5 -5
54 5 -5
54 5 -5
54 5 -5
54 5 -5
54 5 -5
54 5 -5
54 5 -5
# ave_measured_val[1][0] = 474
54 5 5
54 5 5
54 5 5
54 5 5
54 5 5
54 5 5
54 5 5
54 5 5
54 5 5
54 5 5
# ave_measured_val[1][1] = 591
# hoge
# min_loss : 345  estimate[54] = 0
# min_loss : 343  estimate[54] = 1
# min_loss : 303  estimate[54] = 2
# min_loss : 263  estimate[54] = 3
# min_loss : 183  estimate[54] = 4
# min_loss : 131  estimate[54] = 5
# min_loss : 43  estimate[54] = 11
55 -5 -5
55 -5 -5
55 -5 -5
55 -5 -5
55 -5 -5
55 -5 -5
55 -5 -5
55 -5 -5
55 -5 -5
55 -5 -5
# ave_measured_val[0][0] = 612
55 -5 5
55 -5 5
55 -5 5
55 -5 5
55 -5 5
55 -5 5
55 -5 5
55 -5 5
55 -5 5
55 -5 5
# ave_measured_val[0][1] = 592
55 5 -5
55 5 -5
55 5 -5
55 5 -5
55 5 -5
55 5 -5
55 5 -5
55 5 -5
55 5 -5
55 5 -5
# ave_measured_val[1][0] = 718
55 5 5
55 5 5
55 5 5
55 5 5
55 5 5
55 5 5
55 5 5
55 5 5
55 5 5
55 5 5
# ave_measured_val[1][1] = 677
# hoge
# min_loss : 519  estimate[55] = 0
# min_loss : 259  estimate[55] = 1
# min_loss : 181  estimate[55] = 33
# min_loss : 141  estimate[55] = 39
# min_loss : 37  estimate[55] = 47
# min_loss : 25  estimate[55] = 48
56 -5 -5
56 -5 -5
56 -5 -5
56 -5 -5
56 -5 -5
56 -5 -5
56 -5 -5
56 -5 -5
56 -5 -5
56 -5 -5
# ave_measured_val[0][0] = 516
56 -5 5
56 -5 5
56 -5 5
56 -5 5
56 -5 5
56 -5 5
56 -5 5
56 -5 5
56 -5 5
56 -5 5
# ave_measured_val[0][1] = 575
56 5 -5
56 5 -5
56 5 -5
56 5 -5
56 5 -5
56 5 -5
56 5 -5
56 5 -5
56 5 -5
56 5 -5
# ave_measured_val[1][0] = 638
56 5 5
56 5 5
56 5 5
56 5 5
56 5 5
56 5 5
56 5 5
56 5 5
56 5 5
56 5 5
# ave_measured_val[1][1] = 668
# hoge
# min_loss : 317  estimate[56] = 0
# min_loss : 85  estimate[56] = 1
# min_loss : 61  estimate[56] = 9
# min_loss : 57  estimate[56] = 38
57 -5 -5
57 -5 -5
57 -5 -5
57 -5 -5
57 -5 -5
57 -5 -5
57 -5 -5
57 -5 -5
57 -5 -5
57 -5 -5
# ave_measured_val[0][0] = 737
57 -5 5
57 -5 5
57 -5 5
57 -5 5
57 -5 5
57 -5 5
57 -5 5
57 -5 5
57 -5 5
57 -5 5
# ave_measured_val[0][1] = 661
57 5 -5
57 5 -5
57 5 -5
57 5 -5
57 5 -5
57 5 -5
57 5 -5
57 5 -5
57 5 -5
57 5 -5
# ave_measured_val[1][0] = 635
57 5 5
57 5 5
57 5 5
57 5 5
57 5 5
57 5 5
57 5 5
57 5 5
57 5 5
57 5 5
# ave_measured_val[1][1] = 533
# hoge
# min_loss : 540  estimate[57] = 0
# min_loss : 440  estimate[57] = 1
# min_loss : 420  estimate[57] = 2
# min_loss : 400  estimate[57] = 3
# min_loss : 360  estimate[57] = 4
# min_loss : 280  estimate[57] = 5
# min_loss : 258  estimate[57] = 40
# min_loss : 218  estimate[57] = 42
# min_loss : 200  estimate[57] = 45
# min_loss : 98  estimate[57] = 51
# min_loss : 56  estimate[57] = 59
# min_loss : 46  estimate[57] = 64
58 -5 -5
58 -5 -5
58 -5 -5
58 -5 -5
58 -5 -5
58 -5 -5
58 -5 -5
58 -5 -5
58 -5 -5
58 -5 -5
# ave_measured_val[0][0] = 597
58 -5 5
58 -5 5
58 -5 5
58 -5 5
58 -5 5
58 -5 5
58 -5 5
58 -5 5
58 -5 5
58 -5 5
# ave_measured_val[0][1] = 689
58 5 -5
58 5 -5
58 5 -5
58 5 -5
58 5 -5
58 5 -5
58 5 -5
58 5 -5
58 5 -5
58 5 -5
# ave_measured_val[1][0] = 482
58 5 5
58 5 5
58 5 5
58 5 5
58 5 5
58 5 5
58 5 5
58 5 5
58 5 5
58 5 5
# ave_measured_val[1][1] = 567
# hoge
# min_loss : 351  estimate[58] = 0
# min_loss : 317  estimate[58] = 3
# min_loss : 237  estimate[58] = 4
# min_loss : 117  estimate[58] = 5
# min_loss : 41  estimate[58] = 11
# min_loss : 39  estimate[58] = 21
59 -5 -5
59 -5 -5
59 -5 -5
59 -5 -5
59 -5 -5
59 -5 -5
59 -5 -5
59 -5 -5
59 -5 -5
59 -5 -5
# ave_measured_val[0][0] = 722
59 -5 5
59 -5 5
59 -5 5
59 -5 5
59 -5 5
59 -5 5
59 -5 5
59 -5 5
59 -5 5
59 -5 5
# ave_measured_val[0][1] = 645
59 5 -5
59 5 -5
59 5 -5
59 5 -5
59 5 -5
59 5 -5
59 5 -5
59 5 -5
59 5 -5
59 5 -5
# ave_measured_val[1][0] = 603
59 5 5
59 5 5
59 5 5
59 5 5
59 5 5
59 5 5
59 5 5
59 5 5
59 5 5
59 5 5
# ave_measured_val[1][1] = 539
# hoge
# min_loss : 471  estimate[59] = 0
# min_loss : 385  estimate[59] = 1
# min_loss : 351  estimate[59] = 2
# min_loss : 331  estimate[59] = 3
# min_loss : 291  estimate[59] = 4
# min_loss : 211  estimate[59] = 5
# min_loss : 141  estimate[59] = 45
# min_loss : 75  estimate[59] = 51
# min_loss : 61  estimate[59] = 52
# min_loss : 59  estimate[59] = 64
60 -5 -5
60 -5 -5
60 -5 -5
60 -5 -5
60 -5 -5
60 -5 -5
60 -5 -5
60 -5 -5
60 -5 -5
60 -5 -5
# ave_measured_val[0][0] = 686
60 -5 5
60 -5 5
60 -5 5
60 -5 5
60 -5 5
60 -5 5
60 -5 5
60 -5 5
60 -5 5
60 -5 5
# ave_measured_val[0][1] = 616
60 5 -5
60 5 -5
60 5 -5
60 5 -5
60 5 -5
60 5 -5
60 5 -5
60 5 -5
60 5 -5
60 5 -5
# ave_measured_val[1][0] = 604
60 5 5
60 5 5
60 5 5
60 5 5
60 5 5
60 5 5
60 5 5
60 5 5
60 5 5
60 5 5
# ave_measured_val[1][1] = 503
# hoge
# min_loss : 443  estimate[60] = 0
# min_loss : 355  estimate[60] = 1
# min_loss : 323  estimate[60] = 2
# min_loss : 303  estimate[60] = 3
# min_loss : 263  estimate[60] = 4
# min_loss : 231  estimate[60] = 5
# min_loss : 211  estimate[60] = 43
# min_loss : 171  estimate[60] = 45
# min_loss : 151  estimate[60] = 51
# min_loss : 99  estimate[60] = 52
# min_loss : 43  estimate[60] = 60
61 -5 -5
61 -5 -5
61 -5 -5
61 -5 -5
61 -5 -5
61 -5 -5
61 -5 -5
61 -5 -5
61 -5 -5
61 -5 -5
# ave_measured_val[0][0] = 615
61 -5 5
61 -5 5
61 -5 5
61 -5 5
61 -5 5
61 -5 5
61 -5 5
61 -5 5
61 -5 5
61 -5 5
# ave_measured_val[0][1] = 709
61 5 -5
61 5 -5
61 5 -5
61 5 -5
61 5 -5
61 5 -5
61 5 -5
61 5 -5
61 5 -5
61 5 -5
# ave_measured_val[1][0] = 604
61 5 5
61 5 5
61 5 5
61 5 5
61 5 5
61 5 5
61 5 5
61 5 5
61 5 5
61 5 5
# ave_measured_val[1][1] = 665
# hoge
# min_loss : 513  estimate[61] = 0
# min_loss : 265  estimate[61] = 1
# min_loss : 253  estimate[61] = 2
# min_loss : 193  estimate[61] = 17
# min_loss : 183  estimate[61] = 20
# min_loss : 45  estimate[61] = 30
62 -5 -5
62 -5 -5
62 -5 -5
62 -5 -5
62 -5 -5
62 -5 -5
62 -5 -5
62 -5 -5
62 -5 -5
62 -5 -5
# ave_measured_val[0][0] = 532
62 -5 5
62 -5 5
62 -5 5
62 -5 5
62 -5 5
62 -5 5
62 -5 5
62 -5 5
62 -5 5
62 -5 5
# ave_measured_val[0][1] = 646
62 5 -5
62 5 -5
62 5 -5
62 5 -5
62 5 -5
62 5 -5
62 5 -5
62 5 -5
62 5 -5
62 5 -5
# ave_measured_val[1][0] = 598
62 5 5
62 5 5
62 5 5
62 5 5
62 5 5
62 5 5
62 5 5
62 5 5
62 5 5
62 5 5
# ave_measured_val[1][1] = 706
# hoge
# min_loss : 402  estimate[62] = 0
# min_loss : 166  estimate[62] = 1
# min_loss : 162  estimate[62] = 2
# min_loss : 146  estimate[62] = 9
# min_loss : 142  estimate[62] = 12
# min_loss : 74  estimate[62] = 19
# min_loss : 58  estimate[62] = 20
63 -5 -5
63 -5 -5
63 -5 -5
63 -5 -5
63 -5 -5
63 -5 -5
63 -5 -5
63 -5 -5
63 -5 -5
63 -5 -5
# ave_measured_val[0][0] = 662
63 -5 5
63 -5 5
63 -5 5
63 -5 5
63 -5 5
63 -5 5
63 -5 5
63 -5 5
63 -5 5
63 -5 5
# ave_measured_val[0][1] = 566
63 5 -5
63 5 -5
63 5 -5
63 5 -5
63 5 -5
63 5 -5
63 5 -5
63 5 -5
63 5 -5
63 5 -5
# ave_measured_val[1][0] = 580
63 5 5
63 5 5
63 5 5
63 5 5
63 5 5
63 5 5
63 5 5
63 5 5
63 5 5
63 5 5
# ave_measured_val[1][1] = 513
# hoge
# min_loss : 335  estimate[63] = 0
# min_loss : 295  estimate[63] = 1
# min_loss : 263  estimate[63] = 2
# min_loss : 243  estimate[63] = 3
# min_loss : 223  estimate[63] = 4
# min_loss : 203  estimate[63] = 43
# min_loss : 163  estimate[63] = 45
# min_loss : 159  estimate[63] = 52
# min_loss : 83  estimate[63] = 56
# min_loss : 45  estimate[63] = 75
# min_loss : 41  estimate[63] = 81
# min_loss : 29  estimate[63] = 87
64 -5 -5
64 -5 -5
64 -5 -5
64 -5 -5
64 -5 -5
64 -5 -5
64 -5 -5
64 -5 -5
64 -5 -5
64 -5 -5
# ave_measured_val[0][0] = 558
64 -5 5
64 -5 5
64 -5 5
64 -5 5
64 -5 5
64 -5 5
64 -5 5
64 -5 5
64 -5 5
64 -5 5
# ave_measured_val[0][1] = 651
64 5 -5
64 5 -5
64 5 -5
64 5 -5
64 5 -5
64 5 -5
64 5 -5
64 5 -5
64 5 -5
64 5 -5
# ave_measured_val[1][0] = 599
64 5 5
64 5 5
64 5 5
64 5 5
64 5 5
64 5 5
64 5 5
64 5 5
64 5 5
64 5 5
# ave_measured_val[1][1] = 703
# hoge
# min_loss : 431  estimate[64] = 0
# min_loss : 193  estimate[64] = 1
# min_loss : 173  estimate[64] = 2
# min_loss : 171  estimate[64] = 3
# min_loss : 107  estimate[64] = 19
# min_loss : 71  estimate[64] = 20
65 -5 -5
65 -5 -5
65 -5 -5
65 -5 -5
65 -5 -5
65 -5 -5
65 -5 -5
65 -5 -5
65 -5 -5
65 -5 -5
# ave_measured_val[0][0] = 652
65 -5 5
65 -5 5
65 -5 5
65 -5 5
65 -5 5
65 -5 5
65 -5 5
65 -5 5
65 -5 5
65 -5 5
# ave_measured_val[0][1] = 623
65 5 -5
65 5 -5
65 5 -5
65 5 -5
65 5 -5
65 5 -5
65 5 -5
65 5 -5
65 5 -5
65 5 -5
# ave_measured_val[1][0] = 563
65 5 5
65 5 5
65 5 5
65 5 5
65 5 5
65 5 5
65 5 5
65 5 5
65 5 5
65 5 5
# ave_measured_val[1][1] = 510
# hoge
# min_loss : 368  estimate[65] = 0
# min_loss : 362  estimate[65] = 1
# min_loss : 322  estimate[65] = 2
# min_loss : 282  estimate[65] = 3
# min_loss : 202  estimate[65] = 4
# min_loss : 142  estimate[65] = 5
# min_loss : 128  estimate[65] = 43
# min_loss : 82  estimate[65] = 45
# min_loss : 58  estimate[65] = 87
66 -5 -5
66 -5 -5
66 -5 -5
66 -5 -5
66 -5 -5
66 -5 -5
66 -5 -5
66 -5 -5
66 -5 -5
66 -5 -5
# ave_measured_val[0][0] = 704
66 -5 5
66 -5 5
66 -5 5
66 -5 5
66 -5 5
66 -5 5
66 -5 5
66 -5 5
66 -5 5
66 -5 5
# ave_measured_val[0][1] = 610
66 5 -5
66 5 -5
66 5 -5
66 5 -5
66 5 -5
66 5 -5
66 5 -5
66 5 -5
66 5 -5
66 5 -5
# ave_measured_val[1][0] = 687
66 5 5
66 5 5
66 5 5
66 5 5
66 5 5
66 5 5
66 5 5
66 5 5
66 5 5
66 5 5
# ave_measured_val[1][1] = 555
# hoge
# min_loss : 486  estimate[66] = 0
# min_loss : 386  estimate[66] = 1
# min_loss : 366  estimate[66] = 2
# min_loss : 346  estimate[66] = 3
# min_loss : 306  estimate[66] = 4
# min_loss : 286  estimate[66] = 5
# min_loss : 266  estimate[66] = 42
# min_loss : 236  estimate[66] = 45
# min_loss : 232  estimate[66] = 47
# min_loss : 192  estimate[66] = 49
# min_loss : 146  estimate[66] = 50
# min_loss : 106  estimate[66] = 55
# min_loss : 86  estimate[66] = 62
# min_loss : 48  estimate[66] = 63
67 -5 -5
67 -5 -5
67 -5 -5
67 -5 -5
67 -5 -5
67 -5 -5
67 -5 -5
67 -5 -5
67 -5 -5
67 -5 -5
# ave_measured_val[0][0] = 511
67 -5 5
67 -5 5
67 -5 5
67 -5 5
67 -5 5
67 -5 5
67 -5 5
67 -5 5
67 -5 5
67 -5 5
# ave_measured_val[0][1] = 585
67 5 -5
67 5 -5
67 5 -5
67 5 -5
67 5 -5
67 5 -5
67 5 -5
67 5 -5
67 5 -5
67 5 -5
# ave_measured_val[1][0] = 594
67 5 5
67 5 5
67 5 5
67 5 5
67 5 5
67 5 5
67 5 5
67 5 5
67 5 5
67 5 5
# ave_measured_val[1][1] = 675
# hoge
# min_loss : 285  estimate[67] = 0
# min_loss : 95  estimate[67] = 1
# min_loss : 37  estimate[67] = 9
68 -5 -5
68 -5 -5
68 -5 -5
68 -5 -5
68 -5 -5
68 -5 -5
68 -5 -5
68 -5 -5
68 -5 -5
68 -5 -5
# ave_measured_val[0][0] = 563
68 -5 5
68 -5 5
68 -5 5
68 -5 5
68 -5 5
68 -5 5
68 -5 5
68 -5 5
68 -5 5
68 -5 5
# ave_measured_val[0][1] = 646
68 5 -5
68 5 -5
68 5 -5
68 5 -5
68 5 -5
68 5 -5
68 5 -5
68 5 -5
68 5 -5
68 5 -5
# ave_measured_val[1][0] = 659
68 5 5
68 5 5
68 5 5
68 5 5
68 5 5
68 5 5
68 5 5
68 5 5
68 5 5
68 5 5
# ave_measured_val[1][1] = 736
# hoge
# min_loss : 524  estimate[68] = 0
# min_loss : 264  estimate[68] = 1
# min_loss : 164  estimate[68] = 19
# min_loss : 124  estimate[68] = 25
# min_loss : 40  estimate[68] = 29
69 -5 -5
69 -5 -5
69 -5 -5
69 -5 -5
69 -5 -5
69 -5 -5
69 -5 -5
69 -5 -5
69 -5 -5
69 -5 -5
# ave_measured_val[0][0] = 478
69 -5 5
69 -5 5
69 -5 5
69 -5 5
69 -5 5
69 -5 5
69 -5 5
69 -5 5
69 -5 5
69 -5 5
# ave_measured_val[0][1] = 519
69 5 -5
69 5 -5
69 5 -5
69 5 -5
69 5 -5
69 5 -5
69 5 -5
69 5 -5
69 5 -5
69 5 -5
# ave_measured_val[1][0] = 506
69 5 5
69 5 5
69 5 5
69 5 5
69 5 5
69 5 5
69 5 5
69 5 5
69 5 5
69 5 5
# ave_measured_val[1][1] = 573
# hoge
# min_loss : 48  estimate[69] = 0
# min_loss : 40  estimate[69] = 8
70 -5 -5
70 -5 -5
70 -5 -5
70 -5 -5
70 -5 -5
70 -5 -5
70 -5 -5
70 -5 -5
70 -5 -5
70 -5 -5
# ave_measured_val[0][0] = 452
70 -5 5
70 -5 5
70 -5 5
70 -5 5
70 -5 5
70 -5 5
70 -5 5
70 -5 5
70 -5 5
70 -5 5
# ave_measured_val[0][1] = 521
70 5 -5
70 5 -5
70 5 -5
70 5 -5
70 5 -5
70 5 -5
70 5 -5
70 5 -5
70 5 -5
70 5 -5
# ave_measured_val[1][0] = 508
70 5 5
70 5 5
70 5 5
70 5 5
70 5 5
70 5 5
70 5 5
70 5 5
70 5 5
70 5 5
# ave_measured_val[1][1] = 561
# hoge
# min_loss : 62  estimate[70] = 0
# min_loss : 60  estimate[70] = 7
# min_loss : 38  estimate[70] = 8
71 -5 -5
71 -5 -5
71 -5 -5
71 -5 -5
71 -5 -5
71 -5 -5
71 -5 -5
71 -5 -5
71 -5 -5
71 -5 -5
# ave_measured_val[0][0] = 587
71 -5 5
71 -5 5
71 -5 5
71 -5 5
71 -5 5
71 -5 5
71 -5 5
71 -5 5
71 -5 5
71 -5 5
# ave_measured_val[0][1] = 632
71 5 -5
71 5 -5
71 5 -5
71 5 -5
71 5 -5
71 5 -5
71 5 -5
71 5 -5
71 5 -5
71 5 -5
# ave_measured_val[1][0] = 484
71 5 5
71 5 5
71 5 5
71 5 5
71 5 5
71 5 5
71 5 5
71 5 5
71 5 5
71 5 5
# ave_measured_val[1][1] = 509
# hoge
# min_loss : 326  estimate[71] = 0
# min_loss : 306  estimate[71] = 3
# min_loss : 226  estimate[71] = 4
# min_loss : 128  estimate[71] = 5
# min_loss : 32  estimate[71] = 6
72 -5 -5
72 -5 -5
72 -5 -5
72 -5 -5
72 -5 -5
72 -5 -5
72 -5 -5
72 -5 -5
72 -5 -5
72 -5 -5
# ave_measured_val[0][0] = 530
72 -5 5
72 -5 5
72 -5 5
72 -5 5
72 -5 5
72 -5 5
72 -5 5
72 -5 5
72 -5 5
72 -5 5
# ave_measured_val[0][1] = 512
72 5 -5
72 5 -5
72 5 -5
72 5 -5
72 5 -5
72 5 -5
72 5 -5
72 5 -5
72 5 -5
72 5 -5
# ave_measured_val[1][0] = 644
72 5 5
72 5 5
72 5 5
72 5 5
72 5 5
72 5 5
72 5 5
72 5 5
72 5 5
72 5 5
# ave_measured_val[1][1] = 610
# hoge
# min_loss : 216  estimate[72] = 0
# min_loss : 112  estimate[72] = 1
# min_loss : 68  estimate[72] = 53
73 -5 -5
73 -5 -5
73 -5 -5
73 -5 -5
73 -5 -5
73 -5 -5
73 -5 -5
73 -5 -5
73 -5 -5
73 -5 -5
# ave_measured_val[0][0] = 636
73 -5 5
73 -5 5
73 -5 5
73 -5 5
73 -5 5
73 -5 5
73 -5 5
73 -5 5
73 -5 5
73 -5 5
# ave_measured_val[0][1] = 523
73 5 -5
73 5 -5
73 5 -5
73 5 -5
73 5 -5
73 5 -5
73 5 -5
73 5 -5
73 5 -5
73 5 -5
# ave_measured_val[1][0] = 721
73 5 5
73 5 5
73 5 5
73 5 5
73 5 5
73 5 5
73 5 5
73 5 5
73 5 5
73 5 5
# ave_measured_val[1][1] = 599
# hoge
# min_loss : 399  estimate[73] = 0
# min_loss : 295  estimate[73] = 1
# min_loss : 235  estimate[73] = 44
# min_loss : 195  estimate[73] = 46
# min_loss : 155  estimate[73] = 48
# min_loss : 141  estimate[73] = 53
# min_loss : 133  estimate[73] = 54
# min_loss : 119  estimate[73] = 61
# min_loss : 61  estimate[73] = 66
74 -5 -5
74 -5 -5
74 -5 -5
74 -5 -5
74 -5 -5
74 -5 -5
74 -5 -5
74 -5 -5
74 -5 -5
74 -5 -5
# ave_measured_val[0][0] = 445
74 -5 5
74 -5 5
74 -5 5
74 -5 5
74 -5 5
74 -5 5
74 -5 5
74 -5 5
74 -5 5
74 -5 5
# ave_measured_val[0][1] = 514
74 5 -5
74 5 -5
74 5 -5
74 5 -5
74 5 -5
74 5 -5
74 5 -5
74 5 -5
74 5 -5
74 5 -5
# ave_measured_val[1][0] = 578
74 5 5
74 5 5
74 5 5
74 5 5
74 5 5
74 5 5
74 5 5
74 5 5
74 5 5
74 5 5
# ave_measured_val[1][1] = 610
# hoge
# min_loss : 137  estimate[74] = 0
# min_loss : 97  estimate[74] = 7
75 -5 -5
75 -5 -5
75 -5 -5
75 -5 -5
75 -5 -5
75 -5 -5
75 -5 -5
75 -5 -5
75 -5 -5
75 -5 -5
# ave_measured_val[0][0] = 644
75 -5 5
75 -5 5
75 -5 5
75 -5 5
75 -5 5
75 -5 5
75 -5 5
75 -5 5
75 -5 5
75 -5 5
# ave_measured_val[0][1] = 553
75 5 -5
75 5 -5
75 5 -5
75 5 -5
75 5 -5
75 5 -5
75 5 -5
75 5 -5
75 5 -5
75 5 -5
# ave_measured_val[1][0] = 702
75 5 5
75 5 5
75 5 5
75 5 5
75 5 5
75 5 5
75 5 5
75 5 5
75 5 5
75 5 5
# ave_measured_val[1][1] = 576
# hoge
# min_loss : 395  estimate[75] = 0
# min_loss : 277  estimate[75] = 1
# min_loss : 269  estimate[75] = 42
# min_loss : 217  estimate[75] = 44
# min_loss : 183  estimate[75] = 46
# min_loss : 177  estimate[75] = 47
# min_loss : 173  estimate[75] = 48
# min_loss : 137  estimate[75] = 49
# min_loss : 125  estimate[75] = 58
# min_loss : 89  estimate[75] = 62
76 -5 -5
76 -5 -5
76 -5 -5
76 -5 -5
76 -5 -5
76 -5 -5
76 -5 -5
76 -5 -5
76 -5 -5
76 -5 -5
# ave_measured_val[0][0] = 609
76 -5 5
76 -5 5
76 -5 5
76 -5 5
76 -5 5
76 -5 5
76 -5 5
76 -5 5
76 -5 5
76 -5 5
# ave_measured_val[0][1] = 524
76 5 -5
76 5 -5
76 5 -5
76 5 -5
76 5 -5
76 5 -5
76 5 -5
76 5 -5
76 5 -5
76 5 -5
# ave_measured_val[1][0] = 640
76 5 5
76 5 5
76 5 5
76 5 5
76 5 5
76 5 5
76 5 5
76 5 5
76 5 5
76 5 5
# ave_measured_val[1][1] = 524
# hoge
# min_loss : 289  estimate[76] = 0
# min_loss : 261  estimate[76] = 1
# min_loss : 241  estimate[76] = 43
# min_loss : 201  estimate[76] = 44
# min_loss : 161  estimate[76] = 46
# min_loss : 149  estimate[76] = 53
# min_loss : 123  estimate[76] = 56
# min_loss : 77  estimate[76] = 65
77 -5 -5
77 -5 -5
77 -5 -5
77 -5 -5
77 -5 -5
77 -5 -5
77 -5 -5
77 -5 -5
77 -5 -5
77 -5 -5
# ave_measured_val[0][0] = 517
77 -5 5
77 -5 5
77 -5 5
77 -5 5
77 -5 5
77 -5 5
77 -5 5
77 -5 5
77 -5 5
77 -5 5
# ave_measured_val[0][1] = 624
77 5 -5
77 5 -5
77 5 -5
77 5 -5
77 5 -5
77 5 -5
77 5 -5
77 5 -5
77 5 -5
77 5 -5
# ave_measured_val[1][0] = 627
77 5 5
77 5 5
77 5 5
77 5 5
77 5 5
77 5 5
77 5 5
77 5 5
77 5 5
77 5 5
# ave_measured_val[1][1] = 712
# hoge
# min_loss : 400  estimate[77] = 0
# min_loss : 166  estimate[77] = 1
# min_loss : 140  estimate[77] = 9
# min_loss : 40  estimate[77] = 19
# min_loss : 22  estimate[77] = 25
78 -5 -5
78 -5 -5
78 -5 -5
78 -5 -5
78 -5 -5
78 -5 -5
78 -5 -5
78 -5 -5
78 -5 -5
78 -5 -5
# ave_measured_val[0][0] = 601
78 -5 5
78 -5 5
78 -5 5
78 -5 5
78 -5 5
78 -5 5
78 -5 5
78 -5 5
78 -5 5
78 -5 5
# ave_measured_val[0][1] = 537
78 5 -5
78 5 -5
78 5 -5
78 5 -5
78 5 -5
78 5 -5
78 5 -5
78 5 -5
78 5 -5
78 5 -5
# ave_measured_val[1][0] = 648
78 5 5
78 5 5
78 5 5
78 5 5
78 5 5
78 5 5
78 5 5
78 5 5
78 5 5
78 5 5
# ave_measured_val[1][1] = 571
# hoge
# min_loss : 277  estimate[78] = 0
# min_loss : 201  estimate[78] = 1
# min_loss : 183  estimate[78] = 43
# min_loss : 141  estimate[78] = 44
# min_loss : 101  estimate[78] = 46
# min_loss : 99  estimate[78] = 53
79 -5 -5
79 -5 -5
79 -5 -5
79 -5 -5
79 -5 -5
79 -5 -5
79 -5 -5
79 -5 -5
79 -5 -5
79 -5 -5
# ave_measured_val[0][0] = 630
79 -5 5
79 -5 5
79 -5 5
79 -5 5
79 -5 5
79 -5 5
79 -5 5
79 -5 5
79 -5 5
79 -5 5
# ave_measured_val[0][1] = 728
79 5 -5
79 5 -5
79 5 -5
79 5 -5
79 5 -5
79 5 -5
79 5 -5
79 5 -5
79 5 -5
79 5 -5
# ave_measured_val[1][0] = 556
79 5 5
79 5 5
79 5 5
79 5 5
79 5 5
79 5 5
79 5 5
79 5 5
79 5 5
79 5 5
# ave_measured_val[1][1] = 692
# hoge
# min_loss : 526  estimate[79] = 0
# min_loss : 374  estimate[79] = 1
# min_loss : 354  estimate[79] = 2
# min_loss : 334  estimate[79] = 3
# min_loss : 294  estimate[79] = 4
# min_loss : 266  estimate[79] = 5
# min_loss : 206  estimate[79] = 17
# min_loss : 74  estimate[79] = 30
80 -5 -5
80 -5 -5
80 -5 -5
80 -5 -5
80 -5 -5
80 -5 -5
80 -5 -5
80 -5 -5
80 -5 -5
80 -5 -5
# ave_measured_val[0][0] = 584
80 -5 5
80 -5 5
80 -5 5
80 -5 5
80 -5 5
80 -5 5
80 -5 5
80 -5 5
80 -5 5
80 -5 5
# ave_measured_val[0][1] = 471
80 5 -5
80 5 -5
80 5 -5
80 5 -5
80 5 -5
80 5 -5
80 5 -5
80 5 -5
80 5 -5
80 5 -5
# ave_measured_val[1][0] = 678
80 5 5
80 5 5
80 5 5
80 5 5
80 5 5
80 5 5
80 5 5
80 5 5
80 5 5
80 5 5
# ave_measured_val[1][1] = 572
# hoge
# min_loss : 303  estimate[80] = 0
# min_loss : 279  estimate[80] = 1
# min_loss : 219  estimate[80] = 44
# min_loss : 179  estimate[80] = 46
# min_loss : 99  estimate[80] = 53
# min_loss : 63  estimate[80] = 57
# min_loss : 55  estimate[80] = 61
# min_loss : 23  estimate[80] = 67
81 -5 -5
81 -5 -5
81 -5 -5
81 -5 -5
81 -5 -5
81 -5 -5
81 -5 -5
81 -5 -5
81 -5 -5
81 -5 -5
# ave_measured_val[0][0] = 697
81 -5 5
81 -5 5
81 -5 5
81 -5 5
81 -5 5
81 -5 5
81 -5 5
81 -5 5
81 -5 5
81 -5 5
# ave_measured_val[0][1] = 678
81 5 -5
81 5 -5
81 5 -5
81 5 -5
81 5 -5
81 5 -5
81 5 -5
81 5 -5
81 5 -5
81 5 -5
# ave_measured_val[1][0] = 646
81 5 5
81 5 5
81 5 5
81 5 5
81 5 5
81 5 5
81 5 5
81 5 5
81 5 5
81 5 5
# ave_measured_val[1][1] = 628
# hoge
# min_loss : 569  estimate[81] = 0
# min_loss : 333  estimate[81] = 1
# min_loss : 313  estimate[81] = 2
# min_loss : 309  estimate[81] = 3
# min_loss : 253  estimate[81] = 17
# min_loss : 237  estimate[81] = 30
# min_loss : 233  estimate[81] = 31
# min_loss : 193  estimate[81] = 35
# min_loss : 157  estimate[81] = 36
# min_loss : 93  estimate[81] = 42
82 -5 -5
82 -5 -5
82 -5 -5
82 -5 -5
82 -5 -5
82 -5 -5
82 -5 -5
82 -5 -5
82 -5 -5
82 -5 -5
# ave_measured_val[0][0] = 609
82 -5 5
82 -5 5
82 -5 5
82 -5 5
82 -5 5
82 -5 5
82 -5 5
82 -5 5
82 -5 5
82 -5 5
# ave_measured_val[0][1] = 707
82 5 -5
82 5 -5
82 5 -5
82 5 -5
82 5 -5
82 5 -5
82 5 -5
82 5 -5
82 5 -5
82 5 -5
# ave_measured_val[1][0] = 607
82 5 5
82 5 5
82 5 5
82 5 5
82 5 5
82 5 5
82 5 5
82 5 5
82 5 5
82 5 5
# ave_measured_val[1][1] = 681
# hoge
# min_loss : 524  estimate[82] = 0
# min_loss : 270  estimate[82] = 1
# min_loss : 264  estimate[82] = 2
# min_loss : 204  estimate[82] = 17
# min_loss : 164  estimate[82] = 20
# min_loss : 30  estimate[82] = 30
83 -5 -5
83 -5 -5
83 -5 -5
83 -5 -5
83 -5 -5
83 -5 -5
83 -5 -5
83 -5 -5
83 -5 -5
83 -5 -5
# ave_measured_val[0][0] = 676
83 -5 5
83 -5 5
83 -5 5
83 -5 5
83 -5 5
83 -5 5
83 -5 5
83 -5 5
83 -5 5
83 -5 5
# ave_measured_val[0][1] = 602
83 5 -5
83 5 -5
83 5 -5
83 5 -5
83 5 -5
83 5 -5
83 5 -5
83 5 -5
83 5 -5
83 5 -5
# ave_measured_val[1][0] = 660
83 5 5
83 5 5
83 5 5
83 5 5
83 5 5
83 5 5
83 5 5
83 5 5
83 5 5
83 5 5
# ave_measured_val[1][1] = 538
# hoge
# min_loss : 440  estimate[83] = 0
# min_loss : 340  estimate[83] = 1
# min_loss : 320  estimate[83] = 2
# min_loss : 300  estimate[83] = 3
# min_loss : 260  estimate[83] = 4
# min_loss : 256  estimate[83] = 5
# min_loss : 236  estimate[83] = 42
# min_loss : 196  estimate[83] = 45
# min_loss : 156  estimate[83] = 50
# min_loss : 144  estimate[83] = 52
# min_loss : 124  estimate[83] = 55
# min_loss : 120  estimate[83] = 60
# min_loss : 88  estimate[83] = 62
# min_loss : 64  estimate[83] = 63
# min_loss : 60  estimate[83] = 68
84 -5 -5
84 -5 -5
84 -5 -5
84 -5 -5
84 -5 -5
84 -5 -5
84 -5 -5
84 -5 -5
84 -5 -5
84 -5 -5
# ave_measured_val[0][0] = 494
84 -5 5
84 -5 5
84 -5 5
84 -5 5
84 -5 5
84 -5 5
84 -5 5
84 -5 5
84 -5 5
84 -5 5
# ave_measured_val[0][1] = 426
84 5 -5
84 5 -5
84 5 -5
84 5 -5
84 5 -5
84 5 -5
84 5 -5
84 5 -5
84 5 -5
84 5 -5
# ave_measured_val[1][0] = 608
84 5 5
84 5 5
84 5 5
84 5 5
84 5 5
84 5 5
84 5 5
84 5 5
84 5 5
84 5 5
# ave_measured_val[1][1] = 524
# hoge
# min_loss : 212  estimate[84] = 0
# min_loss : 176  estimate[84] = 65
# min_loss : 88  estimate[84] = 70
# min_loss : 76  estimate[84] = 74
# min_loss : 48  estimate[84] = 79
85 -5 -5
85 -5 -5
85 -5 -5
85 -5 -5
85 -5 -5
85 -5 -5
85 -5 -5
85 -5 -5
85 -5 -5
85 -5 -5
# ave_measured_val[0][0] = 529
85 -5 5
85 -5 5
85 -5 5
85 -5 5
85 -5 5
85 -5 5
85 -5 5
85 -5 5
85 -5 5
85 -5 5
# ave_measured_val[0][1] = 620
85 5 -5
85 5 -5
85 5 -5
85 5 -5
85 5 -5
85 5 -5
85 5 -5
85 5 -5
85 5 -5
85 5 -5
# ave_measured_val[1][0] = 468
85 5 5
85 5 5
85 5 5
85 5 5
85 5 5
85 5 5
85 5 5
85 5 5
85 5 5
85 5 5
# ave_measured_val[1][1] = 573
# hoge
# min_loss : 234  estimate[85] = 0
# min_loss : 230  estimate[85] = 3
# min_loss : 190  estimate[85] = 4
# min_loss : 176  estimate[85] = 5
# min_loss : 136  estimate[85] = 6
# min_loss : 116  estimate[85] = 11
# min_loss : 110  estimate[85] = 15
86 -5 -5
86 -5 -5
86 -5 -5
86 -5 -5
86 -5 -5
86 -5 -5
86 -5 -5
86 -5 -5
86 -5 -5
86 -5 -5
# ave_measured_val[0][0] = 567
86 -5 5
86 -5 5
86 -5 5
86 -5 5
86 -5 5
86 -5 5
86 -5 5
86 -5 5
86 -5 5
86 -5 5
# ave_measured_val[0][1] = 563
86 5 -5
86 5 -5
86 5 -5
86 5 -5
86 5 -5
86 5 -5
86 5 -5
86 5 -5
86 5 -5
86 5 -5
# ave_measured_val[1][0] = 463
86 5 5
86 5 5
86 5 5
86 5 5
86 5 5
86 5 5
86 5 5
86 5 5
86 5 5
86 5 5
# ave_measured_val[1][1] = 485
# hoge
# min_loss : 282  estimate[86] = 0
# min_loss : 262  estimate[86] = 4
# min_loss : 142  estimate[86] = 6
87 -5 -5
87 -5 -5
87 -5 -5
87 -5 -5
87 -5 -5
87 -5 -5
87 -5 -5
87 -5 -5
87 -5 -5
87 -5 -5
# ave_measured_val[0][0] = 671
87 -5 5
87 -5 5
87 -5 5
87 -5 5
87 -5 5
87 -5 5
87 -5 5
87 -5 5
87 -5 5
87 -5 5
# ave_measured_val[0][1] = 590
87 5 -5
87 5 -5
87 5 -5
87 5 -5
87 5 -5
87 5 -5
87 5 -5
87 5 -5
87 5 -5
87 5 -5
# ave_measured_val[1][0] = 578
87 5 5
87 5 5
87 5 5
87 5 5
87 5 5
87 5 5
87 5 5
87 5 5
87 5 5
87 5 5
# ave_measured_val[1][1] = 480
# hoge
# min_loss : 399  estimate[87] = 0
# min_loss : 363  estimate[87] = 1
# min_loss : 323  estimate[87] = 2
# min_loss : 283  estimate[87] = 3
# min_loss : 239  estimate[87] = 4
# min_loss : 219  estimate[87] = 43
# min_loss : 179  estimate[87] = 45
# min_loss : 161  estimate[87] = 52
# min_loss : 143  estimate[87] = 56
# min_loss : 121  estimate[87] = 60
# min_loss : 83  estimate[87] = 75
# min_loss : 61  estimate[87] = 76
# min_loss : 43  estimate[87] = 87
88 -5 -5
88 -5 -5
88 -5 -5
88 -5 -5
88 -5 -5
88 -5 -5
88 -5 -5
88 -5 -5
88 -5 -5
88 -5 -5
# ave_measured_val[0][0] = 504
88 -5 5
88 -5 5
88 -5 5
88 -5 5
88 -5 5
88 -5 5
88 -5 5
88 -5 5
88 -5 5
88 -5 5
# ave_measured_val[0][1] = 629
88 5 -5
88 5 -5
88 5 -5
88 5 -5
88 5 -5
88 5 -5
88 5 -5
88 5 -5
88 5 -5
88 5 -5
# ave_measured_val[1][0] = 425
88 5 5
88 5 5
88 5 5
88 5 5
88 5 5
88 5 5
88 5 5
88 5 5
88 5 5
88 5 5
# ave_measured_val[1][1] = 531
# hoge
# min_loss : 277  estimate[88] = 0
# min_loss : 251  estimate[88] = 5
# min_loss : 171  estimate[88] = 6
# min_loss : 41  estimate[88] = 14
# min_loss : 37  estimate[88] = 15
89 -5 -5
89 -5 -5
89 -5 -5
89 -5 -5
89 -5 -5
89 -5 -5
89 -5 -5
89 -5 -5
89 -5 -5
89 -5 -5
# ave_measured_val[0][0] = 648
89 -5 5
89 -5 5
89 -5 5
89 -5 5
89 -5 5
89 -5 5
89 -5 5
89 -5 5
89 -5 5
89 -5 5
# ave_measured_val[0][1] = 691
89 5 -5
89 5 -5
89 5 -5
89 5 -5
89 5 -5
89 5 -5
89 5 -5
89 5 -5
89 5 -5
89 5 -5
# ave_measured_val[1][0] = 622
89 5 5
89 5 5
89 5 5
89 5 5
89 5 5
89 5 5
89 5 5
89 5 5
89 5 5
89 5 5
# ave_measured_val[1][1] = 669
# hoge
# min_loss : 550  estimate[89] = 0
# min_loss : 290  estimate[89] = 1
# min_loss : 230  estimate[89] = 17
# min_loss : 212  estimate[89] = 20
# min_loss : 208  estimate[89] = 29
# min_loss : 110  estimate[89] = 30
# min_loss : 32  estimate[89] = 36
90 -5 -5
90 -5 -5
90 -5 -5
90 -5 -5
90 -5 -5
90 -5 -5
90 -5 -5
90 -5 -5
90 -5 -5
90 -5 -5
# ave_measured_val[0][0] = 536
90 -5 5
90 -5 5
90 -5 5
90 -5 5
90 -5 5
90 -5 5
90 -5 5
90 -5 5
90 -5 5
90 -5 5
# ave_measured_val[0][1] = 603
90 5 -5
90 5 -5
90 5 -5
90 5 -5
90 5 -5
90 5 -5
90 5 -5
90 5 -5
90 5 -5
90 5 -5
# ave_measured_val[1][0] = 565
90 5 5
90 5 5
90 5 5
90 5 5
90 5 5
90 5 5
90 5 5
90 5 5
90 5 5
90 5 5
# ave_measured_val[1][1] = 625
# hoge
# min_loss : 249  estimate[90] = 0
# min_loss : 109  estimate[90] = 1
# min_loss : 77  estimate[90] = 2
# min_loss : 67  estimate[90] = 3
91 -5 -5
91 -5 -5
91 -5 -5
91 -5 -5
91 -5 -5
91 -5 -5
91 -5 -5
91 -5 -5
91 -5 -5
91 -5 -5
# ave_measured_val[0][0] = 556
91 -5 5
91 -5 5
91 -5 5
91 -5 5
91 -5 5
91 -5 5
91 -5 5
91 -5 5
91 -5 5
91 -5 5
# ave_measured_val[0][1] = 638
91 5 -5
91 5 -5
91 5 -5
91 5 -5
91 5 -5
91 5 -5
91 5 -5
91 5 -5
91 5 -5
91 5 -5
# ave_measured_val[1][0] = 626
91 5 5
91 5 5
91 5 5
91 5 5
91 5 5
91 5 5
91 5 5
91 5 5
91 5 5
91 5 5
# ave_measured_val[1][1] = 705
# hoge
# min_loss : 445  estimate[91] = 0
# min_loss : 185  estimate[91] = 1
# min_loss : 95  estimate[91] = 19
# min_loss : 89  estimate[91] = 20
# min_loss : 75  estimate[91] = 25
# min_loss : 73  estimate[91] = 33
# min_loss : 63  estimate[91] = 34
92 -5 -5
92 -5 -5
92 -5 -5
92 -5 -5
92 -5 -5
92 -5 -5
92 -5 -5
92 -5 -5
92 -5 -5
92 -5 -5
# ave_measured_val[0][0] = 515
92 -5 5
92 -5 5
92 -5 5
92 -5 5
92 -5 5
92 -5 5
92 -5 5
92 -5 5
92 -5 5
92 -5 5
# ave_measured_val[0][1] = 551
92 5 -5
92 5 -5
92 5 -5
92 5 -5
92 5 -5
92 5 -5
92 5 -5
92 5 -5
92 5 -5
92 5 -5
# ave_measured_val[1][0] = 641
92 5 5
92 5 5
92 5 5
92 5 5
92 5 5
92 5 5
92 5 5
92 5 5
92 5 5
92 5 5
# ave_measured_val[1][1] = 648
# hoge
# min_loss : 275  estimate[92] = 0
# min_loss : 63  estimate[92] = 1
# min_loss : 39  estimate[92] = 38
93 -5 -5
93 -5 -5
93 -5 -5
93 -5 -5
93 -5 -5
93 -5 -5
93 -5 -5
93 -5 -5
93 -5 -5
93 -5 -5
# ave_measured_val[0][0] = 597
93 -5 5
93 -5 5
93 -5 5
93 -5 5
93 -5 5
93 -5 5
93 -5 5
93 -5 5
93 -5 5
93 -5 5
# ave_measured_val[0][1] = 575
93 5 -5
93 5 -5
93 5 -5
93 5 -5
93 5 -5
93 5 -5
93 5 -5
93 5 -5
93 5 -5
93 5 -5
# ave_measured_val[1][0] = 491
93 5 5
93 5 5
93 5 5
93 5 5
93 5 5
93 5 5
93 5 5
93 5 5
93 5 5
93 5 5
# ave_measured_val[1][1] = 457
# hoge
# min_loss : 324  estimate[93] = 0
# min_loss : 314  estimate[93] = 3
# min_loss : 274  estimate[93] = 4
# min_loss : 220  estimate[93] = 5
# min_loss : 116  estimate[93] = 6
# min_loss : 90  estimate[93] = 88
94 -5 -5
94 -5 -5
94 -5 -5
94 -5 -5
94 -5 -5
94 -5 -5
94 -5 -5
94 -5 -5
94 -5 -5
94 -5 -5
# ave_measured_val[0][0] = 662
94 -5 5
94 -5 5
94 -5 5
94 -5 5
94 -5 5
94 -5 5
94 -5 5
94 -5 5
94 -5 5
94 -5 5
# ave_measured_val[0][1] = 614
94 5 -5
94 5 -5
94 5 -5
94 5 -5
94 5 -5
94 5 -5
94 5 -5
94 5 -5
94 5 -5
94 5 -5
# ave_measured_val[1][0] = 569
94 5 5
94 5 5
94 5 5
94 5 5
94 5 5
94 5 5
94 5 5
94 5 5
94 5 5
94 5 5
# ave_measured_val[1][1] = 519
# hoge
# min_loss : 366  estimate[94] = 0
# min_loss : 348  estimate[94] = 1
# min_loss : 308  estimate[94] = 2
# min_loss : 268  estimate[94] = 3
# min_loss : 188  estimate[94] = 4
# min_loss : 158  estimate[94] = 5
# min_loss : 138  estimate[94] = 43
# min_loss : 98  estimate[94] = 45
# min_loss : 46  estimate[94] = 87
-1 -1 -1
46
56
21
26
10
6
27
45
19
60
14
72
88
4
3
21
80
56
30
79
43
3
6
15
91
46
68
19
59
28
35
14
82
0
61
15
7
19
11
49
44
50
65
61
28
51
9
65
16
51
46
53
37
27
11
48
38
64
21
64
60
30
20
87
20
87
63
9
29
8
8
6
53
66
7
62
65
25
53
30
67
42
30
68
79
15
6
87
15
36
3
34
38
88
87
