550 560 570 580 590 600 610 620 630 640 650 640 630 620 610 600 590 580 570 560 550 540 530
560 570 580 590 600 610 620 630 640 650 660 650 640 630 620 610 600 590 580 570 560 550 540
570 580 590 600 610 620 630 640 650 660 670 660 650 640 630 620 610 600 590 580 570 560 550
580 590 600 610 620 630 640 650 660 670 680 670 660 650 640 630 620 610 600 590 580 570 560
590 600 610 620 630 640 650 660 670 680 690 680 670 660 650 640 630 620 610 600 590 580 570
600 610 620 630 640 650 660 670 680 690 700 690 680 670 660 650 640 630 620 610 600 590 580
610 620 630 640 650 660 670 680 690 700 710 700 690 680 670 660 650 640 630 620 610 600 590
620 630 640 650 660 670 680 690 700 710 720 710 700 690 680 670 660 650 640 630 620 610 600
630 640 650 660 670 680 690 700 710 720 730 720 710 700 690 680 670 660 650 640 630 620 610
640 650 660 670 680 690 700 710 720 730 740 730 720 710 700 690 680 670 660 650 640 630 620
650 660 670 680 690 700 710 720 730 740 750 740 730 720 710 700 690 680 670 660 650 640 630
640 650 660 670 680 690 700 710 720 730 740 730 720 710 700 690 680 670 660 650 640 630 620
630 640 650 660 670 680 690 700 710 720 730 720 710 700 690 680 670 660 650 640 630 620 610
620 630 640 650 660 670 680 690 700 710 720 710 700 690 680 670 660 650 640 630 620 610 600
610 620 630 640 650 660 670 680 690 700 710 700 690 680 670 660 650 640 630 620 610 600 590
600 610 620 630 640 650 660 670 680 690 700 690 680 670 660 650 640 630 620 610 600 590 580
590 600 610 620 630 640 650 660 670 680 690 680 670 660 650 640 630 620 610 600 590 580 570
580 590 600 610 620 630 640 650 660 670 680 670 660 650 640 630 620 610 600 590 580 570 560
570 580 590 600 610 620 630 640 650 660 670 660 650 640 630 620 610 600 590 580 570 560 550
560 570 580 590 600 610 620 630 640 650 660 650 640 630 620 610 600 590 580 570 560 550 540
550 560 570 580 590 600 610 620 630 640 650 640 630 620 610 600 590 580 570 560 550 540 530
540 550 560 570 580 590 600 610 620 630 640 630 620 610 600 590 580 570 560 550 540 530 520
530 540 550 560 570 580 590 600 610 620 630 620 610 600 590 580 570 560 550 540 530 520 510
0 -5 -5
0 -5 -5
0 -5 -5
0 -5 -5
0 -5 -5
0 -5 -5
0 -5 -5
0 -5 -5
0 -5 -5
0 -5 -5
# ave_measured_val[0][0] = 563
0 -5 5
0 -5 5
0 -5 5
0 -5 5
0 -5 5
0 -5 5
0 -5 5
0 -5 5
0 -5 5
0 -5 5
# ave_measured_val[0][1] = 663
0 5 -5
0 5 -5
0 5 -5
0 5 -5
0 5 -5
0 5 -5
0 5 -5
0 5 -5
0 5 -5
0 5 -5
# ave_measured_val[1][0] = 636
0 5 5
0 5 5
0 5 5
0 5 5
0 5 5
0 5 5
0 5 5
0 5 5
0 5 5
0 5 5
# ave_measured_val[1][1] = 615
# hoge
# min_loss : 121  estimate[0] = 0
1 -5 -5
1 -5 -5
1 -5 -5
1 -5 -5
1 -5 -5
1 -5 -5
1 -5 -5
1 -5 -5
1 -5 -5
1 -5 -5
# ave_measured_val[0][0] = 636
1 -5 5
1 -5 5
1 -5 5
1 -5 5
1 -5 5
1 -5 5
1 -5 5
1 -5 5
1 -5 5
1 -5 5
# ave_measured_val[0][1] = 504
1 5 -5
1 5 -5
1 5 -5
1 5 -5
1 5 -5
1 5 -5
1 5 -5
1 5 -5
1 5 -5
1 5 -5
# ave_measured_val[1][0] = 788
1 5 5
1 5 5
1 5 5
1 5 5
1 5 5
1 5 5
1 5 5
1 5 5
1 5 5
1 5 5
# ave_measured_val[1][1] = 641
# hoge
# min_loss : 339  estimate[1] = 0
# min_loss : 319  estimate[1] = 27
# min_loss : 279  estimate[1] = 32
# min_loss : 239  estimate[1] = 35
# min_loss : 199  estimate[1] = 39
# min_loss : 189  estimate[1] = 44
# min_loss : 161  estimate[1] = 45
# min_loss : 149  estimate[1] = 48
# min_loss : 127  estimate[1] = 49
# min_loss : 107  estimate[1] = 50
2 -5 -5
2 -5 -5
2 -5 -5
2 -5 -5
2 -5 -5
2 -5 -5
2 -5 -5
2 -5 -5
2 -5 -5
2 -5 -5
# ave_measured_val[0][0] = 601
2 -5 5
2 -5 5
2 -5 5
2 -5 5
2 -5 5
2 -5 5
2 -5 5
2 -5 5
2 -5 5
2 -5 5
# ave_measured_val[0][1] = 617
2 5 -5
2 5 -5
2 5 -5
2 5 -5
2 5 -5
2 5 -5
2 5 -5
2 5 -5
2 5 -5
2 5 -5
# ave_measured_val[1][0] = 525
2 5 5
2 5 5
2 5 5
2 5 5
2 5 5
2 5 5
2 5 5
2 5 5
2 5 5
2 5 5
# ave_measured_val[1][1] = 677
# hoge
# min_loss : 154  estimate[2] = 0
# min_loss : 142  estimate[2] = 3
# min_loss : 136  estimate[2] = 14
3 -5 -5
3 -5 -5
3 -5 -5
3 -5 -5
3 -5 -5
3 -5 -5
3 -5 -5
3 -5 -5
3 -5 -5
3 -5 -5
# ave_measured_val[0][0] = 682
3 -5 5
3 -5 5
3 -5 5
3 -5 5
3 -5 5
3 -5 5
3 -5 5
3 -5 5
3 -5 5
3 -5 5
# ave_measured_val[0][1] = 791
3 5 -5
3 5 -5
3 5 -5
3 5 -5
3 5 -5
3 5 -5
3 5 -5
3 5 -5
3 5 -5
3 5 -5
# ave_measured_val[1][0] = 661
3 5 5
3 5 5
3 5 5
3 5 5
3 5 5
3 5 5
3 5 5
3 5 5
3 5 5
3 5 5
# ave_measured_val[1][1] = 643
# hoge
# min_loss : 271  estimate[3] = 0
# min_loss : 237  estimate[3] = 1
# min_loss : 231  estimate[3] = 18
# min_loss : 217  estimate[3] = 25
# min_loss : 177  estimate[3] = 28
4 -5 -5
4 -5 -5
4 -5 -5
4 -5 -5
4 -5 -5
4 -5 -5
4 -5 -5
4 -5 -5
4 -5 -5
4 -5 -5
# ave_measured_val[0][0] = 635
4 -5 5
4 -5 5
4 -5 5
4 -5 5
4 -5 5
4 -5 5
4 -5 5
4 -5 5
4 -5 5
4 -5 5
# ave_measured_val[0][1] = 700
4 5 -5
4 5 -5
4 5 -5
4 5 -5
4 5 -5
4 5 -5
4 5 -5
4 5 -5
4 5 -5
4 5 -5
# ave_measured_val[1][0] = 713
4 5 5
4 5 5
4 5 5
4 5 5
4 5 5
4 5 5
4 5 5
4 5 5
4 5 5
4 5 5
# ave_measured_val[1][1] = 660
# hoge
# min_loss : 168  estimate[4] = 0
# min_loss : 148  estimate[4] = 18
# min_loss : 128  estimate[4] = 36
# min_loss : 118  estimate[4] = 37
5 -5 -5
5 -5 -5
5 -5 -5
5 -5 -5
5 -5 -5
5 -5 -5
5 -5 -5
5 -5 -5
5 -5 -5
5 -5 -5
# ave_measured_val[0][0] = 685
5 -5 5
5 -5 5
5 -5 5
5 -5 5
5 -5 5
5 -5 5
5 -5 5
5 -5 5
5 -5 5
5 -5 5
# ave_measured_val[0][1] = 738
5 5 -5
5 5 -5
5 5 -5
5 5 -5
5 5 -5
5 5 -5
5 5 -5
5 5 -5
5 5 -5
5 5 -5
# ave_measured_val[1][0] = 529
5 5 5
5 5 5
5 5 5
5 5 5
5 5 5
5 5 5
5 5 5
5 5 5
5 5 5
5 5 5
# ave_measured_val[1][1] = 648
# hoge
# min_loss : 286  estimate[5] = 0
# min_loss : 162  estimate[5] = 1
# min_loss : 142  estimate[5] = 5
# min_loss : 122  estimate[5] = 8
# min_loss : 102  estimate[5] = 9
6 -5 -5
6 -5 -5
6 -5 -5
6 -5 -5
6 -5 -5
6 -5 -5
6 -5 -5
6 -5 -5
6 -5 -5
6 -5 -5
# ave_measured_val[0][0] = 639
6 -5 5
6 -5 5
6 -5 5
6 -5 5
6 -5 5
6 -5 5
6 -5 5
6 -5 5
6 -5 5
6 -5 5
# ave_measured_val[0][1] = 603
6 5 -5
6 5 -5
6 5 -5
6 5 -5
6 5 -5
6 5 -5
6 5 -5
6 5 -5
6 5 -5
6 5 -5
# ave_measured_val[1][0] = 435
6 5 5
6 5 5
6 5 5
6 5 5
6 5 5
6 5 5
6 5 5
6 5 5
6 5 5
6 5 5
# ave_measured_val[1][1] = 743
# hoge
# min_loss : 344  estimate[6] = 0
7 -5 -5
7 -5 -5
7 -5 -5
7 -5 -5
7 -5 -5
7 -5 -5
7 -5 -5
7 -5 -5
7 -5 -5
7 -5 -5
# ave_measured_val[0][0] = 614
7 -5 5
7 -5 5
7 -5 5
7 -5 5
7 -5 5
7 -5 5
7 -5 5
7 -5 5
7 -5 5
7 -5 5
# ave_measured_val[0][1] = 604
7 5 -5
7 5 -5
7 5 -5
7 5 -5
7 5 -5
7 5 -5
7 5 -5
7 5 -5
7 5 -5
7 5 -5
# ave_measured_val[1][0] = 597
7 5 5
7 5 5
7 5 5
7 5 5
7 5 5
7 5 5
7 5 5
7 5 5
7 5 5
7 5 5
# ave_measured_val[1][1] = 533
# hoge
# min_loss : 200  estimate[7] = 0
# min_loss : 166  estimate[7] = 2
# min_loss : 160  estimate[7] = 60
# min_loss : 158  estimate[7] = 63
# min_loss : 140  estimate[7] = 64
# min_loss : 132  estimate[7] = 70
8 -5 -5
8 -5 -5
8 -5 -5
8 -5 -5
8 -5 -5
8 -5 -5
8 -5 -5
8 -5 -5
8 -5 -5
8 -5 -5
# ave_measured_val[0][0] = 629
8 -5 5
8 -5 5
8 -5 5
8 -5 5
8 -5 5
8 -5 5
8 -5 5
8 -5 5
8 -5 5
8 -5 5
# ave_measured_val[0][1] = 573
8 5 -5
8 5 -5
8 5 -5
8 5 -5
8 5 -5
8 5 -5
8 5 -5
8 5 -5
8 5 -5
8 5 -5
# ave_measured_val[1][0] = 781
8 5 5
8 5 5
8 5 5
8 5 5
8 5 5
8 5 5
8 5 5
8 5 5
8 5 5
8 5 5
# ave_measured_val[1][1] = 694
# hoge
# min_loss : 271  estimate[8] = 0
# min_loss : 251  estimate[8] = 22
# min_loss : 223  estimate[8] = 23
# min_loss : 211  estimate[8] = 27
# min_loss : 131  estimate[8] = 35
# min_loss : 113  estimate[8] = 46
# min_loss : 99  estimate[8] = 49
9 -5 -5
9 -5 -5
9 -5 -5
9 -5 -5
9 -5 -5
9 -5 -5
9 -5 -5
9 -5 -5
9 -5 -5
9 -5 -5
# ave_measured_val[0][0] = 692
9 -5 5
9 -5 5
9 -5 5
9 -5 5
9 -5 5
9 -5 5
9 -5 5
9 -5 5
9 -5 5
9 -5 5
# ave_measured_val[0][1] = 672
9 5 -5
9 5 -5
9 5 -5
9 5 -5
9 5 -5
9 5 -5
9 5 -5
9 5 -5
9 5 -5
9 5 -5
# ave_measured_val[1][0] = 503
9 5 5
9 5 5
9 5 5
9 5 5
9 5 5
9 5 5
9 5 5
9 5 5
9 5 5
9 5 5
# ave_measured_val[1][1] = 497
# hoge
# min_loss : 404  estimate[9] = 0
# min_loss : 240  estimate[9] = 1
# min_loss : 220  estimate[9] = 5
# min_loss : 200  estimate[9] = 30
10 -5 -5
10 -5 -5
10 -5 -5
10 -5 -5
10 -5 -5
10 -5 -5
10 -5 -5
10 -5 -5
10 -5 -5
10 -5 -5
# ave_measured_val[0][0] = 515
10 -5 5
10 -5 5
10 -5 5
10 -5 5
10 -5 5
10 -5 5
10 -5 5
10 -5 5
10 -5 5
10 -5 5
# ave_measured_val[0][1] = 674
10 5 -5
10 5 -5
10 5 -5
10 5 -5
10 5 -5
10 5 -5
10 5 -5
10 5 -5
10 5 -5
10 5 -5
# ave_measured_val[1][0] = 545
10 5 5
10 5 5
10 5 5
10 5 5
10 5 5
10 5 5
10 5 5
10 5 5
10 5 5
10 5 5
# ave_measured_val[1][1] = 569
# hoge
# min_loss : 305  estimate[10] = 0
# min_loss : 237  estimate[10] = 1
# min_loss : 205  estimate[10] = 2
# min_loss : 197  estimate[10] = 5
# min_loss : 177  estimate[10] = 15
11 -5 -5
11 -5 -5
11 -5 -5
11 -5 -5
11 -5 -5
11 -5 -5
11 -5 -5
11 -5 -5
11 -5 -5
11 -5 -5
# ave_measured_val[0][0] = 558
11 -5 5
11 -5 5
11 -5 5
11 -5 5
11 -5 5
11 -5 5
11 -5 5
11 -5 5
11 -5 5
11 -5 5
# ave_measured_val[0][1] = 525
11 5 -5
11 5 -5
11 5 -5
11 5 -5
11 5 -5
11 5 -5
11 5 -5
11 5 -5
11 5 -5
11 5 -5
# ave_measured_val[1][0] = 794
11 5 5
11 5 5
11 5 5
11 5 5
11 5 5
11 5 5
11 5 5
11 5 5
11 5 5
11 5 5
# ave_measured_val[1][1] = 653
# hoge
# min_loss : 338  estimate[11] = 0
# min_loss : 314  estimate[11] = 6
# min_loss : 278  estimate[11] = 27
# min_loss : 258  estimate[11] = 35
# min_loss : 224  estimate[11] = 39
# min_loss : 218  estimate[11] = 46
# min_loss : 178  estimate[11] = 49
# min_loss : 164  estimate[11] = 50
# min_loss : 144  estimate[11] = 66
12 -5 -5
12 -5 -5
12 -5 -5
12 -5 -5
12 -5 -5
12 -5 -5
12 -5 -5
12 -5 -5
12 -5 -5
12 -5 -5
# ave_measured_val[0][0] = 802
12 -5 5
12 -5 5
12 -5 5
12 -5 5
12 -5 5
12 -5 5
12 -5 5
12 -5 5
12 -5 5
12 -5 5
# ave_measured_val[0][1] = 717
12 5 -5
12 5 -5
12 5 -5
12 5 -5
12 5 -5
12 5 -5
12 5 -5
12 5 -5
12 5 -5
12 5 -5
# ave_measured_val[1][0] = 677
12 5 5
12 5 5
12 5 5
12 5 5
12 5 5
12 5 5
12 5 5
12 5 5
12 5 5
12 5 5
# ave_measured_val[1][1] = 533
# hoge
# min_loss : 443  estimate[12] = 0
# min_loss : 343  estimate[12] = 1
# min_loss : 323  estimate[12] = 25
# min_loss : 303  estimate[12] = 28
# min_loss : 283  estimate[12] = 29
# min_loss : 243  estimate[12] = 42
# min_loss : 223  estimate[12] = 43
# min_loss : 183  estimate[12] = 59
13 -5 -5
13 -5 -5
13 -5 -5
13 -5 -5
13 -5 -5
13 -5 -5
13 -5 -5
13 -5 -5
13 -5 -5
13 -5 -5
# ave_measured_val[0][0] = 650
13 -5 5
13 -5 5
13 -5 5
13 -5 5
13 -5 5
13 -5 5
13 -5 5
13 -5 5
13 -5 5
13 -5 5
# ave_measured_val[0][1] = 629
13 5 -5
13 5 -5
13 5 -5
13 5 -5
13 5 -5
13 5 -5
13 5 -5
13 5 -5
13 5 -5
13 5 -5
# ave_measured_val[1][0] = 646
13 5 5
13 5 5
13 5 5
13 5 5
13 5 5
13 5 5
13 5 5
13 5 5
13 5 5
13 5 5
# ave_measured_val[1][1] = 641
# hoge
# min_loss : 86  estimate[13] = 0
# min_loss : 52  estimate[13] = 32
14 -5 -5
14 -5 -5
14 -5 -5
14 -5 -5
14 -5 -5
14 -5 -5
14 -5 -5
14 -5 -5
14 -5 -5
14 -5 -5
# ave_measured_val[0][0] = 646
14 -5 5
14 -5 5
14 -5 5
14 -5 5
14 -5 5
14 -5 5
14 -5 5
14 -5 5
14 -5 5
14 -5 5
# ave_measured_val[0][1] = 512
14 5 -5
14 5 -5
14 5 -5
14 5 -5
14 5 -5
14 5 -5
14 5 -5
14 5 -5
14 5 -5
14 5 -5
# ave_measured_val[1][0] = 711
14 5 5
14 5 5
14 5 5
14 5 5
14 5 5
14 5 5
14 5 5
14 5 5
14 5 5
14 5 5
# ave_measured_val[1][1] = 568
# hoge
# min_loss : 337  estimate[14] = 0
# min_loss : 317  estimate[14] = 27
# min_loss : 277  estimate[14] = 32
# min_loss : 237  estimate[14] = 35
# min_loss : 197  estimate[14] = 39
# min_loss : 157  estimate[14] = 44
# min_loss : 117  estimate[14] = 48
# min_loss : 85  estimate[14] = 57
# min_loss : 77  estimate[14] = 58
15 -5 -5
15 -5 -5
15 -5 -5
15 -5 -5
15 -5 -5
15 -5 -5
15 -5 -5
15 -5 -5
15 -5 -5
15 -5 -5
# ave_measured_val[0][0] = 601
15 -5 5
15 -5 5
15 -5 5
15 -5 5
15 -5 5
15 -5 5
15 -5 5
15 -5 5
15 -5 5
15 -5 5
# ave_measured_val[0][1] = 651
15 5 -5
15 5 -5
15 5 -5
15 5 -5
15 5 -5
15 5 -5
15 5 -5
15 5 -5
15 5 -5
15 5 -5
# ave_measured_val[1][0] = 613
15 5 5
15 5 5
15 5 5
15 5 5
15 5 5
15 5 5
15 5 5
15 5 5
15 5 5
15 5 5
# ave_measured_val[1][1] = 527
# hoge
# min_loss : 170  estimate[15] = 0
# min_loss : 154  estimate[15] = 2
# min_loss : 150  estimate[15] = 26
# min_loss : 136  estimate[15] = 83
16 -5 -5
16 -5 -5
16 -5 -5
16 -5 -5
16 -5 -5
16 -5 -5
16 -5 -5
16 -5 -5
16 -5 -5
16 -5 -5
# ave_measured_val[0][0] = 596
16 -5 5
16 -5 5
16 -5 5
16 -5 5
16 -5 5
16 -5 5
16 -5 5
16 -5 5
16 -5 5
16 -5 5
# ave_measured_val[0][1] = 683
16 5 -5
16 5 -5
16 5 -5
16 5 -5
16 5 -5
16 5 -5
16 5 -5
16 5 -5
16 5 -5
16 5 -5
# ave_measured_val[1][0] = 600
16 5 5
16 5 5
16 5 5
16 5 5
16 5 5
16 5 5
16 5 5
16 5 5
16 5 5
16 5 5
# ave_measured_val[1][1] = 685
# hoge
# min_loss : 112  estimate[16] = 0
# min_loss : 84  estimate[16] = 3
# min_loss : 74  estimate[16] = 10
# min_loss : 54  estimate[16] = 16
17 -5 -5
17 -5 -5
17 -5 -5
17 -5 -5
17 -5 -5
17 -5 -5
17 -5 -5
17 -5 -5
17 -5 -5
17 -5 -5
# ave_measured_val[0][0] = 621
17 -5 5
17 -5 5
17 -5 5
17 -5 5
17 -5 5
17 -5 5
17 -5 5
17 -5 5
17 -5 5
17 -5 5
# ave_measured_val[0][1] = 674
17 5 -5
17 5 -5
17 5 -5
17 5 -5
17 5 -5
17 5 -5
17 5 -5
17 5 -5
17 5 -5
17 5 -5
# ave_measured_val[1][0] = 517
17 5 5
17 5 5
17 5 5
17 5 5
17 5 5
17 5 5
17 5 5
17 5 5
17 5 5
17 5 5
# ave_measured_val[1][1] = 767
# hoge
# min_loss : 265  estimate[17] = 0
# min_loss : 243  estimate[17] = 2
# min_loss : 235  estimate[17] = 4
# min_loss : 225  estimate[17] = 10
# min_loss : 197  estimate[17] = 11
18 -5 -5
18 -5 -5
18 -5 -5
18 -5 -5
18 -5 -5
18 -5 -5
18 -5 -5
18 -5 -5
18 -5 -5
18 -5 -5
# ave_measured_val[0][0] = 516
18 -5 5
18 -5 5
18 -5 5
18 -5 5
18 -5 5
18 -5 5
18 -5 5
18 -5 5
18 -5 5
18 -5 5
# ave_measured_val[0][1] = 532
18 5 -5
18 5 -5
18 5 -5
18 5 -5
18 5 -5
18 5 -5
18 5 -5
18 5 -5
18 5 -5
18 5 -5
# ave_measured_val[1][0] = 715
18 5 5
18 5 5
18 5 5
18 5 5
18 5 5
18 5 5
18 5 5
18 5 5
18 5 5
18 5 5
# ave_measured_val[1][1] = 551
# hoge
# min_loss : 396  estimate[18] = 0
# min_loss : 316  estimate[18] = 6
# min_loss : 276  estimate[18] = 39
# min_loss : 256  estimate[18] = 45
# min_loss : 236  estimate[18] = 48
# min_loss : 216  estimate[18] = 57
# min_loss : 196  estimate[18] = 58
# min_loss : 180  estimate[18] = 66
19 -5 -5
19 -5 -5
19 -5 -5
19 -5 -5
19 -5 -5
19 -5 -5
19 -5 -5
19 -5 -5
19 -5 -5
19 -5 -5
# ave_measured_val[0][0] = 604
19 -5 5
19 -5 5
19 -5 5
19 -5 5
19 -5 5
19 -5 5
19 -5 5
19 -5 5
19 -5 5
19 -5 5
# ave_measured_val[0][1] = 515
19 5 -5
19 5 -5
19 5 -5
19 5 -5
19 5 -5
19 5 -5
19 5 -5
19 5 -5
19 5 -5
19 5 -5
# ave_measured_val[1][0] = 601
19 5 5
19 5 5
19 5 5
19 5 5
19 5 5
19 5 5
19 5 5
19 5 5
19 5 5
19 5 5
# ave_measured_val[1][1] = 597
# hoge
# min_loss : 223  estimate[19] = 0
# min_loss : 205  estimate[19] = 2
# min_loss : 183  estimate[19] = 57
# min_loss : 163  estimate[19] = 65
20 -5 -5
20 -5 -5
20 -5 -5
20 -5 -5
20 -5 -5
20 -5 -5
20 -5 -5
20 -5 -5
20 -5 -5
20 -5 -5
# ave_measured_val[0][0] = 745
20 -5 5
20 -5 5
20 -5 5
20 -5 5
20 -5 5
20 -5 5
20 -5 5
20 -5 5
20 -5 5
20 -5 5
# ave_measured_val[0][1] = 769
20 5 -5
20 5 -5
20 5 -5
20 5 -5
20 5 -5
20 5 -5
20 5 -5
20 5 -5
20 5 -5
20 5 -5
# ave_measured_val[1][0] = 645
20 5 5
20 5 5
20 5 5
20 5 5
20 5 5
20 5 5
20 5 5
20 5 5
20 5 5
20 5 5
# ave_measured_val[1][1] = 618
# hoge
# min_loss : 321  estimate[20] = 0
# min_loss : 237  estimate[20] = 1
# min_loss : 217  estimate[20] = 25
# min_loss : 181  estimate[20] = 28
# min_loss : 177  estimate[20] = 29
21 -5 -5
21 -5 -5
21 -5 -5
21 -5 -5
21 -5 -5
21 -5 -5
21 -5 -5
21 -5 -5
21 -5 -5
21 -5 -5
# ave_measured_val[0][0] = 589
21 -5 5
21 -5 5
21 -5 5
21 -5 5
21 -5 5
21 -5 5
21 -5 5
21 -5 5
21 -5 5
21 -5 5
# ave_measured_val[0][1] = 497
21 5 -5
21 5 -5
21 5 -5
21 5 -5
21 5 -5
21 5 -5
21 5 -5
21 5 -5
21 5 -5
21 5 -5
# ave_measured_val[1][0] = 543
21 5 5
21 5 5
21 5 5
21 5 5
21 5 5
21 5 5
21 5 5
21 5 5
21 5 5
21 5 5
# ave_measured_val[1][1] = 663
# hoge
# min_loss : 254  estimate[21] = 0
# min_loss : 248  estimate[21] = 3
# min_loss : 212  estimate[21] = 15
22 -5 -5
22 -5 -5
22 -5 -5
22 -5 -5
22 -5 -5
22 -5 -5
22 -5 -5
22 -5 -5
22 -5 -5
22 -5 -5
# ave_measured_val[0][0] = 555
22 -5 5
22 -5 5
22 -5 5
22 -5 5
22 -5 5
22 -5 5
22 -5 5
22 -5 5
22 -5 5
22 -5 5
# ave_measured_val[0][1] = 585
22 5 -5
22 5 -5
22 5 -5
22 5 -5
22 5 -5
22 5 -5
22 5 -5
22 5 -5
22 5 -5
22 5 -5
# ave_measured_val[1][0] = 555
22 5 5
22 5 5
22 5 5
22 5 5
22 5 5
22 5 5
22 5 5
22 5 5
22 5 5
22 5 5
# ave_measured_val[1][1] = 815
# hoge
# min_loss : 340  estimate[22] = 0
# min_loss : 300  estimate[22] = 3
# min_loss : 230  estimate[22] = 6
23 -5 -5
23 -5 -5
23 -5 -5
23 -5 -5
23 -5 -5
23 -5 -5
23 -5 -5
23 -5 -5
23 -5 -5
23 -5 -5
# ave_measured_val[0][0] = 700
23 -5 5
23 -5 5
23 -5 5
23 -5 5
23 -5 5
23 -5 5
23 -5 5
23 -5 5
23 -5 5
23 -5 5
# ave_measured_val[0][1] = 664
23 5 -5
23 5 -5
23 5 -5
23 5 -5
23 5 -5
23 5 -5
23 5 -5
23 5 -5
23 5 -5
23 5 -5
# ave_measured_val[1][0] = 537
23 5 5
23 5 5
23 5 5
23 5 5
23 5 5
23 5 5
23 5 5
23 5 5
23 5 5
23 5 5
# ave_measured_val[1][1] = 506
# hoge
# min_loss : 361  estimate[23] = 0
# min_loss : 213  estimate[23] = 1
# min_loss : 193  estimate[23] = 5
# min_loss : 173  estimate[23] = 30
# min_loss : 161  estimate[23] = 63
24 -5 -5
24 -5 -5
24 -5 -5
24 -5 -5
24 -5 -5
24 -5 -5
24 -5 -5
24 -5 -5
24 -5 -5
24 -5 -5
# ave_measured_val[0][0] = 674
24 -5 5
24 -5 5
24 -5 5
24 -5 5
24 -5 5
24 -5 5
24 -5 5
24 -5 5
24 -5 5
24 -5 5
# ave_measured_val[0][1] = 573
24 5 -5
24 5 -5
24 5 -5
24 5 -5
24 5 -5
24 5 -5
24 5 -5
24 5 -5
24 5 -5
24 5 -5
# ave_measured_val[1][0] = 646
24 5 5
24 5 5
24 5 5
24 5 5
24 5 5
24 5 5
24 5 5
24 5 5
24 5 5
24 5 5
# ave_measured_val[1][1] = 848
# hoge
# min_loss : 335  estimate[24] = 0
# min_loss : 315  estimate[24] = 6
# min_loss : 303  estimate[24] = 7
25 -5 -5
25 -5 -5
25 -5 -5
25 -5 -5
25 -5 -5
25 -5 -5
25 -5 -5
25 -5 -5
25 -5 -5
25 -5 -5
# ave_measured_val[0][0] = 569
25 -5 5
25 -5 5
25 -5 5
25 -5 5
25 -5 5
25 -5 5
25 -5 5
25 -5 5
25 -5 5
25 -5 5
# ave_measured_val[0][1] = 668
25 5 -5
25 5 -5
25 5 -5
25 5 -5
25 5 -5
25 5 -5
25 5 -5
25 5 -5
25 5 -5
25 5 -5
# ave_measured_val[1][0] = 710
25 5 5
25 5 5
25 5 5
25 5 5
25 5 5
25 5 5
25 5 5
25 5 5
25 5 5
25 5 5
# ave_measured_val[1][1] = 666
# hoge
# min_loss : 155  estimate[25] = 0
# min_loss : 143  estimate[25] = 3
26 -5 -5
26 -5 -5
26 -5 -5
26 -5 -5
26 -5 -5
26 -5 -5
26 -5 -5
26 -5 -5
26 -5 -5
26 -5 -5
# ave_measured_val[0][0] = 587
26 -5 5
26 -5 5
26 -5 5
26 -5 5
26 -5 5
26 -5 5
26 -5 5
26 -5 5
26 -5 5
26 -5 5
# ave_measured_val[0][1] = 517
26 5 -5
26 5 -5
26 5 -5
26 5 -5
26 5 -5
26 5 -5
26 5 -5
26 5 -5
26 5 -5
26 5 -5
# ave_measured_val[1][0] = 681
26 5 5
26 5 5
26 5 5
26 5 5
26 5 5
26 5 5
26 5 5
26 5 5
26 5 5
26 5 5
# ave_measured_val[1][1] = 599
# hoge
# min_loss : 258  estimate[26] = 0
# min_loss : 238  estimate[26] = 22
# min_loss : 198  estimate[26] = 27
# min_loss : 156  estimate[26] = 39
# min_loss : 116  estimate[26] = 57
# min_loss : 96  estimate[26] = 65
27 -5 -5
27 -5 -5
27 -5 -5
27 -5 -5
27 -5 -5
27 -5 -5
27 -5 -5
27 -5 -5
27 -5 -5
27 -5 -5
# ave_measured_val[0][0] = 646
27 -5 5
27 -5 5
27 -5 5
27 -5 5
27 -5 5
27 -5 5
27 -5 5
27 -5 5
27 -5 5
27 -5 5
# ave_measured_val[0][1] = 674
27 5 -5
27 5 -5
27 5 -5
27 5 -5
27 5 -5
27 5 -5
27 5 -5
27 5 -5
27 5 -5
27 5 -5
# ave_measured_val[1][0] = 629
27 5 5
27 5 5
27 5 5
27 5 5
27 5 5
27 5 5
27 5 5
27 5 5
27 5 5
27 5 5
# ave_measured_val[1][1] = 628
# hoge
# min_loss : 103  estimate[27] = 0
# min_loss : 97  estimate[27] = 1
# min_loss : 73  estimate[27] = 4
# min_loss : 45  estimate[27] = 31
28 -5 -5
28 -5 -5
28 -5 -5
28 -5 -5
28 -5 -5
28 -5 -5
28 -5 -5
28 -5 -5
28 -5 -5
28 -5 -5
# ave_measured_val[0][0] = 564
28 -5 5
28 -5 5
28 -5 5
28 -5 5
28 -5 5
28 -5 5
28 -5 5
28 -5 5
28 -5 5
28 -5 5
# ave_measured_val[0][1] = 633
28 5 -5
28 5 -5
28 5 -5
28 5 -5
28 5 -5
28 5 -5
28 5 -5
28 5 -5
28 5 -5
28 5 -5
# ave_measured_val[1][0] = 693
28 5 5
28 5 5
28 5 5
28 5 5
28 5 5
28 5 5
28 5 5
28 5 5
28 5 5
28 5 5
# ave_measured_val[1][1] = 698
# hoge
# min_loss : 154  estimate[28] = 0
# min_loss : 114  estimate[28] = 3
# min_loss : 92  estimate[28] = 7
# min_loss : 78  estimate[28] = 23
29 -5 -5
29 -5 -5
29 -5 -5
29 -5 -5
29 -5 -5
29 -5 -5
29 -5 -5
29 -5 -5
29 -5 -5
29 -5 -5
# ave_measured_val[0][0] = 693
29 -5 5
29 -5 5
29 -5 5
29 -5 5
29 -5 5
29 -5 5
29 -5 5
29 -5 5
29 -5 5
29 -5 5
# ave_measured_val[0][1] = 686
29 5 -5
29 5 -5
29 5 -5
29 5 -5
29 5 -5
29 5 -5
29 5 -5
29 5 -5
29 5 -5
29 5 -5
# ave_measured_val[1][0] = 556
29 5 5
29 5 5
29 5 5
29 5 5
29 5 5
29 5 5
29 5 5
29 5 5
29 5 5
29 5 5
# ave_measured_val[1][1] = 504
# hoge
# min_loss : 359  estimate[29] = 0
# min_loss : 167  estimate[29] = 1
# min_loss : 159  estimate[29] = 5
# min_loss : 127  estimate[29] = 30
30 -5 -5
30 -5 -5
30 -5 -5
30 -5 -5
30 -5 -5
30 -5 -5
30 -5 -5
30 -5 -5
30 -5 -5
30 -5 -5
# ave_measured_val[0][0] = 695
30 -5 5
30 -5 5
30 -5 5
30 -5 5
30 -5 5
30 -5 5
30 -5 5
30 -5 5
30 -5 5
30 -5 5
# ave_measured_val[0][1] = 624
30 5 -5
30 5 -5
30 5 -5
30 5 -5
30 5 -5
30 5 -5
30 5 -5
30 5 -5
30 5 -5
30 5 -5
# ave_measured_val[1][0] = 616
30 5 5
30 5 5
30 5 5
30 5 5
30 5 5
30 5 5
30 5 5
30 5 5
30 5 5
30 5 5
# ave_measured_val[1][1] = 638
# hoge
# min_loss : 137  estimate[30] = 0
# min_loss : 125  estimate[30] = 28
# min_loss : 105  estimate[30] = 34
# min_loss : 93  estimate[30] = 38
31 -5 -5
31 -5 -5
31 -5 -5
31 -5 -5
31 -5 -5
31 -5 -5
31 -5 -5
31 -5 -5
31 -5 -5
31 -5 -5
# ave_measured_val[0][0] = 688
31 -5 5
31 -5 5
31 -5 5
31 -5 5
31 -5 5
31 -5 5
31 -5 5
31 -5 5
31 -5 5
31 -5 5
# ave_measured_val[0][1] = 698
31 5 -5
31 5 -5
31 5 -5
31 5 -5
31 5 -5
31 5 -5
31 5 -5
31 5 -5
31 5 -5
31 5 -5
# ave_measured_val[1][0] = 595
31 5 5
31 5 5
31 5 5
31 5 5
31 5 5
31 5 5
31 5 5
31 5 5
31 5 5
31 5 5
# ave_measured_val[1][1] = 658
# hoge
# min_loss : 173  estimate[31] = 0
# min_loss : 99  estimate[31] = 1
# min_loss : 87  estimate[31] = 18
# min_loss : 53  estimate[31] = 28
32 -5 -5
32 -5 -5
32 -5 -5
32 -5 -5
32 -5 -5
32 -5 -5
32 -5 -5
32 -5 -5
32 -5 -5
32 -5 -5
# ave_measured_val[0][0] = 546
32 -5 5
32 -5 5
32 -5 5
32 -5 5
32 -5 5
32 -5 5
32 -5 5
32 -5 5
32 -5 5
32 -5 5
# ave_measured_val[0][1] = 596
32 5 -5
32 5 -5
32 5 -5
32 5 -5
32 5 -5
32 5 -5
32 5 -5
32 5 -5
32 5 -5
32 5 -5
# ave_measured_val[1][0] = 631
32 5 5
32 5 5
32 5 5
32 5 5
32 5 5
32 5 5
32 5 5
32 5 5
32 5 5
32 5 5
# ave_measured_val[1][1] = 664
# hoge
# min_loss : 113  estimate[32] = 0
# min_loss : 105  estimate[32] = 3
# min_loss : 75  estimate[32] = 6
# min_loss : 71  estimate[32] = 84
33 -5 -5
33 -5 -5
33 -5 -5
33 -5 -5
33 -5 -5
33 -5 -5
33 -5 -5
33 -5 -5
33 -5 -5
33 -5 -5
# ave_measured_val[0][0] = 588
33 -5 5
33 -5 5
33 -5 5
33 -5 5
33 -5 5
33 -5 5
33 -5 5
33 -5 5
33 -5 5
33 -5 5
# ave_measured_val[0][1] = 680
33 5 -5
33 5 -5
33 5 -5
33 5 -5
33 5 -5
33 5 -5
33 5 -5
33 5 -5
33 5 -5
33 5 -5
# ave_measured_val[1][0] = 621
33 5 5
33 5 5
33 5 5
33 5 5
33 5 5
33 5 5
33 5 5
33 5 5
33 5 5
33 5 5
# ave_measured_val[1][1] = 659
# hoge
# min_loss : 72  estimate[33] = 0
# min_loss : 54  estimate[33] = 26
34 -5 -5
34 -5 -5
34 -5 -5
34 -5 -5
34 -5 -5
34 -5 -5
34 -5 -5
34 -5 -5
34 -5 -5
34 -5 -5
# ave_measured_val[0][0] = 611
34 -5 5
34 -5 5
34 -5 5
34 -5 5
34 -5 5
34 -5 5
34 -5 5
34 -5 5
34 -5 5
34 -5 5
# ave_measured_val[0][1] = 595
34 5 -5
34 5 -5
34 5 -5
34 5 -5
34 5 -5
34 5 -5
34 5 -5
34 5 -5
34 5 -5
34 5 -5
# ave_measured_val[1][0] = 520
34 5 5
34 5 5
34 5 5
34 5 5
34 5 5
34 5 5
34 5 5
34 5 5
34 5 5
34 5 5
# ave_measured_val[1][1] = 600
# hoge
# min_loss : 216  estimate[34] = 0
# min_loss : 214  estimate[34] = 1
# min_loss : 154  estimate[34] = 2
35 -5 -5
35 -5 -5
35 -5 -5
35 -5 -5
35 -5 -5
35 -5 -5
35 -5 -5
35 -5 -5
35 -5 -5
35 -5 -5
# ave_measured_val[0][0] = 512
35 -5 5
35 -5 5
35 -5 5
35 -5 5
35 -5 5
35 -5 5
35 -5 5
35 -5 5
35 -5 5
35 -5 5
# ave_measured_val[0][1] = 497
35 5 -5
35 5 -5
35 5 -5
35 5 -5
35 5 -5
35 5 -5
35 5 -5
35 5 -5
35 5 -5
35 5 -5
# ave_measured_val[1][0] = 595
35 5 5
35 5 5
35 5 5
35 5 5
35 5 5
35 5 5
35 5 5
35 5 5
35 5 5
35 5 5
# ave_measured_val[1][1] = 723
# hoge
# min_loss : 339  estimate[35] = 0
# min_loss : 299  estimate[35] = 3
# min_loss : 179  estimate[35] = 6
# min_loss : 159  estimate[35] = 13
36 -5 -5
36 -5 -5
36 -5 -5
36 -5 -5
36 -5 -5
36 -5 -5
36 -5 -5
36 -5 -5
36 -5 -5
36 -5 -5
# ave_measured_val[0][0] = 602
36 -5 5
36 -5 5
36 -5 5
36 -5 5
36 -5 5
36 -5 5
36 -5 5
36 -5 5
36 -5 5
36 -5 5
# ave_measured_val[0][1] = 704
36 5 -5
36 5 -5
36 5 -5
36 5 -5
36 5 -5
36 5 -5
36 5 -5
36 5 -5
36 5 -5
36 5 -5
# ave_measured_val[1][0] = 529
36 5 5
36 5 5
36 5 5
36 5 5
36 5 5
36 5 5
36 5 5
36 5 5
36 5 5
36 5 5
# ave_measured_val[1][1] = 806
# hoge
# min_loss : 319  estimate[36] = 0
# min_loss : 303  estimate[36] = 3
# min_loss : 279  estimate[36] = 4
# min_loss : 251  estimate[36] = 8
# min_loss : 211  estimate[36] = 11
# min_loss : 175  estimate[36] = 14
37 -5 -5
37 -5 -5
37 -5 -5
37 -5 -5
37 -5 -5
37 -5 -5
37 -5 -5
37 -5 -5
37 -5 -5
37 -5 -5
# ave_measured_val[0][0] = 615
37 -5 5
37 -5 5
37 -5 5
37 -5 5
37 -5 5
37 -5 5
37 -5 5
37 -5 5
37 -5 5
37 -5 5
# ave_measured_val[0][1] = 668
37 5 -5
37 5 -5
37 5 -5
37 5 -5
37 5 -5
37 5 -5
37 5 -5
37 5 -5
37 5 -5
37 5 -5
# ave_measured_val[1][0] = 656
37 5 5
37 5 5
37 5 5
37 5 5
37 5 5
37 5 5
37 5 5
37 5 5
37 5 5
37 5 5
# ave_measured_val[1][1] = 571
# hoge
# min_loss : 148  estimate[37] = 0
# min_loss : 138  estimate[37] = 2
38 -5 -5
38 -5 -5
38 -5 -5
38 -5 -5
38 -5 -5
38 -5 -5
38 -5 -5
38 -5 -5
38 -5 -5
38 -5 -5
# ave_measured_val[0][0] = 544
38 -5 5
38 -5 5
38 -5 5
38 -5 5
38 -5 5
38 -5 5
38 -5 5
38 -5 5
38 -5 5
38 -5 5
# ave_measured_val[0][1] = 600
38 5 -5
38 5 -5
38 5 -5
38 5 -5
38 5 -5
38 5 -5
38 5 -5
38 5 -5
38 5 -5
38 5 -5
# ave_measured_val[1][0] = 642
38 5 5
38 5 5
38 5 5
38 5 5
38 5 5
38 5 5
38 5 5
38 5 5
38 5 5
38 5 5
# ave_measured_val[1][1] = 582
# hoge
# min_loss : 196  estimate[38] = 0
# min_loss : 144  estimate[38] = 6
# min_loss : 140  estimate[38] = 71
# min_loss : 136  estimate[38] = 72
# min_loss : 116  estimate[38] = 84
39 -5 -5
39 -5 -5
39 -5 -5
39 -5 -5
39 -5 -5
39 -5 -5
39 -5 -5
39 -5 -5
39 -5 -5
39 -5 -5
# ave_measured_val[0][0] = 454
39 -5 5
39 -5 5
39 -5 5
39 -5 5
39 -5 5
39 -5 5
39 -5 5
39 -5 5
39 -5 5
39 -5 5
# ave_measured_val[0][1] = 603
39 5 -5
39 5 -5
39 5 -5
39 5 -5
39 5 -5
39 5 -5
39 5 -5
39 5 -5
39 5 -5
39 5 -5
# ave_measured_val[1][0] = 705
39 5 5
39 5 5
39 5 5
39 5 5
39 5 5
39 5 5
39 5 5
39 5 5
39 5 5
39 5 5
# ave_measured_val[1][1] = 704
# hoge
# min_loss : 312  estimate[39] = 0
# min_loss : 272  estimate[39] = 3
# min_loss : 150  estimate[39] = 6
40 -5 -5
40 -5 -5
40 -5 -5
40 -5 -5
40 -5 -5
40 -5 -5
40 -5 -5
40 -5 -5
40 -5 -5
40 -5 -5
# ave_measured_val[0][0] = 658
40 -5 5
40 -5 5
40 -5 5
40 -5 5
40 -5 5
40 -5 5
40 -5 5
40 -5 5
40 -5 5
40 -5 5
# ave_measured_val[0][1] = 733
40 5 -5
40 5 -5
40 5 -5
40 5 -5
40 5 -5
40 5 -5
40 5 -5
40 5 -5
40 5 -5
40 5 -5
# ave_measured_val[1][0] = 497
40 5 5
40 5 5
40 5 5
40 5 5
40 5 5
40 5 5
40 5 5
40 5 5
40 5 5
40 5 5
# ave_measured_val[1][1] = 721
# hoge
# min_loss : 335  estimate[40] = 0
# min_loss : 239  estimate[40] = 1
# min_loss : 235  estimate[40] = 4
# min_loss : 215  estimate[40] = 5
# min_loss : 195  estimate[40] = 8
# min_loss : 175  estimate[40] = 9
41 -5 -5
41 -5 -5
41 -5 -5
41 -5 -5
41 -5 -5
41 -5 -5
41 -5 -5
41 -5 -5
41 -5 -5
41 -5 -5
# ave_measured_val[0][0] = 733
41 -5 5
41 -5 5
41 -5 5
41 -5 5
41 -5 5
41 -5 5
41 -5 5
41 -5 5
41 -5 5
41 -5 5
# ave_measured_val[0][1] = 566
41 5 -5
41 5 -5
41 5 -5
41 5 -5
41 5 -5
41 5 -5
41 5 -5
41 5 -5
41 5 -5
41 5 -5
# ave_measured_val[1][0] = 492
41 5 5
41 5 5
41 5 5
41 5 5
41 5 5
41 5 5
41 5 5
41 5 5
41 5 5
41 5 5
# ave_measured_val[1][1] = 586
# hoge
# min_loss : 409  estimate[41] = 0
# min_loss : 309  estimate[41] = 1
# min_loss : 289  estimate[41] = 5
# min_loss : 269  estimate[41] = 30
# min_loss : 261  estimate[41] = 43
42 -5 -5
42 -5 -5
42 -5 -5
42 -5 -5
42 -5 -5
42 -5 -5
42 -5 -5
42 -5 -5
42 -5 -5
42 -5 -5
# ave_measured_val[0][0] = 502
42 -5 5
42 -5 5
42 -5 5
42 -5 5
42 -5 5
42 -5 5
42 -5 5
42 -5 5
42 -5 5
42 -5 5
# ave_measured_val[0][1] = 717
42 5 -5
42 5 -5
42 5 -5
42 5 -5
42 5 -5
42 5 -5
42 5 -5
42 5 -5
42 5 -5
42 5 -5
# ave_measured_val[1][0] = 499
42 5 5
42 5 5
42 5 5
42 5 5
42 5 5
42 5 5
42 5 5
42 5 5
42 5 5
42 5 5
# ave_measured_val[1][1] = 718
# hoge
# min_loss : 374  estimate[42] = 0
# min_loss : 334  estimate[42] = 3
# min_loss : 294  estimate[42] = 6
# min_loss : 254  estimate[42] = 10
# min_loss : 214  estimate[42] = 12
43 -5 -5
43 -5 -5
43 -5 -5
43 -5 -5
43 -5 -5
43 -5 -5
43 -5 -5
43 -5 -5
43 -5 -5
43 -5 -5
# ave_measured_val[0][0] = 643
43 -5 5
43 -5 5
43 -5 5
43 -5 5
43 -5 5
43 -5 5
43 -5 5
43 -5 5
43 -5 5
43 -5 5
# ave_measured_val[0][1] = 666
43 5 -5
43 5 -5
43 5 -5
43 5 -5
43 5 -5
43 5 -5
43 5 -5
43 5 -5
43 5 -5
43 5 -5
# ave_measured_val[1][0] = 602
43 5 5
43 5 5
43 5 5
43 5 5
43 5 5
43 5 5
43 5 5
43 5 5
43 5 5
43 5 5
# ave_measured_val[1][1] = 666
# hoge
# min_loss : 93  estimate[43] = 0
# min_loss : 85  estimate[43] = 4
# min_loss : 73  estimate[43] = 18
# min_loss : 59  estimate[43] = 31
44 -5 -5
44 -5 -5
44 -5 -5
44 -5 -5
44 -5 -5
44 -5 -5
44 -5 -5
44 -5 -5
44 -5 -5
44 -5 -5
# ave_measured_val[0][0] = 721
44 -5 5
44 -5 5
44 -5 5
44 -5 5
44 -5 5
44 -5 5
44 -5 5
44 -5 5
44 -5 5
44 -5 5
# ave_measured_val[0][1] = 588
44 5 -5
44 5 -5
44 5 -5
44 5 -5
44 5 -5
44 5 -5
44 5 -5
44 5 -5
44 5 -5
44 5 -5
# ave_measured_val[1][0] = 592
44 5 5
44 5 5
44 5 5
44 5 5
44 5 5
44 5 5
44 5 5
44 5 5
44 5 5
44 5 5
# ave_measured_val[1][1] = 616
# hoge
# min_loss : 245  estimate[44] = 0
# min_loss : 181  estimate[44] = 1
# min_loss : 165  estimate[44] = 28
# min_loss : 161  estimate[44] = 29
# min_loss : 157  estimate[44] = 33
45 -5 -5
45 -5 -5
45 -5 -5
45 -5 -5
45 -5 -5
45 -5 -5
45 -5 -5
45 -5 -5
45 -5 -5
45 -5 -5
# ave_measured_val[0][0] = 623
45 -5 5
45 -5 5
45 -5 5
45 -5 5
45 -5 5
45 -5 5
45 -5 5
45 -5 5
45 -5 5
45 -5 5
# ave_measured_val[0][1] = 576
45 5 -5
45 5 -5
45 5 -5
45 5 -5
45 5 -5
45 5 -5
45 5 -5
45 5 -5
45 5 -5
45 5 -5
# ave_measured_val[1][0] = 667
45 5 5
45 5 5
45 5 5
45 5 5
45 5 5
45 5 5
45 5 5
45 5 5
45 5 5
45 5 5
# ave_measured_val[1][1] = 678
# hoge
# min_loss : 132  estimate[45] = 0
# min_loss : 116  estimate[45] = 22
# min_loss : 76  estimate[45] = 27
# min_loss : 62  estimate[45] = 35
# min_loss : 58  estimate[45] = 39
46 -5 -5
46 -5 -5
46 -5 -5
46 -5 -5
46 -5 -5
46 -5 -5
46 -5 -5
46 -5 -5
46 -5 -5
46 -5 -5
# ave_measured_val[0][0] = 676
46 -5 5
46 -5 5
46 -5 5
46 -5 5
46 -5 5
46 -5 5
46 -5 5
46 -5 5
46 -5 5
46 -5 5
# ave_measured_val[0][1] = 688
46 5 -5
46 5 -5
46 5 -5
46 5 -5
46 5 -5
46 5 -5
46 5 -5
46 5 -5
46 5 -5
46 5 -5
# ave_measured_val[1][0] = 717
46 5 5
46 5 5
46 5 5
46 5 5
46 5 5
46 5 5
46 5 5
46 5 5
46 5 5
46 5 5
# ave_measured_val[1][1] = 581
# hoge
# min_loss : 280  estimate[46] = 0
# min_loss : 184  estimate[46] = 1
# min_loss : 172  estimate[46] = 28
# min_loss : 164  estimate[46] = 30
# min_loss : 160  estimate[46] = 33
# min_loss : 148  estimate[46] = 38
47 -5 -5
47 -5 -5
47 -5 -5
47 -5 -5
47 -5 -5
47 -5 -5
47 -5 -5
47 -5 -5
47 -5 -5
47 -5 -5
# ave_measured_val[0][0] = 491
47 -5 5
47 -5 5
47 -5 5
47 -5 5
47 -5 5
47 -5 5
47 -5 5
47 -5 5
47 -5 5
47 -5 5
# ave_measured_val[0][1] = 592
47 5 -5
47 5 -5
47 5 -5
47 5 -5
47 5 -5
47 5 -5
47 5 -5
47 5 -5
47 5 -5
47 5 -5
# ave_measured_val[1][0] = 654
47 5 5
47 5 5
47 5 5
47 5 5
47 5 5
47 5 5
47 5 5
47 5 5
47 5 5
47 5 5
# ave_measured_val[1][1] = 722
# hoge
# min_loss : 253  estimate[47] = 0
# min_loss : 213  estimate[47] = 3
# min_loss : 73  estimate[47] = 6
48 -5 -5
48 -5 -5
48 -5 -5
48 -5 -5
48 -5 -5
48 -5 -5
48 -5 -5
48 -5 -5
48 -5 -5
48 -5 -5
# ave_measured_val[0][0] = 617
48 -5 5
48 -5 5
48 -5 5
48 -5 5
48 -5 5
48 -5 5
48 -5 5
48 -5 5
48 -5 5
48 -5 5
# ave_measured_val[0][1] = 603
48 5 -5
48 5 -5
48 5 -5
48 5 -5
48 5 -5
48 5 -5
48 5 -5
48 5 -5
48 5 -5
48 5 -5
# ave_measured_val[1][0] = 653
48 5 5
48 5 5
48 5 5
48 5 5
48 5 5
48 5 5
48 5 5
48 5 5
48 5 5
48 5 5
# ave_measured_val[1][1] = 632
# hoge
# min_loss : 95  estimate[48] = 0
# min_loss : 89  estimate[48] = 27
# min_loss : 41  estimate[48] = 32
# min_loss : 35  estimate[48] = 81
49 -5 -5
49 -5 -5
49 -5 -5
49 -5 -5
49 -5 -5
49 -5 -5
49 -5 -5
49 -5 -5
49 -5 -5
49 -5 -5
# ave_measured_val[0][0] = 664
49 -5 5
49 -5 5
49 -5 5
49 -5 5
49 -5 5
49 -5 5
49 -5 5
49 -5 5
49 -5 5
49 -5 5
# ave_measured_val[0][1] = 699
49 5 -5
49 5 -5
49 5 -5
49 5 -5
49 5 -5
49 5 -5
49 5 -5
49 5 -5
49 5 -5
49 5 -5
# ave_measured_val[1][0] = 509
49 5 5
49 5 5
49 5 5
49 5 5
49 5 5
49 5 5
49 5 5
49 5 5
49 5 5
49 5 5
# ave_measured_val[1][1] = 591
# hoge
# min_loss : 303  estimate[49] = 0
# min_loss : 103  estimate[49] = 1
# min_loss : 65  estimate[49] = 5
50 -5 -5
50 -5 -5
50 -5 -5
50 -5 -5
50 -5 -5
50 -5 -5
50 -5 -5
50 -5 -5
50 -5 -5
50 -5 -5
# ave_measured_val[0][0] = 681
50 -5 5
50 -5 5
50 -5 5
50 -5 5
50 -5 5
50 -5 5
50 -5 5
50 -5 5
50 -5 5
50 -5 5
# ave_measured_val[0][1] = 455
50 5 -5
50 5 -5
50 5 -5
50 5 -5
50 5 -5
50 5 -5
50 5 -5
50 5 -5
50 5 -5
50 5 -5
# ave_measured_val[1][0] = 759
50 5 5
50 5 5
50 5 5
50 5 5
50 5 5
50 5 5
50 5 5
50 5 5
50 5 5
50 5 5
# ave_measured_val[1][1] = 574
# hoge
# min_loss : 471  estimate[50] = 0
# min_loss : 451  estimate[50] = 27
# min_loss : 411  estimate[50] = 32
# min_loss : 371  estimate[50] = 35
# min_loss : 331  estimate[50] = 39
# min_loss : 291  estimate[50] = 44
# min_loss : 251  estimate[50] = 48
# min_loss : 211  estimate[50] = 50
51 -5 -5
51 -5 -5
51 -5 -5
51 -5 -5
51 -5 -5
51 -5 -5
51 -5 -5
51 -5 -5
51 -5 -5
51 -5 -5
# ave_measured_val[0][0] = 608
51 -5 5
51 -5 5
51 -5 5
51 -5 5
51 -5 5
51 -5 5
51 -5 5
51 -5 5
51 -5 5
51 -5 5
# ave_measured_val[0][1] = 706
51 5 -5
51 5 -5
51 5 -5
51 5 -5
51 5 -5
51 5 -5
51 5 -5
51 5 -5
51 5 -5
51 5 -5
# ave_measured_val[1][0] = 642
51 5 5
51 5 5
51 5 5
51 5 5
51 5 5
51 5 5
51 5 5
51 5 5
51 5 5
51 5 5
# ave_measured_val[1][1] = 658
# hoge
# min_loss : 82  estimate[51] = 0
52 -5 -5
52 -5 -5
52 -5 -5
52 -5 -5
52 -5 -5
52 -5 -5
52 -5 -5
52 -5 -5
52 -5 -5
52 -5 -5
# ave_measured_val[0][0] = 735
52 -5 5
52 -5 5
52 -5 5
52 -5 5
52 -5 5
52 -5 5
52 -5 5
52 -5 5
52 -5 5
52 -5 5
# ave_measured_val[0][1] = 615
52 5 -5
52 5 -5
52 5 -5
52 5 -5
52 5 -5
52 5 -5
52 5 -5
52 5 -5
52 5 -5
52 5 -5
# ave_measured_val[1][0] = 714
52 5 5
52 5 5
52 5 5
52 5 5
52 5 5
52 5 5
52 5 5
52 5 5
52 5 5
52 5 5
# ave_measured_val[1][1] = 599
# hoge
# min_loss : 295  estimate[52] = 0
# min_loss : 285  estimate[52] = 27
# min_loss : 275  estimate[52] = 28
# min_loss : 235  estimate[52] = 32
# min_loss : 225  estimate[52] = 35
# min_loss : 205  estimate[52] = 36
# min_loss : 195  estimate[52] = 37
# min_loss : 165  estimate[52] = 40
# min_loss : 155  estimate[52] = 41
# min_loss : 125  estimate[52] = 47
# min_loss : 65  estimate[52] = 52
# min_loss : 63  estimate[52] = 53
53 -5 -5
53 -5 -5
53 -5 -5
53 -5 -5
53 -5 -5
53 -5 -5
53 -5 -5
53 -5 -5
53 -5 -5
53 -5 -5
# ave_measured_val[0][0] = 643
53 -5 5
53 -5 5
53 -5 5
53 -5 5
53 -5 5
53 -5 5
53 -5 5
53 -5 5
53 -5 5
53 -5 5
# ave_measured_val[0][1] = 619
53 5 -5
53 5 -5
53 5 -5
53 5 -5
53 5 -5
53 5 -5
53 5 -5
53 5 -5
53 5 -5
53 5 -5
# ave_measured_val[1][0] = 632
53 5 5
53 5 5
53 5 5
53 5 5
53 5 5
53 5 5
53 5 5
53 5 5
53 5 5
53 5 5
# ave_measured_val[1][1] = 558
# hoge
# min_loss : 158  estimate[53] = 0
# min_loss : 152  estimate[53] = 31
# min_loss : 134  estimate[53] = 32
# min_loss : 132  estimate[53] = 34
# min_loss : 106  estimate[53] = 47
# min_loss : 102  estimate[53] = 60
# min_loss : 92  estimate[53] = 69
# min_loss : 50  estimate[53] = 70
54 -5 -5
54 -5 -5
54 -5 -5
54 -5 -5
54 -5 -5
54 -5 -5
54 -5 -5
54 -5 -5
54 -5 -5
54 -5 -5
# ave_measured_val[0][0] = 641
54 -5 5
54 -5 5
54 -5 5
54 -5 5
54 -5 5
54 -5 5
54 -5 5
54 -5 5
54 -5 5
54 -5 5
# ave_measured_val[0][1] = 740
54 5 -5
54 5 -5
54 5 -5
54 5 -5
54 5 -5
54 5 -5
54 5 -5
54 5 -5
54 5 -5
54 5 -5
# ave_measured_val[1][0] = 511
54 5 5
54 5 5
54 5 5
54 5 5
54 5 5
54 5 5
54 5 5
54 5 5
54 5 5
54 5 5
# ave_measured_val[1][1] = 723
# hoge
# min_loss : 313  estimate[54] = 0
# min_loss : 251  estimate[54] = 1
# min_loss : 213  estimate[54] = 4
# min_loss : 211  estimate[54] = 5
# min_loss : 173  estimate[54] = 8
# min_loss : 171  estimate[54] = 9
55 -5 -5
55 -5 -5
55 -5 -5
55 -5 -5
55 -5 -5
55 -5 -5
55 -5 -5
55 -5 -5
55 -5 -5
55 -5 -5
# ave_measured_val[0][0] = 678
55 -5 5
55 -5 5
55 -5 5
55 -5 5
55 -5 5
55 -5 5
55 -5 5
55 -5 5
55 -5 5
55 -5 5
# ave_measured_val[0][1] = 574
55 5 -5
55 5 -5
55 5 -5
55 5 -5
55 5 -5
55 5 -5
55 5 -5
55 5 -5
55 5 -5
55 5 -5
# ave_measured_val[1][0] = 709
55 5 5
55 5 5
55 5 5
55 5 5
55 5 5
55 5 5
55 5 5
55 5 5
55 5 5
55 5 5
# ave_measured_val[1][1] = 597
# hoge
# min_loss : 276  estimate[55] = 0
# min_loss : 256  estimate[55] = 27
# min_loss : 216  estimate[55] = 32
# min_loss : 176  estimate[55] = 35
# min_loss : 136  estimate[55] = 39
# min_loss : 96  estimate[55] = 44
# min_loss : 86  estimate[55] = 48
# min_loss : 66  estimate[55] = 51
# min_loss : 60  estimate[55] = 52
# min_loss : 34  estimate[55] = 56
56 -5 -5
56 -5 -5
56 -5 -5
56 -5 -5
56 -5 -5
56 -5 -5
56 -5 -5
56 -5 -5
56 -5 -5
56 -5 -5
# ave_measured_val[0][0] = 556
56 -5 5
56 -5 5
56 -5 5
56 -5 5
56 -5 5
56 -5 5
56 -5 5
56 -5 5
56 -5 5
56 -5 5
# ave_measured_val[0][1] = 541
56 5 -5
56 5 -5
56 5 -5
56 5 -5
56 5 -5
56 5 -5
56 5 -5
56 5 -5
56 5 -5
56 5 -5
# ave_measured_val[1][0] = 616
56 5 5
56 5 5
56 5 5
56 5 5
56 5 5
56 5 5
56 5 5
56 5 5
56 5 5
56 5 5
# ave_measured_val[1][1] = 697
# hoge
# min_loss : 204  estimate[56] = 0
# min_loss : 164  estimate[56] = 3
# min_loss : 122  estimate[56] = 6
57 -5 -5
57 -5 -5
57 -5 -5
57 -5 -5
57 -5 -5
57 -5 -5
57 -5 -5
57 -5 -5
57 -5 -5
57 -5 -5
# ave_measured_val[0][0] = 514
57 -5 5
57 -5 5
57 -5 5
57 -5 5
57 -5 5
57 -5 5
57 -5 5
57 -5 5
57 -5 5
57 -5 5
# ave_measured_val[0][1] = 707
57 5 -5
57 5 -5
57 5 -5
57 5 -5
57 5 -5
57 5 -5
57 5 -5
57 5 -5
57 5 -5
57 5 -5
# ave_measured_val[1][0] = 576
57 5 5
57 5 5
57 5 5
57 5 5
57 5 5
57 5 5
57 5 5
57 5 5
57 5 5
57 5 5
# ave_measured_val[1][1] = 640
# hoge
# min_loss : 237  estimate[57] = 0
# min_loss : 197  estimate[57] = 1
# min_loss : 157  estimate[57] = 4
# min_loss : 155  estimate[57] = 8
# min_loss : 135  estimate[57] = 11
# min_loss : 129  estimate[57] = 15
58 -5 -5
58 -5 -5
58 -5 -5
58 -5 -5
58 -5 -5
58 -5 -5
58 -5 -5
58 -5 -5
58 -5 -5
58 -5 -5
# ave_measured_val[0][0] = 748
58 -5 5
58 -5 5
58 -5 5
58 -5 5
58 -5 5
58 -5 5
58 -5 5
58 -5 5
58 -5 5
58 -5 5
# ave_measured_val[0][1] = 627
58 5 -5
58 5 -5
58 5 -5
58 5 -5
58 5 -5
58 5 -5
58 5 -5
58 5 -5
58 5 -5
58 5 -5
# ave_measured_val[1][0] = 669
58 5 5
58 5 5
58 5 5
58 5 5
58 5 5
58 5 5
58 5 5
58 5 5
58 5 5
58 5 5
# ave_measured_val[1][1] = 523
# hoge
# min_loss : 327  estimate[58] = 0
# min_loss : 307  estimate[58] = 28
# min_loss : 281  estimate[58] = 32
# min_loss : 267  estimate[58] = 33
# min_loss : 263  estimate[58] = 37
# min_loss : 227  estimate[58] = 38
# min_loss : 223  estimate[58] = 41
# min_loss : 187  estimate[58] = 42
# min_loss : 181  estimate[58] = 47
# min_loss : 143  estimate[58] = 53
# min_loss : 103  estimate[58] = 54
# min_loss : 101  estimate[58] = 55
# min_loss : 67  estimate[58] = 59
59 -5 -5
59 -5 -5
59 -5 -5
59 -5 -5
59 -5 -5
59 -5 -5
59 -5 -5
59 -5 -5
59 -5 -5
59 -5 -5
# ave_measured_val[0][0] = 627
59 -5 5
59 -5 5
59 -5 5
59 -5 5
59 -5 5
59 -5 5
59 -5 5
59 -5 5
59 -5 5
59 -5 5
# ave_measured_val[0][1] = 573
59 5 -5
59 5 -5
59 5 -5
59 5 -5
59 5 -5
59 5 -5
59 5 -5
59 5 -5
59 5 -5
59 5 -5
# ave_measured_val[1][0] = 597
59 5 5
59 5 5
59 5 5
59 5 5
59 5 5
59 5 5
59 5 5
59 5 5
59 5 5
59 5 5
# ave_measured_val[1][1] = 541
# hoge
# min_loss : 236  estimate[59] = 0
# min_loss : 176  estimate[59] = 2
# min_loss : 162  estimate[59] = 60
# min_loss : 124  estimate[59] = 64
60 -5 -5
60 -5 -5
60 -5 -5
60 -5 -5
60 -5 -5
60 -5 -5
60 -5 -5
60 -5 -5
60 -5 -5
60 -5 -5
# ave_measured_val[0][0] = 651
60 -5 5
60 -5 5
60 -5 5
60 -5 5
60 -5 5
60 -5 5
60 -5 5
60 -5 5
60 -5 5
60 -5 5
# ave_measured_val[0][1] = 747
60 5 -5
60 5 -5
60 5 -5
60 5 -5
60 5 -5
60 5 -5
60 5 -5
60 5 -5
60 5 -5
60 5 -5
# ave_measured_val[1][0] = 532
60 5 5
60 5 5
60 5 5
60 5 5
60 5 5
60 5 5
60 5 5
60 5 5
60 5 5
60 5 5
# ave_measured_val[1][1] = 537
# hoge
# min_loss : 369  estimate[60] = 0
# min_loss : 187  estimate[60] = 1
# min_loss : 129  estimate[60] = 5
61 -5 -5
61 -5 -5
61 -5 -5
61 -5 -5
61 -5 -5
61 -5 -5
61 -5 -5
61 -5 -5
61 -5 -5
61 -5 -5
# ave_measured_val[0][0] = 602
61 -5 5
61 -5 5
61 -5 5
61 -5 5
61 -5 5
61 -5 5
61 -5 5
61 -5 5
61 -5 5
61 -5 5
# ave_measured_val[0][1] = 533
61 5 -5
61 5 -5
61 5 -5
61 5 -5
61 5 -5
61 5 -5
61 5 -5
61 5 -5
61 5 -5
61 5 -5
# ave_measured_val[1][0] = 725
61 5 5
61 5 5
61 5 5
61 5 5
61 5 5
61 5 5
61 5 5
61 5 5
61 5 5
61 5 5
# ave_measured_val[1][1] = 622
# hoge
# min_loss : 248  estimate[61] = 0
# min_loss : 212  estimate[61] = 27
# min_loss : 208  estimate[61] = 32
# min_loss : 168  estimate[61] = 35
# min_loss : 128  estimate[61] = 39
# min_loss : 108  estimate[61] = 45
# min_loss : 88  estimate[61] = 48
# min_loss : 72  estimate[61] = 58
# min_loss : 48  estimate[61] = 65
# min_loss : 38  estimate[61] = 66
62 -5 -5
62 -5 -5
62 -5 -5
62 -5 -5
62 -5 -5
62 -5 -5
62 -5 -5
62 -5 -5
62 -5 -5
62 -5 -5
# ave_measured_val[0][0] = 728
62 -5 5
62 -5 5
62 -5 5
62 -5 5
62 -5 5
62 -5 5
62 -5 5
62 -5 5
62 -5 5
62 -5 5
# ave_measured_val[0][1] = 550
62 5 -5
62 5 -5
62 5 -5
62 5 -5
62 5 -5
62 5 -5
62 5 -5
62 5 -5
62 5 -5
62 5 -5
# ave_measured_val[1][0] = 677
62 5 5
62 5 5
62 5 5
62 5 5
62 5 5
62 5 5
62 5 5
62 5 5
62 5 5
62 5 5
# ave_measured_val[1][1] = 735
# hoge
# min_loss : 330  estimate[62] = 0
# min_loss : 310  estimate[62] = 6
# min_loss : 290  estimate[62] = 7
# min_loss : 270  estimate[62] = 23
# min_loss : 236  estimate[62] = 35
63 -5 -5
63 -5 -5
63 -5 -5
63 -5 -5
63 -5 -5
63 -5 -5
63 -5 -5
63 -5 -5
63 -5 -5
63 -5 -5
# ave_measured_val[0][0] = 533
63 -5 5
63 -5 5
63 -5 5
63 -5 5
63 -5 5
63 -5 5
63 -5 5
63 -5 5
63 -5 5
63 -5 5
# ave_measured_val[0][1] = 597
63 5 -5
63 5 -5
63 5 -5
63 5 -5
63 5 -5
63 5 -5
63 5 -5
63 5 -5
63 5 -5
63 5 -5
# ave_measured_val[1][0] = 445
63 5 5
63 5 5
63 5 5
63 5 5
63 5 5
63 5 5
63 5 5
63 5 5
63 5 5
63 5 5
# ave_measured_val[1][1] = 554
# hoge
# min_loss : 411  estimate[63] = 0
# min_loss : 351  estimate[63] = 2
64 -5 -5
64 -5 -5
64 -5 -5
64 -5 -5
64 -5 -5
64 -5 -5
64 -5 -5
64 -5 -5
64 -5 -5
64 -5 -5
# ave_measured_val[0][0] = 579
64 -5 5
64 -5 5
64 -5 5
64 -5 5
64 -5 5
64 -5 5
64 -5 5
64 -5 5
64 -5 5
64 -5 5
# ave_measured_val[0][1] = 649
64 5 -5
64 5 -5
64 5 -5
64 5 -5
64 5 -5
64 5 -5
64 5 -5
64 5 -5
64 5 -5
64 5 -5
# ave_measured_val[1][0] = 522
64 5 5
64 5 5
64 5 5
64 5 5
64 5 5
64 5 5
64 5 5
64 5 5
64 5 5
64 5 5
# ave_measured_val[1][1] = 777
# hoge
# min_loss : 265  estimate[64] = 0
# min_loss : 225  estimate[64] = 3
# min_loss : 185  estimate[64] = 10
65 -5 -5
65 -5 -5
65 -5 -5
65 -5 -5
65 -5 -5
65 -5 -5
65 -5 -5
65 -5 -5
65 -5 -5
65 -5 -5
# ave_measured_val[0][0] = 770
65 -5 5
65 -5 5
65 -5 5
65 -5 5
65 -5 5
65 -5 5
65 -5 5
65 -5 5
65 -5 5
65 -5 5
# ave_measured_val[0][1] = 510
65 5 -5
65 5 -5
65 5 -5
65 5 -5
65 5 -5
65 5 -5
65 5 -5
65 5 -5
65 5 -5
65 5 -5
# ave_measured_val[1][0] = 764
65 5 5
65 5 5
65 5 5
65 5 5
65 5 5
65 5 5
65 5 5
65 5 5
65 5 5
65 5 5
# ave_measured_val[1][1] = 643
# hoge
# min_loss : 441  estimate[65] = 0
# min_loss : 421  estimate[65] = 27
# min_loss : 381  estimate[65] = 32
# min_loss : 341  estimate[65] = 35
# min_loss : 301  estimate[65] = 39
# min_loss : 287  estimate[65] = 44
# min_loss : 267  estimate[65] = 45
# min_loss : 261  estimate[65] = 46
# min_loss : 247  estimate[65] = 48
# min_loss : 221  estimate[65] = 49
# min_loss : 181  estimate[65] = 50
66 -5 -5
66 -5 -5
66 -5 -5
66 -5 -5
66 -5 -5
66 -5 -5
66 -5 -5
66 -5 -5
66 -5 -5
66 -5 -5
# ave_measured_val[0][0] = 675
66 -5 5
66 -5 5
66 -5 5
66 -5 5
66 -5 5
66 -5 5
66 -5 5
66 -5 5
66 -5 5
66 -5 5
# ave_measured_val[0][1] = 678
66 5 -5
66 5 -5
66 5 -5
66 5 -5
66 5 -5
66 5 -5
66 5 -5
66 5 -5
66 5 -5
66 5 -5
# ave_measured_val[1][0] = 555
66 5 5
66 5 5
66 5 5
66 5 5
66 5 5
66 5 5
66 5 5
66 5 5
66 5 5
66 5 5
# ave_measured_val[1][1] = 698
# hoge
# min_loss : 216  estimate[66] = 0
# min_loss : 140  estimate[66] = 1
67 -5 -5
67 -5 -5
67 -5 -5
67 -5 -5
67 -5 -5
67 -5 -5
67 -5 -5
67 -5 -5
67 -5 -5
67 -5 -5
# ave_measured_val[0][0] = 683
67 -5 5
67 -5 5
67 -5 5
67 -5 5
67 -5 5
67 -5 5
67 -5 5
67 -5 5
67 -5 5
67 -5 5
# ave_measured_val[0][1] = 687
67 5 -5
67 5 -5
67 5 -5
67 5 -5
67 5 -5
67 5 -5
67 5 -5
67 5 -5
67 5 -5
67 5 -5
# ave_measured_val[1][0] = 665
67 5 5
67 5 5
67 5 5
67 5 5
67 5 5
67 5 5
67 5 5
67 5 5
67 5 5
67 5 5
# ave_measured_val[1][1] = 689
# hoge
# min_loss : 184  estimate[67] = 0
# min_loss : 170  estimate[67] = 18
# min_loss : 146  estimate[67] = 23
# min_loss : 126  estimate[67] = 24
# min_loss : 124  estimate[67] = 38
68 -5 -5
68 -5 -5
68 -5 -5
68 -5 -5
68 -5 -5
68 -5 -5
68 -5 -5
68 -5 -5
68 -5 -5
68 -5 -5
# ave_measured_val[0][0] = 721
68 -5 5
68 -5 5
68 -5 5
68 -5 5
68 -5 5
68 -5 5
68 -5 5
68 -5 5
68 -5 5
68 -5 5
# ave_measured_val[0][1] = 710
68 5 -5
68 5 -5
68 5 -5
68 5 -5
68 5 -5
68 5 -5
68 5 -5
68 5 -5
68 5 -5
68 5 -5
# ave_measured_val[1][0] = 636
68 5 5
68 5 5
68 5 5
68 5 5
68 5 5
68 5 5
68 5 5
68 5 5
68 5 5
68 5 5
# ave_measured_val[1][1] = 516
# hoge
# min_loss : 331  estimate[68] = 0
# min_loss : 231  estimate[68] = 1
# min_loss : 211  estimate[68] = 25
# min_loss : 191  estimate[68] = 28
# min_loss : 171  estimate[68] = 29
# min_loss : 131  estimate[68] = 42
# min_loss : 111  estimate[68] = 43
69 -5 -5
69 -5 -5
69 -5 -5
69 -5 -5
69 -5 -5
69 -5 -5
69 -5 -5
69 -5 -5
69 -5 -5
69 -5 -5
# ave_measured_val[0][0] = 688
69 -5 5
69 -5 5
69 -5 5
69 -5 5
69 -5 5
69 -5 5
69 -5 5
69 -5 5
69 -5 5
69 -5 5
# ave_measured_val[0][1] = 640
69 5 -5
69 5 -5
69 5 -5
69 5 -5
69 5 -5
69 5 -5
69 5 -5
69 5 -5
69 5 -5
69 5 -5
# ave_measured_val[1][0] = 605
69 5 5
69 5 5
69 5 5
69 5 5
69 5 5
69 5 5
69 5 5
69 5 5
69 5 5
69 5 5
# ave_measured_val[1][1] = 689
# hoge
# min_loss : 132  estimate[69] = 0
70 -5 -5
70 -5 -5
70 -5 -5
70 -5 -5
70 -5 -5
70 -5 -5
70 -5 -5
70 -5 -5
70 -5 -5
70 -5 -5
# ave_measured_val[0][0] = 676
70 -5 5
70 -5 5
70 -5 5
70 -5 5
70 -5 5
70 -5 5
70 -5 5
70 -5 5
70 -5 5
70 -5 5
# ave_measured_val[0][1] = 621
70 5 -5
70 5 -5
70 5 -5
70 5 -5
70 5 -5
70 5 -5
70 5 -5
70 5 -5
70 5 -5
70 5 -5
# ave_measured_val[1][0] = 584
70 5 5
70 5 5
70 5 5
70 5 5
70 5 5
70 5 5
70 5 5
70 5 5
70 5 5
70 5 5
# ave_measured_val[1][1] = 518
# hoge
# min_loss : 273  estimate[70] = 0
# min_loss : 181  estimate[70] = 1
# min_loss : 161  estimate[70] = 30
# min_loss : 153  estimate[70] = 33
# min_loss : 143  estimate[70] = 60
# min_loss : 83  estimate[70] = 63
71 -5 -5
71 -5 -5
71 -5 -5
71 -5 -5
71 -5 -5
71 -5 -5
71 -5 -5
71 -5 -5
71 -5 -5
71 -5 -5
# ave_measured_val[0][0] = 674
71 -5 5
71 -5 5
71 -5 5
71 -5 5
71 -5 5
71 -5 5
71 -5 5
71 -5 5
71 -5 5
71 -5 5
# ave_measured_val[0][1] = 656
71 5 -5
71 5 -5
71 5 -5
71 5 -5
71 5 -5
71 5 -5
71 5 -5
71 5 -5
71 5 -5
71 5 -5
# ave_measured_val[1][0] = 552
71 5 5
71 5 5
71 5 5
71 5 5
71 5 5
71 5 5
71 5 5
71 5 5
71 5 5
71 5 5
# ave_measured_val[1][1] = 619
# hoge
# min_loss : 199  estimate[71] = 0
# min_loss : 85  estimate[71] = 1
72 -5 -5
72 -5 -5
72 -5 -5
72 -5 -5
72 -5 -5
72 -5 -5
72 -5 -5
72 -5 -5
72 -5 -5
72 -5 -5
# ave_measured_val[0][0] = 623
72 -5 5
72 -5 5
72 -5 5
72 -5 5
72 -5 5
72 -5 5
72 -5 5
72 -5 5
72 -5 5
72 -5 5
# ave_measured_val[0][1] = 660
72 5 -5
72 5 -5
72 5 -5
72 5 -5
72 5 -5
72 5 -5
72 5 -5
72 5 -5
72 5 -5
72 5 -5
# ave_measured_val[1][0] = 548
72 5 5
72 5 5
72 5 5
72 5 5
72 5 5
72 5 5
72 5 5
72 5 5
72 5 5
72 5 5
# ave_measured_val[1][1] = 609
# hoge
# min_loss : 166  estimate[72] = 0
# min_loss : 100  estimate[72] = 1
# min_loss : 40  estimate[72] = 2
73 -5 -5
73 -5 -5
73 -5 -5
73 -5 -5
73 -5 -5
73 -5 -5
73 -5 -5
73 -5 -5
73 -5 -5
73 -5 -5
# ave_measured_val[0][0] = 731
73 -5 5
73 -5 5
73 -5 5
73 -5 5
73 -5 5
73 -5 5
73 -5 5
73 -5 5
73 -5 5
73 -5 5
# ave_measured_val[0][1] = 706
73 5 -5
73 5 -5
73 5 -5
73 5 -5
73 5 -5
73 5 -5
73 5 -5
73 5 -5
73 5 -5
73 5 -5
# ave_measured_val[1][0] = 613
73 5 5
73 5 5
73 5 5
73 5 5
73 5 5
73 5 5
73 5 5
73 5 5
73 5 5
73 5 5
# ave_measured_val[1][1] = 594
# hoge
# min_loss : 270  estimate[73] = 0
# min_loss : 136  estimate[73] = 1
# min_loss : 124  estimate[73] = 25
# min_loss : 96  estimate[73] = 28
# min_loss : 84  estimate[73] = 29
# min_loss : 78  estimate[73] = 42
# min_loss : 58  estimate[73] = 43
74 -5 -5
74 -5 -5
74 -5 -5
74 -5 -5
74 -5 -5
74 -5 -5
74 -5 -5
74 -5 -5
74 -5 -5
74 -5 -5
# ave_measured_val[0][0] = 645
74 -5 5
74 -5 5
74 -5 5
74 -5 5
74 -5 5
74 -5 5
74 -5 5
74 -5 5
74 -5 5
74 -5 5
# ave_measured_val[0][1] = 583
74 5 -5
74 5 -5
74 5 -5
74 5 -5
74 5 -5
74 5 -5
74 5 -5
74 5 -5
74 5 -5
74 5 -5
# ave_measured_val[1][0] = 650
74 5 5
74 5 5
74 5 5
74 5 5
74 5 5
74 5 5
74 5 5
74 5 5
74 5 5
74 5 5
# ave_measured_val[1][1] = 469
# hoge
# min_loss : 303  estimate[74] = 0
# min_loss : 293  estimate[74] = 31
# min_loss : 243  estimate[74] = 32
# min_loss : 209  estimate[74] = 44
# min_loss : 193  estimate[74] = 47
# min_loss : 153  estimate[74] = 60
# min_loss : 133  estimate[74] = 64
75 -5 -5
75 -5 -5
75 -5 -5
75 -5 -5
75 -5 -5
75 -5 -5
75 -5 -5
75 -5 -5
75 -5 -5
75 -5 -5
# ave_measured_val[0][0] = 632
75 -5 5
75 -5 5
75 -5 5
75 -5 5
75 -5 5
75 -5 5
75 -5 5
75 -5 5
75 -5 5
75 -5 5
# ave_measured_val[0][1] = 608
75 5 -5
75 5 -5
75 5 -5
75 5 -5
75 5 -5
75 5 -5
75 5 -5
75 5 -5
75 5 -5
75 5 -5
# ave_measured_val[1][0] = 718
75 5 5
75 5 5
75 5 5
75 5 5
75 5 5
75 5 5
75 5 5
75 5 5
75 5 5
75 5 5
# ave_measured_val[1][1] = 687
# hoge
# min_loss : 169  estimate[75] = 0
# min_loss : 149  estimate[75] = 22
# min_loss : 135  estimate[75] = 23
# min_loss : 109  estimate[75] = 27
# min_loss : 45  estimate[75] = 35
76 -5 -5
76 -5 -5
76 -5 -5
76 -5 -5
76 -5 -5
76 -5 -5
76 -5 -5
76 -5 -5
76 -5 -5
76 -5 -5
# ave_measured_val[0][0] = 583
76 -5 5
76 -5 5
76 -5 5
76 -5 5
76 -5 5
76 -5 5
76 -5 5
76 -5 5
76 -5 5
76 -5 5
# ave_measured_val[0][1] = 658
76 5 -5
76 5 -5
76 5 -5
76 5 -5
76 5 -5
76 5 -5
76 5 -5
76 5 -5
76 5 -5
76 5 -5
# ave_measured_val[1][0] = 642
76 5 5
76 5 5
76 5 5
76 5 5
76 5 5
76 5 5
76 5 5
76 5 5
76 5 5
76 5 5
# ave_measured_val[1][1] = 601
# hoge
# min_loss : 116  estimate[76] = 0
77 -5 -5
77 -5 -5
77 -5 -5
77 -5 -5
77 -5 -5
77 -5 -5
77 -5 -5
77 -5 -5
77 -5 -5
77 -5 -5
# ave_measured_val[0][0] = 708
77 -5 5
77 -5 5
77 -5 5
77 -5 5
77 -5 5
77 -5 5
77 -5 5
77 -5 5
77 -5 5
77 -5 5
# ave_measured_val[0][1] = 615
77 5 -5
77 5 -5
77 5 -5
77 5 -5
77 5 -5
77 5 -5
77 5 -5
77 5 -5
77 5 -5
77 5 -5
# ave_measured_val[1][0] = 780
77 5 5
77 5 5
77 5 5
77 5 5
77 5 5
77 5 5
77 5 5
77 5 5
77 5 5
77 5 5
# ave_measured_val[1][1] = 551
# hoge
# min_loss : 382  estimate[77] = 0
# min_loss : 372  estimate[77] = 27
# min_loss : 362  estimate[77] = 28
# min_loss : 322  estimate[77] = 32
# min_loss : 312  estimate[77] = 35
# min_loss : 292  estimate[77] = 36
# min_loss : 282  estimate[77] = 37
# min_loss : 252  estimate[77] = 40
# min_loss : 242  estimate[77] = 41
# min_loss : 212  estimate[77] = 47
# min_loss : 152  estimate[77] = 52
# min_loss : 136  estimate[77] = 53
78 -5 -5
78 -5 -5
78 -5 -5
78 -5 -5
78 -5 -5
78 -5 -5
78 -5 -5
78 -5 -5
78 -5 -5
78 -5 -5
# ave_measured_val[0][0] = 614
78 -5 5
78 -5 5
78 -5 5
78 -5 5
78 -5 5
78 -5 5
78 -5 5
78 -5 5
78 -5 5
78 -5 5
# ave_measured_val[0][1] = 591
78 5 -5
78 5 -5
78 5 -5
78 5 -5
78 5 -5
78 5 -5
78 5 -5
78 5 -5
78 5 -5
78 5 -5
# ave_measured_val[1][0] = 683
78 5 5
78 5 5
78 5 5
78 5 5
78 5 5
78 5 5
78 5 5
78 5 5
78 5 5
78 5 5
# ave_measured_val[1][1] = 652
# hoge
# min_loss : 114  estimate[78] = 0
# min_loss : 94  estimate[78] = 27
# min_loss : 70  estimate[78] = 32
# min_loss : 60  estimate[78] = 35
# min_loss : 26  estimate[78] = 39
79 -5 -5
79 -5 -5
79 -5 -5
79 -5 -5
79 -5 -5
79 -5 -5
79 -5 -5
79 -5 -5
79 -5 -5
79 -5 -5
# ave_measured_val[0][0] = 547
79 -5 5
79 -5 5
79 -5 5
79 -5 5
79 -5 5
79 -5 5
79 -5 5
79 -5 5
79 -5 5
79 -5 5
# ave_measured_val[0][1] = 670
79 5 -5
79 5 -5
79 5 -5
79 5 -5
79 5 -5
79 5 -5
79 5 -5
79 5 -5
79 5 -5
79 5 -5
# ave_measured_val[1][0] = 511
79 5 5
79 5 5
79 5 5
79 5 5
79 5 5
79 5 5
79 5 5
79 5 5
79 5 5
79 5 5
# ave_measured_val[1][1] = 589
# hoge
# min_loss : 283  estimate[79] = 0
# min_loss : 223  estimate[79] = 1
# min_loss : 183  estimate[79] = 2
# min_loss : 163  estimate[79] = 15
80 -5 -5
80 -5 -5
80 -5 -5
80 -5 -5
80 -5 -5
80 -5 -5
80 -5 -5
80 -5 -5
80 -5 -5
80 -5 -5
# ave_measured_val[0][0] = 521
80 -5 5
80 -5 5
80 -5 5
80 -5 5
80 -5 5
80 -5 5
80 -5 5
80 -5 5
80 -5 5
80 -5 5
# ave_measured_val[0][1] = 597
80 5 -5
80 5 -5
80 5 -5
80 5 -5
80 5 -5
80 5 -5
80 5 -5
80 5 -5
80 5 -5
80 5 -5
# ave_measured_val[1][0] = 759
80 5 5
80 5 5
80 5 5
80 5 5
80 5 5
80 5 5
80 5 5
80 5 5
80 5 5
80 5 5
# ave_measured_val[1][1] = 687
# hoge
# min_loss : 288  estimate[80] = 0
# min_loss : 248  estimate[80] = 3
# min_loss : 154  estimate[80] = 6
81 -5 -5
81 -5 -5
81 -5 -5
81 -5 -5
81 -5 -5
81 -5 -5
81 -5 -5
81 -5 -5
81 -5 -5
81 -5 -5
# ave_measured_val[0][0] = 653
81 -5 5
81 -5 5
81 -5 5
81 -5 5
81 -5 5
81 -5 5
81 -5 5
81 -5 5
81 -5 5
81 -5 5
# ave_measured_val[0][1] = 509
81 5 -5
81 5 -5
81 5 -5
81 5 -5
81 5 -5
81 5 -5
81 5 -5
81 5 -5
81 5 -5
81 5 -5
# ave_measured_val[1][0] = 612
81 5 5
81 5 5
81 5 5
81 5 5
81 5 5
81 5 5
81 5 5
81 5 5
81 5 5
81 5 5
# ave_measured_val[1][1] = 710
# hoge
# min_loss : 242  estimate[81] = 0
82 -5 -5
82 -5 -5
82 -5 -5
82 -5 -5
82 -5 -5
82 -5 -5
82 -5 -5
82 -5 -5
82 -5 -5
82 -5 -5
# ave_measured_val[0][0] = 711
82 -5 5
82 -5 5
82 -5 5
82 -5 5
82 -5 5
82 -5 5
82 -5 5
82 -5 5
82 -5 5
82 -5 5
# ave_measured_val[0][1] = 518
82 5 -5
82 5 -5
82 5 -5
82 5 -5
82 5 -5
82 5 -5
82 5 -5
82 5 -5
82 5 -5
82 5 -5
# ave_measured_val[1][0] = 709
82 5 5
82 5 5
82 5 5
82 5 5
82 5 5
82 5 5
82 5 5
82 5 5
82 5 5
82 5 5
# ave_measured_val[1][1] = 645
# hoge
# min_loss : 317  estimate[82] = 0
# min_loss : 297  estimate[82] = 27
# min_loss : 257  estimate[82] = 32
# min_loss : 217  estimate[82] = 35
# min_loss : 177  estimate[82] = 39
# min_loss : 167  estimate[82] = 44
# min_loss : 147  estimate[82] = 45
# min_loss : 129  estimate[82] = 48
83 -5 -5
83 -5 -5
83 -5 -5
83 -5 -5
83 -5 -5
83 -5 -5
83 -5 -5
83 -5 -5
83 -5 -5
83 -5 -5
# ave_measured_val[0][0] = 633
83 -5 5
83 -5 5
83 -5 5
83 -5 5
83 -5 5
83 -5 5
83 -5 5
83 -5 5
83 -5 5
83 -5 5
# ave_measured_val[0][1] = 696
83 5 -5
83 5 -5
83 5 -5
83 5 -5
83 5 -5
83 5 -5
83 5 -5
83 5 -5
83 5 -5
83 5 -5
# ave_measured_val[1][0] = 604
83 5 5
83 5 5
83 5 5
83 5 5
83 5 5
83 5 5
83 5 5
83 5 5
83 5 5
83 5 5
# ave_measured_val[1][1] = 616
# hoge
# min_loss : 149  estimate[83] = 0
# min_loss : 63  estimate[83] = 1
# min_loss : 51  estimate[83] = 4
84 -5 -5
84 -5 -5
84 -5 -5
84 -5 -5
84 -5 -5
84 -5 -5
84 -5 -5
84 -5 -5
84 -5 -5
84 -5 -5
# ave_measured_val[0][0] = 710
84 -5 5
84 -5 5
84 -5 5
84 -5 5
84 -5 5
84 -5 5
84 -5 5
84 -5 5
84 -5 5
84 -5 5
# ave_measured_val[0][1] = 508
84 5 -5
84 5 -5
84 5 -5
84 5 -5
84 5 -5
84 5 -5
84 5 -5
84 5 -5
84 5 -5
84 5 -5
# ave_measured_val[1][0] = 579
84 5 5
84 5 5
84 5 5
84 5 5
84 5 5
84 5 5
84 5 5
84 5 5
84 5 5
84 5 5
# ave_measured_val[1][1] = 570
# hoge
# min_loss : 373  estimate[84] = 0
# min_loss : 273  estimate[84] = 1
# min_loss : 251  estimate[84] = 30
# min_loss : 233  estimate[84] = 42
# min_loss : 193  estimate[84] = 55
85 -5 -5
85 -5 -5
85 -5 -5
85 -5 -5
85 -5 -5
85 -5 -5
85 -5 -5
85 -5 -5
85 -5 -5
85 -5 -5
# ave_measured_val[0][0] = 726
85 -5 5
85 -5 5
85 -5 5
85 -5 5
85 -5 5
85 -5 5
85 -5 5
85 -5 5
85 -5 5
85 -5 5
# ave_measured_val[0][1] = 796
85 5 -5
85 5 -5
85 5 -5
85 5 -5
85 5 -5
85 5 -5
85 5 -5
85 5 -5
85 5 -5
85 5 -5
# ave_measured_val[1][0] = 574
85 5 5
85 5 5
85 5 5
85 5 5
85 5 5
85 5 5
85 5 5
85 5 5
85 5 5
85 5 5
# ave_measured_val[1][1] = 580
# hoge
# min_loss : 408  estimate[85] = 0
# min_loss : 208  estimate[85] = 1
# min_loss : 176  estimate[85] = 25
# min_loss : 168  estimate[85] = 29
86 -5 -5
86 -5 -5
86 -5 -5
86 -5 -5
86 -5 -5
86 -5 -5
86 -5 -5
86 -5 -5
86 -5 -5
86 -5 -5
# ave_measured_val[0][0] = 594
86 -5 5
86 -5 5
86 -5 5
86 -5 5
86 -5 5
86 -5 5
86 -5 5
86 -5 5
86 -5 5
86 -5 5
# ave_measured_val[0][1] = 636
86 5 -5
86 5 -5
86 5 -5
86 5 -5
86 5 -5
86 5 -5
86 5 -5
86 5 -5
86 5 -5
86 5 -5
# ave_measured_val[1][0] = 520
86 5 5
86 5 5
86 5 5
86 5 5
86 5 5
86 5 5
86 5 5
86 5 5
86 5 5
86 5 5
# ave_measured_val[1][1] = 605
# hoge
# min_loss : 185  estimate[86] = 0
# min_loss : 125  estimate[86] = 2
87 -5 -5
87 -5 -5
87 -5 -5
87 -5 -5
87 -5 -5
87 -5 -5
87 -5 -5
87 -5 -5
87 -5 -5
87 -5 -5
# ave_measured_val[0][0] = 810
87 -5 5
87 -5 5
87 -5 5
87 -5 5
87 -5 5
87 -5 5
87 -5 5
87 -5 5
87 -5 5
87 -5 5
# ave_measured_val[0][1] = 630
87 5 -5
87 5 -5
87 5 -5
87 5 -5
87 5 -5
87 5 -5
87 5 -5
87 5 -5
87 5 -5
87 5 -5
# ave_measured_val[1][0] = 680
87 5 5
87 5 5
87 5 5
87 5 5
87 5 5
87 5 5
87 5 5
87 5 5
87 5 5
87 5 5
# ave_measured_val[1][1] = 741
# hoge
# min_loss : 341  estimate[87] = 0
# min_loss : 321  estimate[87] = 7
# min_loss : 281  estimate[87] = 23
# min_loss : 261  estimate[87] = 37
88 -5 -5
88 -5 -5
88 -5 -5
88 -5 -5
88 -5 -5
88 -5 -5
88 -5 -5
88 -5 -5
88 -5 -5
88 -5 -5
# ave_measured_val[0][0] = 642
88 -5 5
88 -5 5
88 -5 5
88 -5 5
88 -5 5
88 -5 5
88 -5 5
88 -5 5
88 -5 5
88 -5 5
# ave_measured_val[0][1] = 616
88 5 -5
88 5 -5
88 5 -5
88 5 -5
88 5 -5
88 5 -5
88 5 -5
88 5 -5
88 5 -5
88 5 -5
# ave_measured_val[1][0] = 655
88 5 5
88 5 5
88 5 5
88 5 5
88 5 5
88 5 5
88 5 5
88 5 5
88 5 5
88 5 5
# ave_measured_val[1][1] = 613
# hoge
# min_loss : 128  estimate[88] = 0
# min_loss : 124  estimate[88] = 31
# min_loss : 68  estimate[88] = 32
# min_loss : 52  estimate[88] = 47
# min_loss : 32  estimate[88] = 75
-1 -1 -1
0
50
14
28
37
9
0
70
49
30
15
66
59
32
58
83
16
11
66
65
29
15
6
63
7
3
65
31
23
30
38
28
84
26
2
13
14
2
84
6
9
43
12
31
33
39
38
6
81
5
50
0
53
70
9
56
6
15
59
64
5
66
35
2
10
50
1
38
43
0
63
1
2
43
64
35
0
53
39
15
6
0
48
4
55
29
2
37
75
