570 580 590 600 610 620 630 640 650 660 650 640 630 620 610 600 590 580 570 560
580 590 600 610 620 630 640 650 660 670 660 650 640 630 620 610 600 590 580 570
590 600 610 620 630 640 650 660 670 680 670 660 650 640 630 620 610 600 590 580
600 610 620 630 640 650 660 670 680 690 680 670 660 650 640 630 620 610 600 590
610 620 630 640 650 660 670 680 690 700 690 680 670 660 650 640 630 620 610 600
620 630 640 650 660 670 680 690 700 710 700 690 680 670 660 650 640 630 620 610
630 640 650 660 670 680 690 700 710 720 710 700 690 680 670 660 650 640 630 620
640 650 660 670 680 690 700 710 720 730 720 710 700 690 680 670 660 650 640 630
650 660 670 680 690 700 710 720 730 740 730 720 710 700 690 680 670 660 650 640
660 670 680 690 700 710 720 730 740 750 740 730 720 710 700 690 680 670 660 650
650 660 670 680 690 700 710 720 730 740 730 720 710 700 690 680 670 660 650 640
640 650 660 670 680 690 700 710 720 730 720 710 700 690 680 670 660 650 640 630
630 640 650 660 670 680 690 700 710 720 710 700 690 680 670 660 650 640 630 620
620 630 640 650 660 670 680 690 700 710 700 690 680 670 660 650 640 630 620 610
610 620 630 640 650 660 670 680 690 700 690 680 670 660 650 640 630 620 610 600
600 610 620 630 640 650 660 670 680 690 680 670 660 650 640 630 620 610 600 590
590 600 610 620 630 640 650 660 670 680 670 660 650 640 630 620 610 600 590 580
580 590 600 610 620 630 640 650 660 670 660 650 640 630 620 610 600 590 580 570
570 580 590 600 610 620 630 640 650 660 650 640 630 620 610 600 590 580 570 560
560 570 580 590 600 610 620 630 640 650 640 630 620 610 600 590 580 570 560 550
0 -5 -5
0 -5 -5
0 -5 -5
0 -5 -5
0 -5 -5
0 -5 -5
0 -5 -5
0 -5 -5
0 -5 -5
0 -5 -5
# ave_measured_val[0][0] = 675
0 -5 5
0 -5 5
0 -5 5
0 -5 5
0 -5 5
0 -5 5
0 -5 5
0 -5 5
0 -5 5
0 -5 5
# ave_measured_val[0][1] = 645
0 5 -5
0 5 -5
0 5 -5
0 5 -5
0 5 -5
0 5 -5
0 5 -5
0 5 -5
0 5 -5
0 5 -5
# ave_measured_val[1][0] = 629
0 5 5
0 5 5
0 5 5
0 5 5
0 5 5
0 5 5
0 5 5
0 5 5
0 5 5
0 5 5
# ave_measured_val[1][1] = 636
# hoge
# min_loss : 135  estimate[0] = 0
# min_loss : 105  estimate[0] = 1
# min_loss : 85  estimate[0] = 3
# min_loss : 65  estimate[0] = 30
# min_loss : 45  estimate[0] = 31
1 -5 -5
1 -5 -5
1 -5 -5
1 -5 -5
1 -5 -5
1 -5 -5
1 -5 -5
1 -5 -5
1 -5 -5
1 -5 -5
# ave_measured_val[0][0] = 679
1 -5 5
1 -5 5
1 -5 5
1 -5 5
1 -5 5
1 -5 5
1 -5 5
1 -5 5
1 -5 5
1 -5 5
# ave_measured_val[0][1] = 709
1 5 -5
1 5 -5
1 5 -5
1 5 -5
1 5 -5
1 5 -5
1 5 -5
1 5 -5
1 5 -5
1 5 -5
# ave_measured_val[1][0] = 634
1 5 5
1 5 5
1 5 5
1 5 5
1 5 5
1 5 5
1 5 5
1 5 5
1 5 5
1 5 5
# ave_measured_val[1][1] = 625
# hoge
# min_loss : 209  estimate[1] = 0
# min_loss : 49  estimate[1] = 1
2 -5 -5
2 -5 -5
2 -5 -5
2 -5 -5
2 -5 -5
2 -5 -5
2 -5 -5
2 -5 -5
2 -5 -5
2 -5 -5
# ave_measured_val[0][0] = 682
2 -5 5
2 -5 5
2 -5 5
2 -5 5
2 -5 5
2 -5 5
2 -5 5
2 -5 5
2 -5 5
2 -5 5
# ave_measured_val[0][1] = 577
2 5 -5
2 5 -5
2 5 -5
2 5 -5
2 5 -5
2 5 -5
2 5 -5
2 5 -5
2 5 -5
2 5 -5
# ave_measured_val[1][0] = 704
2 5 5
2 5 5
2 5 5
2 5 5
2 5 5
2 5 5
2 5 5
2 5 5
2 5 5
2 5 5
# ave_measured_val[1][1] = 632
# hoge
# min_loss : 217  estimate[2] = 0
# min_loss : 177  estimate[2] = 28
# min_loss : 137  estimate[2] = 33
# min_loss : 61  estimate[2] = 37
# min_loss : 41  estimate[2] = 42
# min_loss : 33  estimate[2] = 48
3 -5 -5
3 -5 -5
3 -5 -5
3 -5 -5
3 -5 -5
3 -5 -5
3 -5 -5
3 -5 -5
3 -5 -5
3 -5 -5
# ave_measured_val[0][0] = 638
3 -5 5
3 -5 5
3 -5 5
3 -5 5
3 -5 5
3 -5 5
3 -5 5
3 -5 5
3 -5 5
3 -5 5
# ave_measured_val[0][1] = 715
3 5 -5
3 5 -5
3 5 -5
3 5 -5
3 5 -5
3 5 -5
3 5 -5
3 5 -5
3 5 -5
3 5 -5
# ave_measured_val[1][0] = 574
3 5 5
3 5 5
3 5 5
3 5 5
3 5 5
3 5 5
3 5 5
3 5 5
3 5 5
3 5 5
# ave_measured_val[1][1] = 673
# hoge
# min_loss : 186  estimate[3] = 0
# min_loss : 136  estimate[3] = 1
# min_loss : 112  estimate[3] = 5
# min_loss : 96  estimate[3] = 6
# min_loss : 26  estimate[3] = 15
4 -5 -5
4 -5 -5
4 -5 -5
4 -5 -5
4 -5 -5
4 -5 -5
4 -5 -5
4 -5 -5
4 -5 -5
4 -5 -5
# ave_measured_val[0][0] = 690
4 -5 5
4 -5 5
4 -5 5
4 -5 5
4 -5 5
4 -5 5
4 -5 5
4 -5 5
4 -5 5
4 -5 5
# ave_measured_val[0][1] = 709
4 5 -5
4 5 -5
4 5 -5
4 5 -5
4 5 -5
4 5 -5
4 5 -5
4 5 -5
4 5 -5
4 5 -5
# ave_measured_val[1][0] = 580
4 5 5
4 5 5
4 5 5
4 5 5
4 5 5
4 5 5
4 5 5
4 5 5
4 5 5
4 5 5
# ave_measured_val[1][1] = 609
# hoge
# min_loss : 290  estimate[4] = 0
# min_loss : 50  estimate[4] = 1
# min_loss : 12  estimate[4] = 2
5 -5 -5
5 -5 -5
5 -5 -5
5 -5 -5
5 -5 -5
5 -5 -5
5 -5 -5
5 -5 -5
5 -5 -5
5 -5 -5
# ave_measured_val[0][0] = 589
5 -5 5
5 -5 5
5 -5 5
5 -5 5
5 -5 5
5 -5 5
5 -5 5
5 -5 5
5 -5 5
5 -5 5
# ave_measured_val[0][1] = 643
5 5 -5
5 5 -5
5 5 -5
5 5 -5
5 5 -5
5 5 -5
5 5 -5
5 5 -5
5 5 -5
5 5 -5
# ave_measured_val[1][0] = 652
5 5 5
5 5 5
5 5 5
5 5 5
5 5 5
5 5 5
5 5 5
5 5 5
5 5 5
5 5 5
# ave_measured_val[1][1] = 708
# hoge
# min_loss : 70  estimate[5] = 0
# min_loss : 30  estimate[5] = 4
# min_loss : 12  estimate[5] = 22
6 -5 -5
6 -5 -5
6 -5 -5
6 -5 -5
6 -5 -5
6 -5 -5
6 -5 -5
6 -5 -5
6 -5 -5
6 -5 -5
# ave_measured_val[0][0] = 613
6 -5 5
6 -5 5
6 -5 5
6 -5 5
6 -5 5
6 -5 5
6 -5 5
6 -5 5
6 -5 5
6 -5 5
# ave_measured_val[0][1] = 630
6 5 -5
6 5 -5
6 5 -5
6 5 -5
6 5 -5
6 5 -5
6 5 -5
6 5 -5
6 5 -5
6 5 -5
# ave_measured_val[1][0] = 683
6 5 5
6 5 5
6 5 5
6 5 5
6 5 5
6 5 5
6 5 5
6 5 5
6 5 5
6 5 5
# ave_measured_val[1][1] = 679
# hoge
# min_loss : 41  estimate[6] = 0
7 -5 -5
7 -5 -5
7 -5 -5
7 -5 -5
7 -5 -5
7 -5 -5
7 -5 -5
7 -5 -5
7 -5 -5
7 -5 -5
# ave_measured_val[0][0] = 664
7 -5 5
7 -5 5
7 -5 5
7 -5 5
7 -5 5
7 -5 5
7 -5 5
7 -5 5
7 -5 5
7 -5 5
# ave_measured_val[0][1] = 756
7 5 -5
7 5 -5
7 5 -5
7 5 -5
7 5 -5
7 5 -5
7 5 -5
7 5 -5
7 5 -5
7 5 -5
# ave_measured_val[1][0] = 541
7 5 5
7 5 5
7 5 5
7 5 5
7 5 5
7 5 5
7 5 5
7 5 5
7 5 5
7 5 5
# ave_measured_val[1][1] = 660
# hoge
# min_loss : 299  estimate[7] = 0
# min_loss : 171  estimate[7] = 1
# min_loss : 159  estimate[7] = 6
# min_loss : 131  estimate[7] = 7
# min_loss : 99  estimate[7] = 15
8 -5 -5
8 -5 -5
8 -5 -5
8 -5 -5
8 -5 -5
8 -5 -5
8 -5 -5
8 -5 -5
8 -5 -5
8 -5 -5
# ave_measured_val[0][0] = 565
8 -5 5
8 -5 5
8 -5 5
8 -5 5
8 -5 5
8 -5 5
8 -5 5
8 -5 5
8 -5 5
8 -5 5
# ave_measured_val[0][1] = 656
8 5 -5
8 5 -5
8 5 -5
8 5 -5
8 5 -5
8 5 -5
8 5 -5
8 5 -5
8 5 -5
8 5 -5
# ave_measured_val[1][0] = 646
8 5 5
8 5 5
8 5 5
8 5 5
8 5 5
8 5 5
8 5 5
8 5 5
8 5 5
8 5 5
# ave_measured_val[1][1] = 737
# hoge
# min_loss : 142  estimate[8] = 0
# min_loss : 102  estimate[8] = 4
# min_loss : 62  estimate[8] = 11
# min_loss : 22  estimate[8] = 13
9 -5 -5
9 -5 -5
9 -5 -5
9 -5 -5
9 -5 -5
9 -5 -5
9 -5 -5
9 -5 -5
9 -5 -5
9 -5 -5
# ave_measured_val[0][0] = 590
9 -5 5
9 -5 5
9 -5 5
9 -5 5
9 -5 5
9 -5 5
9 -5 5
9 -5 5
9 -5 5
9 -5 5
# ave_measured_val[0][1] = 604
9 5 -5
9 5 -5
9 5 -5
9 5 -5
9 5 -5
9 5 -5
9 5 -5
9 5 -5
9 5 -5
9 5 -5
# ave_measured_val[1][0] = 670
9 5 5
9 5 5
9 5 5
9 5 5
9 5 5
9 5 5
9 5 5
9 5 5
9 5 5
9 5 5
# ave_measured_val[1][1] = 706
# hoge
# min_loss : 102  estimate[9] = 0
# min_loss : 62  estimate[9] = 4
10 -5 -5
10 -5 -5
10 -5 -5
10 -5 -5
10 -5 -5
10 -5 -5
10 -5 -5
10 -5 -5
10 -5 -5
10 -5 -5
# ave_measured_val[0][0] = 734
10 -5 5
10 -5 5
10 -5 5
10 -5 5
10 -5 5
10 -5 5
10 -5 5
10 -5 5
10 -5 5
10 -5 5
# ave_measured_val[0][1] = 662
10 5 -5
10 5 -5
10 5 -5
10 5 -5
10 5 -5
10 5 -5
10 5 -5
10 5 -5
10 5 -5
10 5 -5
# ave_measured_val[1][0] = 637
10 5 5
10 5 5
10 5 5
10 5 5
10 5 5
10 5 5
10 5 5
10 5 5
10 5 5
10 5 5
# ave_measured_val[1][1] = 569
# hoge
# min_loss : 270  estimate[10] = 0
# min_loss : 180  estimate[10] = 1
# min_loss : 150  estimate[10] = 31
# min_loss : 140  estimate[10] = 32
# min_loss : 110  estimate[10] = 35
# min_loss : 30  estimate[10] = 39
# min_loss : 20  estimate[10] = 44
11 -5 -5
11 -5 -5
11 -5 -5
11 -5 -5
11 -5 -5
11 -5 -5
11 -5 -5
11 -5 -5
11 -5 -5
11 -5 -5
# ave_measured_val[0][0] = 641
11 -5 5
11 -5 5
11 -5 5
11 -5 5
11 -5 5
11 -5 5
11 -5 5
11 -5 5
11 -5 5
11 -5 5
# ave_measured_val[0][1] = 669
11 5 -5
11 5 -5
11 5 -5
11 5 -5
11 5 -5
11 5 -5
11 5 -5
11 5 -5
11 5 -5
11 5 -5
# ave_measured_val[1][0] = 644
11 5 5
11 5 5
11 5 5
11 5 5
11 5 5
11 5 5
11 5 5
11 5 5
11 5 5
11 5 5
# ave_measured_val[1][1] = 659
# hoge
# min_loss : 87  estimate[11] = 0
# min_loss : 15  estimate[11] = 3
12 -5 -5
12 -5 -5
12 -5 -5
12 -5 -5
12 -5 -5
12 -5 -5
12 -5 -5
12 -5 -5
12 -5 -5
12 -5 -5
# ave_measured_val[0][0] = 691
12 -5 5
12 -5 5
12 -5 5
12 -5 5
12 -5 5
12 -5 5
12 -5 5
12 -5 5
12 -5 5
12 -5 5
# ave_measured_val[0][1] = 702
12 5 -5
12 5 -5
12 5 -5
12 5 -5
12 5 -5
12 5 -5
12 5 -5
12 5 -5
12 5 -5
12 5 -5
# ave_measured_val[1][0] = 571
12 5 5
12 5 5
12 5 5
12 5 5
12 5 5
12 5 5
12 5 5
12 5 5
12 5 5
12 5 5
# ave_measured_val[1][1] = 603
# hoge
# min_loss : 299  estimate[12] = 0
# min_loss : 59  estimate[12] = 1
# min_loss : 35  estimate[12] = 2
13 -5 -5
13 -5 -5
13 -5 -5
13 -5 -5
13 -5 -5
13 -5 -5
13 -5 -5
13 -5 -5
13 -5 -5
13 -5 -5
# ave_measured_val[0][0] = 705
13 -5 5
13 -5 5
13 -5 5
13 -5 5
13 -5 5
13 -5 5
13 -5 5
13 -5 5
13 -5 5
13 -5 5
# ave_measured_val[0][1] = 666
13 5 -5
13 5 -5
13 5 -5
13 5 -5
13 5 -5
13 5 -5
13 5 -5
13 5 -5
13 5 -5
13 5 -5
# ave_measured_val[1][0] = 627
13 5 5
13 5 5
13 5 5
13 5 5
13 5 5
13 5 5
13 5 5
13 5 5
13 5 5
13 5 5
# ave_measured_val[1][1] = 561
# hoge
# min_loss : 263  estimate[13] = 0
# min_loss : 145  estimate[13] = 1
# min_loss : 143  estimate[13] = 31
# min_loss : 105  estimate[13] = 32
# min_loss : 103  estimate[13] = 35
# min_loss : 53  estimate[13] = 39
14 -5 -5
14 -5 -5
14 -5 -5
14 -5 -5
14 -5 -5
14 -5 -5
14 -5 -5
14 -5 -5
14 -5 -5
14 -5 -5
# ave_measured_val[0][0] = 584
14 -5 5
14 -5 5
14 -5 5
14 -5 5
14 -5 5
14 -5 5
14 -5 5
14 -5 5
14 -5 5
14 -5 5
# ave_measured_val[0][1] = 663
14 5 -5
14 5 -5
14 5 -5
14 5 -5
14 5 -5
14 5 -5
14 5 -5
14 5 -5
14 5 -5
14 5 -5
# ave_measured_val[1][0] = 630
14 5 5
14 5 5
14 5 5
14 5 5
14 5 5
14 5 5
14 5 5
14 5 5
14 5 5
14 5 5
# ave_measured_val[1][1] = 722
# hoge
# min_loss : 131  estimate[14] = 0
# min_loss : 91  estimate[14] = 4
# min_loss : 65  estimate[14] = 10
# min_loss : 59  estimate[14] = 11
# min_loss : 55  estimate[14] = 13
# min_loss : 33  estimate[14] = 17
# min_loss : 25  estimate[14] = 19
15 -5 -5
15 -5 -5
15 -5 -5
15 -5 -5
15 -5 -5
15 -5 -5
15 -5 -5
15 -5 -5
15 -5 -5
15 -5 -5
# ave_measured_val[0][0] = 649
15 -5 5
15 -5 5
15 -5 5
15 -5 5
15 -5 5
15 -5 5
15 -5 5
15 -5 5
15 -5 5
15 -5 5
# ave_measured_val[0][1] = 653
15 5 -5
15 5 -5
15 5 -5
15 5 -5
15 5 -5
15 5 -5
15 5 -5
15 5 -5
15 5 -5
15 5 -5
# ave_measured_val[1][0] = 646
15 5 5
15 5 5
15 5 5
15 5 5
15 5 5
15 5 5
15 5 5
15 5 5
15 5 5
15 5 5
# ave_measured_val[1][1] = 661
# hoge
# min_loss : 75  estimate[15] = 0
# min_loss : 23  estimate[15] = 3
# min_loss : 19  estimate[15] = 30
16 -5 -5
16 -5 -5
16 -5 -5
16 -5 -5
16 -5 -5
16 -5 -5
16 -5 -5
16 -5 -5
16 -5 -5
16 -5 -5
# ave_measured_val[0][0] = 654
16 -5 5
16 -5 5
16 -5 5
16 -5 5
16 -5 5
16 -5 5
16 -5 5
16 -5 5
16 -5 5
16 -5 5
# ave_measured_val[0][1] = 723
16 5 -5
16 5 -5
16 5 -5
16 5 -5
16 5 -5
16 5 -5
16 5 -5
16 5 -5
16 5 -5
16 5 -5
# ave_measured_val[1][0] = 601
16 5 5
16 5 5
16 5 5
16 5 5
16 5 5
16 5 5
16 5 5
16 5 5
16 5 5
16 5 5
# ave_measured_val[1][1] = 661
# hoge
# min_loss : 195  estimate[16] = 0
# min_loss : 91  estimate[16] = 1
# min_loss : 57  estimate[16] = 6
# min_loss : 39  estimate[16] = 15
17 -5 -5
17 -5 -5
17 -5 -5
17 -5 -5
17 -5 -5
17 -5 -5
17 -5 -5
17 -5 -5
17 -5 -5
17 -5 -5
# ave_measured_val[0][0] = 681
17 -5 5
17 -5 5
17 -5 5
17 -5 5
17 -5 5
17 -5 5
17 -5 5
17 -5 5
17 -5 5
17 -5 5
# ave_measured_val[0][1] = 615
17 5 -5
17 5 -5
17 5 -5
17 5 -5
17 5 -5
17 5 -5
17 5 -5
17 5 -5
17 5 -5
17 5 -5
# ave_measured_val[1][0] = 684
17 5 5
17 5 5
17 5 5
17 5 5
17 5 5
17 5 5
17 5 5
17 5 5
17 5 5
17 5 5
# ave_measured_val[1][1] = 642
# hoge
# min_loss : 148  estimate[17] = 0
# min_loss : 108  estimate[17] = 28
# min_loss : 68  estimate[17] = 34
# min_loss : 34  estimate[17] = 37
18 -5 -5
18 -5 -5
18 -5 -5
18 -5 -5
18 -5 -5
18 -5 -5
18 -5 -5
18 -5 -5
18 -5 -5
18 -5 -5
# ave_measured_val[0][0] = 578
18 -5 5
18 -5 5
18 -5 5
18 -5 5
18 -5 5
18 -5 5
18 -5 5
18 -5 5
18 -5 5
18 -5 5
# ave_measured_val[0][1] = 633
18 5 -5
18 5 -5
18 5 -5
18 5 -5
18 5 -5
18 5 -5
18 5 -5
18 5 -5
18 5 -5
18 5 -5
# ave_measured_val[1][0] = 630
18 5 5
18 5 5
18 5 5
18 5 5
18 5 5
18 5 5
18 5 5
18 5 5
18 5 5
18 5 5
# ave_measured_val[1][1] = 732
# hoge
# min_loss : 131  estimate[18] = 0
# min_loss : 91  estimate[18] = 4
# min_loss : 51  estimate[18] = 11
# min_loss : 47  estimate[18] = 13
19 -5 -5
19 -5 -5
19 -5 -5
19 -5 -5
19 -5 -5
19 -5 -5
19 -5 -5
19 -5 -5
19 -5 -5
19 -5 -5
# ave_measured_val[0][0] = 683
19 -5 5
19 -5 5
19 -5 5
19 -5 5
19 -5 5
19 -5 5
19 -5 5
19 -5 5
19 -5 5
19 -5 5
# ave_measured_val[0][1] = 608
19 5 -5
19 5 -5
19 5 -5
19 5 -5
19 5 -5
19 5 -5
19 5 -5
19 5 -5
19 5 -5
19 5 -5
# ave_measured_val[1][0] = 671
19 5 5
19 5 5
19 5 5
19 5 5
19 5 5
19 5 5
19 5 5
19 5 5
19 5 5
19 5 5
# ave_measured_val[1][1] = 622
# hoge
# min_loss : 164  estimate[19] = 0
# min_loss : 124  estimate[19] = 28
# min_loss : 84  estimate[19] = 34
# min_loss : 42  estimate[19] = 37
20 -5 -5
20 -5 -5
20 -5 -5
20 -5 -5
20 -5 -5
20 -5 -5
20 -5 -5
20 -5 -5
20 -5 -5
20 -5 -5
# ave_measured_val[0][0] = 643
20 -5 5
20 -5 5
20 -5 5
20 -5 5
20 -5 5
20 -5 5
20 -5 5
20 -5 5
20 -5 5
20 -5 5
# ave_measured_val[0][1] = 667
20 5 -5
20 5 -5
20 5 -5
20 5 -5
20 5 -5
20 5 -5
20 5 -5
20 5 -5
20 5 -5
20 5 -5
# ave_measured_val[1][0] = 626
20 5 5
20 5 5
20 5 5
20 5 5
20 5 5
20 5 5
20 5 5
20 5 5
20 5 5
20 5 5
# ave_measured_val[1][1] = 656
# hoge
# min_loss : 108  estimate[20] = 0
# min_loss : 28  estimate[20] = 3
21 -5 -5
21 -5 -5
21 -5 -5
21 -5 -5
21 -5 -5
21 -5 -5
21 -5 -5
21 -5 -5
21 -5 -5
21 -5 -5
# ave_measured_val[0][0] = 583
21 -5 5
21 -5 5
21 -5 5
21 -5 5
21 -5 5
21 -5 5
21 -5 5
21 -5 5
21 -5 5
21 -5 5
# ave_measured_val[0][1] = 627
21 5 -5
21 5 -5
21 5 -5
21 5 -5
21 5 -5
21 5 -5
21 5 -5
21 5 -5
21 5 -5
21 5 -5
# ave_measured_val[1][0] = 648
21 5 5
21 5 5
21 5 5
21 5 5
21 5 5
21 5 5
21 5 5
21 5 5
21 5 5
21 5 5
# ave_measured_val[1][1] = 707
# hoge
# min_loss : 89  estimate[21] = 0
# min_loss : 49  estimate[21] = 4
# min_loss : 41  estimate[21] = 11
# min_loss : 35  estimate[21] = 22
22 -5 -5
22 -5 -5
22 -5 -5
22 -5 -5
22 -5 -5
22 -5 -5
22 -5 -5
22 -5 -5
22 -5 -5
22 -5 -5
# ave_measured_val[0][0] = 578
22 -5 5
22 -5 5
22 -5 5
22 -5 5
22 -5 5
22 -5 5
22 -5 5
22 -5 5
22 -5 5
22 -5 5
# ave_measured_val[0][1] = 610
22 5 -5
22 5 -5
22 5 -5
22 5 -5
22 5 -5
22 5 -5
22 5 -5
22 5 -5
22 5 -5
22 5 -5
# ave_measured_val[1][0] = 698
22 5 5
22 5 5
22 5 5
22 5 5
22 5 5
22 5 5
22 5 5
22 5 5
22 5 5
22 5 5
# ave_measured_val[1][1] = 709
# hoge
# min_loss : 139  estimate[22] = 0
# min_loss : 99  estimate[22] = 4
# min_loss : 81  estimate[22] = 11
23 -5 -5
23 -5 -5
23 -5 -5
23 -5 -5
23 -5 -5
23 -5 -5
23 -5 -5
23 -5 -5
23 -5 -5
23 -5 -5
# ave_measured_val[0][0] = 644
23 -5 5
23 -5 5
23 -5 5
23 -5 5
23 -5 5
23 -5 5
23 -5 5
23 -5 5
23 -5 5
23 -5 5
# ave_measured_val[0][1] = 613
23 5 -5
23 5 -5
23 5 -5
23 5 -5
23 5 -5
23 5 -5
23 5 -5
23 5 -5
23 5 -5
23 5 -5
# ave_measured_val[1][0] = 707
23 5 5
23 5 5
23 5 5
23 5 5
23 5 5
23 5 5
23 5 5
23 5 5
23 5 5
23 5 5
# ave_measured_val[1][1] = 648
# hoge
# min_loss : 130  estimate[23] = 0
# min_loss : 90  estimate[23] = 28
# min_loss : 76  estimate[23] = 33
# min_loss : 62  estimate[23] = 34
# min_loss : 34  estimate[23] = 55
24 -5 -5
24 -5 -5
24 -5 -5
24 -5 -5
24 -5 -5
24 -5 -5
24 -5 -5
24 -5 -5
24 -5 -5
24 -5 -5
# ave_measured_val[0][0] = 620
24 -5 5
24 -5 5
24 -5 5
24 -5 5
24 -5 5
24 -5 5
24 -5 5
24 -5 5
24 -5 5
24 -5 5
# ave_measured_val[0][1] = 660
24 5 -5
24 5 -5
24 5 -5
24 5 -5
24 5 -5
24 5 -5
24 5 -5
24 5 -5
24 5 -5
24 5 -5
# ave_measured_val[1][0] = 650
24 5 5
24 5 5
24 5 5
24 5 5
24 5 5
24 5 5
24 5 5
24 5 5
24 5 5
24 5 5
# ave_measured_val[1][1] = 701
# hoge
# min_loss : 51  estimate[24] = 0
# min_loss : 49  estimate[24] = 22
# min_loss : 31  estimate[24] = 25
25 -5 -5
25 -5 -5
25 -5 -5
25 -5 -5
25 -5 -5
25 -5 -5
25 -5 -5
25 -5 -5
25 -5 -5
25 -5 -5
# ave_measured_val[0][0] = 575
25 -5 5
25 -5 5
25 -5 5
25 -5 5
25 -5 5
25 -5 5
25 -5 5
25 -5 5
25 -5 5
25 -5 5
# ave_measured_val[0][1] = 662
25 5 -5
25 5 -5
25 5 -5
25 5 -5
25 5 -5
25 5 -5
25 5 -5
25 5 -5
25 5 -5
25 5 -5
# ave_measured_val[1][0] = 642
25 5 5
25 5 5
25 5 5
25 5 5
25 5 5
25 5 5
25 5 5
25 5 5
25 5 5
25 5 5
# ave_measured_val[1][1] = 701
# hoge
# min_loss : 106  estimate[25] = 0
# min_loss : 66  estimate[25] = 4
# min_loss : 64  estimate[25] = 11
# min_loss : 54  estimate[25] = 13
# min_loss : 44  estimate[25] = 19
26 -5 -5
26 -5 -5
26 -5 -5
26 -5 -5
26 -5 -5
26 -5 -5
26 -5 -5
26 -5 -5
26 -5 -5
26 -5 -5
# ave_measured_val[0][0] = 700
26 -5 5
26 -5 5
26 -5 5
26 -5 5
26 -5 5
26 -5 5
26 -5 5
26 -5 5
26 -5 5
26 -5 5
# ave_measured_val[0][1] = 615
26 5 -5
26 5 -5
26 5 -5
26 5 -5
26 5 -5
26 5 -5
26 5 -5
26 5 -5
26 5 -5
26 5 -5
# ave_measured_val[1][0] = 675
26 5 5
26 5 5
26 5 5
26 5 5
26 5 5
26 5 5
26 5 5
26 5 5
26 5 5
26 5 5
# ave_measured_val[1][1] = 568
# hoge
# min_loss : 232  estimate[26] = 0
# min_loss : 192  estimate[26] = 28
# min_loss : 152  estimate[26] = 34
# min_loss : 112  estimate[26] = 37
# min_loss : 72  estimate[26] = 38
# min_loss : 52  estimate[26] = 50
27 -5 -5
27 -5 -5
27 -5 -5
27 -5 -5
27 -5 -5
27 -5 -5
27 -5 -5
27 -5 -5
27 -5 -5
27 -5 -5
# ave_measured_val[0][0] = 655
27 -5 5
27 -5 5
27 -5 5
27 -5 5
27 -5 5
27 -5 5
27 -5 5
27 -5 5
27 -5 5
27 -5 5
# ave_measured_val[0][1] = 640
27 5 -5
27 5 -5
27 5 -5
27 5 -5
27 5 -5
27 5 -5
27 5 -5
27 5 -5
27 5 -5
27 5 -5
# ave_measured_val[1][0] = 634
27 5 5
27 5 5
27 5 5
27 5 5
27 5 5
27 5 5
27 5 5
27 5 5
27 5 5
27 5 5
# ave_measured_val[1][1] = 651
# hoge
# min_loss : 90  estimate[27] = 0
# min_loss : 50  estimate[27] = 3
# min_loss : 32  estimate[27] = 30
28 -5 -5
28 -5 -5
28 -5 -5
28 -5 -5
28 -5 -5
28 -5 -5
28 -5 -5
28 -5 -5
28 -5 -5
28 -5 -5
# ave_measured_val[0][0] = 651
28 -5 5
28 -5 5
28 -5 5
28 -5 5
28 -5 5
28 -5 5
28 -5 5
28 -5 5
28 -5 5
28 -5 5
# ave_measured_val[0][1] = 593
28 5 -5
28 5 -5
28 5 -5
28 5 -5
28 5 -5
28 5 -5
28 5 -5
28 5 -5
28 5 -5
28 5 -5
# ave_measured_val[1][0] = 708
28 5 5
28 5 5
28 5 5
28 5 5
28 5 5
28 5 5
28 5 5
28 5 5
28 5 5
28 5 5
# ave_measured_val[1][1] = 636
# hoge
# min_loss : 170  estimate[28] = 0
# min_loss : 130  estimate[28] = 28
# min_loss : 90  estimate[28] = 33
# min_loss : 60  estimate[28] = 37
# min_loss : 20  estimate[28] = 55
29 -5 -5
29 -5 -5
29 -5 -5
29 -5 -5
29 -5 -5
29 -5 -5
29 -5 -5
29 -5 -5
29 -5 -5
29 -5 -5
# ave_measured_val[0][0] = 671
29 -5 5
29 -5 5
29 -5 5
29 -5 5
29 -5 5
29 -5 5
29 -5 5
29 -5 5
29 -5 5
29 -5 5
# ave_measured_val[0][1] = 631
29 5 -5
29 5 -5
29 5 -5
29 5 -5
29 5 -5
29 5 -5
29 5 -5
29 5 -5
29 5 -5
29 5 -5
# ave_measured_val[1][0] = 662
29 5 5
29 5 5
29 5 5
29 5 5
29 5 5
29 5 5
29 5 5
29 5 5
29 5 5
29 5 5
# ave_measured_val[1][1] = 604
# hoge
# min_loss : 138  estimate[29] = 0
# min_loss : 98  estimate[29] = 28
# min_loss : 76  estimate[29] = 34
# min_loss : 58  estimate[29] = 36
# min_loss : 34  estimate[29] = 38
30 -5 -5
30 -5 -5
30 -5 -5
30 -5 -5
30 -5 -5
30 -5 -5
30 -5 -5
30 -5 -5
30 -5 -5
30 -5 -5
# ave_measured_val[0][0] = 678
30 -5 5
30 -5 5
30 -5 5
30 -5 5
30 -5 5
30 -5 5
30 -5 5
30 -5 5
30 -5 5
30 -5 5
# ave_measured_val[0][1] = 695
30 5 -5
30 5 -5
30 5 -5
30 5 -5
30 5 -5
30 5 -5
30 5 -5
30 5 -5
30 5 -5
30 5 -5
# ave_measured_val[1][0] = 630
30 5 5
30 5 5
30 5 5
30 5 5
30 5 5
30 5 5
30 5 5
30 5 5
30 5 5
30 5 5
# ave_measured_val[1][1] = 613
# hoge
# min_loss : 210  estimate[30] = 0
# min_loss : 44  estimate[30] = 1
# min_loss : 34  estimate[30] = 32
31 -5 -5
31 -5 -5
31 -5 -5
31 -5 -5
31 -5 -5
31 -5 -5
31 -5 -5
31 -5 -5
31 -5 -5
31 -5 -5
# ave_measured_val[0][0] = 643
31 -5 5
31 -5 5
31 -5 5
31 -5 5
31 -5 5
31 -5 5
31 -5 5
31 -5 5
31 -5 5
31 -5 5
# ave_measured_val[0][1] = 663
31 5 -5
31 5 -5
31 5 -5
31 5 -5
31 5 -5
31 5 -5
31 5 -5
31 5 -5
31 5 -5
31 5 -5
# ave_measured_val[1][0] = 638
31 5 5
31 5 5
31 5 5
31 5 5
31 5 5
31 5 5
31 5 5
31 5 5
31 5 5
31 5 5
# ave_measured_val[1][1] = 646
# hoge
# min_loss : 102  estimate[31] = 0
# min_loss : 22  estimate[31] = 3
32 -5 -5
32 -5 -5
32 -5 -5
32 -5 -5
32 -5 -5
32 -5 -5
32 -5 -5
32 -5 -5
32 -5 -5
32 -5 -5
# ave_measured_val[0][0] = 705
32 -5 5
32 -5 5
32 -5 5
32 -5 5
32 -5 5
32 -5 5
32 -5 5
32 -5 5
32 -5 5
32 -5 5
# ave_measured_val[0][1] = 579
32 5 -5
32 5 -5
32 5 -5
32 5 -5
32 5 -5
32 5 -5
32 5 -5
32 5 -5
32 5 -5
32 5 -5
# ave_measured_val[1][0] = 704
32 5 5
32 5 5
32 5 5
32 5 5
32 5 5
32 5 5
32 5 5
32 5 5
32 5 5
32 5 5
# ave_measured_val[1][1] = 610
# hoge
# min_loss : 260  estimate[32] = 0
# min_loss : 220  estimate[32] = 28
# min_loss : 180  estimate[32] = 33
# min_loss : 100  estimate[32] = 37
# min_loss : 60  estimate[32] = 42
# min_loss : 32  estimate[32] = 45
33 -5 -5
33 -5 -5
33 -5 -5
33 -5 -5
33 -5 -5
33 -5 -5
33 -5 -5
33 -5 -5
33 -5 -5
33 -5 -5
# ave_measured_val[0][0] = 629
33 -5 5
33 -5 5
33 -5 5
33 -5 5
33 -5 5
33 -5 5
33 -5 5
33 -5 5
33 -5 5
33 -5 5
# ave_measured_val[0][1] = 628
33 5 -5
33 5 -5
33 5 -5
33 5 -5
33 5 -5
33 5 -5
33 5 -5
33 5 -5
33 5 -5
33 5 -5
# ave_measured_val[1][0] = 673
33 5 5
33 5 5
33 5 5
33 5 5
33 5 5
33 5 5
33 5 5
33 5 5
33 5 5
33 5 5
# ave_measured_val[1][1] = 661
# hoge
# min_loss : 53  estimate[33] = 0
# min_loss : 37  estimate[33] = 28
34 -5 -5
34 -5 -5
34 -5 -5
34 -5 -5
34 -5 -5
34 -5 -5
34 -5 -5
34 -5 -5
34 -5 -5
34 -5 -5
# ave_measured_val[0][0] = 642
34 -5 5
34 -5 5
34 -5 5
34 -5 5
34 -5 5
34 -5 5
34 -5 5
34 -5 5
34 -5 5
34 -5 5
# ave_measured_val[0][1] = 747
34 5 -5
34 5 -5
34 5 -5
34 5 -5
34 5 -5
34 5 -5
34 5 -5
34 5 -5
34 5 -5
34 5 -5
# ave_measured_val[1][0] = 544
34 5 5
34 5 5
34 5 5
34 5 5
34 5 5
34 5 5
34 5 5
34 5 5
34 5 5
34 5 5
# ave_measured_val[1][1] = 673
# hoge
# min_loss : 252  estimate[34] = 0
# min_loss : 194  estimate[34] = 1
# min_loss : 178  estimate[34] = 5
# min_loss : 154  estimate[34] = 6
# min_loss : 78  estimate[34] = 15
35 -5 -5
35 -5 -5
35 -5 -5
35 -5 -5
35 -5 -5
35 -5 -5
35 -5 -5
35 -5 -5
35 -5 -5
35 -5 -5
# ave_measured_val[0][0] = 562
35 -5 5
35 -5 5
35 -5 5
35 -5 5
35 -5 5
35 -5 5
35 -5 5
35 -5 5
35 -5 5
35 -5 5
# ave_measured_val[0][1] = 650
35 5 -5
35 5 -5
35 5 -5
35 5 -5
35 5 -5
35 5 -5
35 5 -5
35 5 -5
35 5 -5
35 5 -5
# ave_measured_val[1][0] = 633
35 5 5
35 5 5
35 5 5
35 5 5
35 5 5
35 5 5
35 5 5
35 5 5
35 5 5
35 5 5
# ave_measured_val[1][1] = 717
# hoge
# min_loss : 132  estimate[35] = 0
# min_loss : 92  estimate[35] = 4
# min_loss : 58  estimate[35] = 11
# min_loss : 38  estimate[35] = 13
36 -5 -5
36 -5 -5
36 -5 -5
36 -5 -5
36 -5 -5
36 -5 -5
36 -5 -5
36 -5 -5
36 -5 -5
36 -5 -5
# ave_measured_val[0][0] = 675
36 -5 5
36 -5 5
36 -5 5
36 -5 5
36 -5 5
36 -5 5
36 -5 5
36 -5 5
36 -5 5
36 -5 5
# ave_measured_val[0][1] = 616
36 5 -5
36 5 -5
36 5 -5
36 5 -5
36 5 -5
36 5 -5
36 5 -5
36 5 -5
36 5 -5
36 5 -5
# ave_measured_val[1][0] = 698
36 5 5
36 5 5
36 5 5
36 5 5
36 5 5
36 5 5
36 5 5
36 5 5
36 5 5
36 5 5
# ave_measured_val[1][1] = 608
# hoge
# min_loss : 189  estimate[36] = 0
# min_loss : 149  estimate[36] = 28
# min_loss : 145  estimate[36] = 33
# min_loss : 109  estimate[36] = 34
# min_loss : 41  estimate[36] = 37
# min_loss : 35  estimate[36] = 42
37 -5 -5
37 -5 -5
37 -5 -5
37 -5 -5
37 -5 -5
37 -5 -5
37 -5 -5
37 -5 -5
37 -5 -5
37 -5 -5
# ave_measured_val[0][0] = 653
37 -5 5
37 -5 5
37 -5 5
37 -5 5
37 -5 5
37 -5 5
37 -5 5
37 -5 5
37 -5 5
37 -5 5
# ave_measured_val[0][1] = 690
37 5 -5
37 5 -5
37 5 -5
37 5 -5
37 5 -5
37 5 -5
37 5 -5
37 5 -5
37 5 -5
37 5 -5
# ave_measured_val[1][0] = 563
37 5 5
37 5 5
37 5 5
37 5 5
37 5 5
37 5 5
37 5 5
37 5 5
37 5 5
37 5 5
# ave_measured_val[1][1] = 655
# hoge
# min_loss : 205  estimate[37] = 0
# min_loss : 109  estimate[37] = 1
# min_loss : 55  estimate[37] = 6
38 -5 -5
38 -5 -5
38 -5 -5
38 -5 -5
38 -5 -5
38 -5 -5
38 -5 -5
38 -5 -5
38 -5 -5
38 -5 -5
# ave_measured_val[0][0] = 617
38 -5 5
38 -5 5
38 -5 5
38 -5 5
38 -5 5
38 -5 5
38 -5 5
38 -5 5
38 -5 5
38 -5 5
# ave_measured_val[0][1] = 681
38 5 -5
38 5 -5
38 5 -5
38 5 -5
38 5 -5
38 5 -5
38 5 -5
38 5 -5
38 5 -5
38 5 -5
# ave_measured_val[1][0] = 597
38 5 5
38 5 5
38 5 5
38 5 5
38 5 5
38 5 5
38 5 5
38 5 5
38 5 5
38 5 5
# ave_measured_val[1][1] = 673
# hoge
# min_loss : 114  estimate[38] = 0
# min_loss : 100  estimate[38] = 3
# min_loss : 60  estimate[38] = 5
# min_loss : 34  estimate[38] = 12
# min_loss : 32  estimate[38] = 20
39 -5 -5
39 -5 -5
39 -5 -5
39 -5 -5
39 -5 -5
39 -5 -5
39 -5 -5
39 -5 -5
39 -5 -5
39 -5 -5
# ave_measured_val[0][0] = 591
39 -5 5
39 -5 5
39 -5 5
39 -5 5
39 -5 5
39 -5 5
39 -5 5
39 -5 5
39 -5 5
39 -5 5
# ave_measured_val[0][1] = 638
39 5 -5
39 5 -5
39 5 -5
39 5 -5
39 5 -5
39 5 -5
39 5 -5
39 5 -5
39 5 -5
39 5 -5
# ave_measured_val[1][0] = 646
39 5 5
39 5 5
39 5 5
39 5 5
39 5 5
39 5 5
39 5 5
39 5 5
39 5 5
39 5 5
# ave_measured_val[1][1] = 687
# hoge
# min_loss : 52  estimate[39] = 0
# min_loss : 38  estimate[39] = 4
40 -5 -5
40 -5 -5
40 -5 -5
40 -5 -5
40 -5 -5
40 -5 -5
40 -5 -5
40 -5 -5
40 -5 -5
40 -5 -5
# ave_measured_val[0][0] = 611
40 -5 5
40 -5 5
40 -5 5
40 -5 5
40 -5 5
40 -5 5
40 -5 5
40 -5 5
40 -5 5
40 -5 5
# ave_measured_val[0][1] = 691
40 5 -5
40 5 -5
40 5 -5
40 5 -5
40 5 -5
40 5 -5
40 5 -5
40 5 -5
40 5 -5
40 5 -5
# ave_measured_val[1][0] = 597
40 5 5
40 5 5
40 5 5
40 5 5
40 5 5
40 5 5
40 5 5
40 5 5
40 5 5
40 5 5
# ave_measured_val[1][1] = 685
# hoge
# min_loss : 128  estimate[40] = 0
# min_loss : 88  estimate[40] = 5
# min_loss : 60  estimate[40] = 10
# min_loss : 48  estimate[40] = 12
# min_loss : 26  estimate[40] = 20
41 -5 -5
41 -5 -5
41 -5 -5
41 -5 -5
41 -5 -5
41 -5 -5
41 -5 -5
41 -5 -5
41 -5 -5
41 -5 -5
# ave_measured_val[0][0] = 666
41 -5 5
41 -5 5
41 -5 5
41 -5 5
41 -5 5
41 -5 5
41 -5 5
41 -5 5
41 -5 5
41 -5 5
# ave_measured_val[0][1] = 625
41 5 -5
41 5 -5
41 5 -5
41 5 -5
41 5 -5
41 5 -5
41 5 -5
41 5 -5
41 5 -5
41 5 -5
# ave_measured_val[1][0] = 693
41 5 5
41 5 5
41 5 5
41 5 5
41 5 5
41 5 5
41 5 5
41 5 5
41 5 5
41 5 5
# ave_measured_val[1][1] = 606
# hoge
# min_loss : 168  estimate[41] = 0
# min_loss : 128  estimate[41] = 28
# min_loss : 88  estimate[41] = 34
# min_loss : 46  estimate[41] = 37
42 -5 -5
42 -5 -5
42 -5 -5
42 -5 -5
42 -5 -5
42 -5 -5
42 -5 -5
42 -5 -5
42 -5 -5
42 -5 -5
# ave_measured_val[0][0] = 734
42 -5 5
42 -5 5
42 -5 5
42 -5 5
42 -5 5
42 -5 5
42 -5 5
42 -5 5
42 -5 5
42 -5 5
# ave_measured_val[0][1] = 680
42 5 -5
42 5 -5
42 5 -5
42 5 -5
42 5 -5
42 5 -5
42 5 -5
42 5 -5
42 5 -5
42 5 -5
# ave_measured_val[1][0] = 625
42 5 5
42 5 5
42 5 5
42 5 5
42 5 5
42 5 5
42 5 5
42 5 5
42 5 5
42 5 5
# ave_measured_val[1][1] = 576
# hoge
# min_loss : 293  estimate[42] = 0
# min_loss : 143  estimate[42] = 1
# min_loss : 103  estimate[42] = 32
# min_loss : 53  estimate[42] = 39
43 -5 -5
43 -5 -5
43 -5 -5
43 -5 -5
43 -5 -5
43 -5 -5
43 -5 -5
43 -5 -5
43 -5 -5
43 -5 -5
# ave_measured_val[0][0] = 735
43 -5 5
43 -5 5
43 -5 5
43 -5 5
43 -5 5
43 -5 5
43 -5 5
43 -5 5
43 -5 5
43 -5 5
# ave_measured_val[0][1] = 645
43 5 -5
43 5 -5
43 5 -5
43 5 -5
43 5 -5
43 5 -5
43 5 -5
43 5 -5
43 5 -5
43 5 -5
# ave_measured_val[1][0] = 657
43 5 5
43 5 5
43 5 5
43 5 5
43 5 5
43 5 5
43 5 5
43 5 5
43 5 5
43 5 5
# ave_measured_val[1][1] = 564
# hoge
# min_loss : 239  estimate[43] = 0
# min_loss : 223  estimate[43] = 1
# min_loss : 199  estimate[43] = 28
# min_loss : 183  estimate[43] = 30
# min_loss : 143  estimate[43] = 35
# min_loss : 119  estimate[43] = 38
# min_loss : 63  estimate[43] = 39
# min_loss : 39  estimate[43] = 43
# min_loss : 17  estimate[43] = 51
44 -5 -5
44 -5 -5
44 -5 -5
44 -5 -5
44 -5 -5
44 -5 -5
44 -5 -5
44 -5 -5
44 -5 -5
44 -5 -5
# ave_measured_val[0][0] = 651
44 -5 5
44 -5 5
44 -5 5
44 -5 5
44 -5 5
44 -5 5
44 -5 5
44 -5 5
44 -5 5
44 -5 5
# ave_measured_val[0][1] = 679
44 5 -5
44 5 -5
44 5 -5
44 5 -5
44 5 -5
44 5 -5
44 5 -5
44 5 -5
44 5 -5
44 5 -5
# ave_measured_val[1][0] = 614
44 5 5
44 5 5
44 5 5
44 5 5
44 5 5
44 5 5
44 5 5
44 5 5
44 5 5
44 5 5
# ave_measured_val[1][1] = 616
# hoge
# min_loss : 180  estimate[44] = 0
# min_loss : 68  estimate[44] = 1
# min_loss : 50  estimate[44] = 6
# min_loss : 40  estimate[44] = 32
45 -5 -5
45 -5 -5
45 -5 -5
45 -5 -5
45 -5 -5
45 -5 -5
45 -5 -5
45 -5 -5
45 -5 -5
45 -5 -5
# ave_measured_val[0][0] = 678
45 -5 5
45 -5 5
45 -5 5
45 -5 5
45 -5 5
45 -5 5
45 -5 5
45 -5 5
45 -5 5
45 -5 5
# ave_measured_val[0][1] = 645
45 5 -5
45 5 -5
45 5 -5
45 5 -5
45 5 -5
45 5 -5
45 5 -5
45 5 -5
45 5 -5
45 5 -5
# ave_measured_val[1][0] = 657
45 5 5
45 5 5
45 5 5
45 5 5
45 5 5
45 5 5
45 5 5
45 5 5
45 5 5
45 5 5
# ave_measured_val[1][1] = 616
# hoge
# min_loss : 130  estimate[45] = 0
# min_loss : 118  estimate[45] = 1
# min_loss : 114  estimate[45] = 3
# min_loss : 90  estimate[45] = 28
# min_loss : 74  estimate[45] = 30
# min_loss : 38  estimate[45] = 35
46 -5 -5
46 -5 -5
46 -5 -5
46 -5 -5
46 -5 -5
46 -5 -5
46 -5 -5
46 -5 -5
46 -5 -5
46 -5 -5
# ave_measured_val[0][0] = 625
46 -5 5
46 -5 5
46 -5 5
46 -5 5
46 -5 5
46 -5 5
46 -5 5
46 -5 5
46 -5 5
46 -5 5
# ave_measured_val[0][1] = 569
46 5 -5
46 5 -5
46 5 -5
46 5 -5
46 5 -5
46 5 -5
46 5 -5
46 5 -5
46 5 -5
46 5 -5
# ave_measured_val[1][0] = 721
46 5 5
46 5 5
46 5 5
46 5 5
46 5 5
46 5 5
46 5 5
46 5 5
46 5 5
46 5 5
# ave_measured_val[1][1] = 664
# hoge
# min_loss : 153  estimate[46] = 0
# min_loss : 151  estimate[46] = 28
# min_loss : 73  estimate[46] = 33
# min_loss : 47  estimate[46] = 53
# min_loss : 31  estimate[46] = 56
47 -5 -5
47 -5 -5
47 -5 -5
47 -5 -5
47 -5 -5
47 -5 -5
47 -5 -5
47 -5 -5
47 -5 -5
47 -5 -5
# ave_measured_val[0][0] = 688
47 -5 5
47 -5 5
47 -5 5
47 -5 5
47 -5 5
47 -5 5
47 -5 5
47 -5 5
47 -5 5
47 -5 5
# ave_measured_val[0][1] = 678
47 5 -5
47 5 -5
47 5 -5
47 5 -5
47 5 -5
47 5 -5
47 5 -5
47 5 -5
47 5 -5
47 5 -5
# ave_measured_val[1][0] = 604
47 5 5
47 5 5
47 5 5
47 5 5
47 5 5
47 5 5
47 5 5
47 5 5
47 5 5
47 5 5
# ave_measured_val[1][1] = 633
# hoge
# min_loss : 209  estimate[47] = 0
# min_loss : 47  estimate[47] = 1
# min_loss : 39  estimate[47] = 32
48 -5 -5
48 -5 -5
48 -5 -5
48 -5 -5
48 -5 -5
48 -5 -5
48 -5 -5
48 -5 -5
48 -5 -5
48 -5 -5
# ave_measured_val[0][0] = 623
48 -5 5
48 -5 5
48 -5 5
48 -5 5
48 -5 5
48 -5 5
48 -5 5
48 -5 5
48 -5 5
48 -5 5
# ave_measured_val[0][1] = 629
48 5 -5
48 5 -5
48 5 -5
48 5 -5
48 5 -5
48 5 -5
48 5 -5
48 5 -5
48 5 -5
48 5 -5
# ave_measured_val[1][0] = 659
48 5 5
48 5 5
48 5 5
48 5 5
48 5 5
48 5 5
48 5 5
48 5 5
48 5 5
48 5 5
# ave_measured_val[1][1] = 675
# hoge
# min_loss : 20  estimate[48] = 0
49 -5 -5
49 -5 -5
49 -5 -5
49 -5 -5
49 -5 -5
49 -5 -5
49 -5 -5
49 -5 -5
49 -5 -5
49 -5 -5
# ave_measured_val[0][0] = 626
49 -5 5
49 -5 5
49 -5 5
49 -5 5
49 -5 5
49 -5 5
49 -5 5
49 -5 5
49 -5 5
49 -5 5
# ave_measured_val[0][1] = 659
49 5 -5
49 5 -5
49 5 -5
49 5 -5
49 5 -5
49 5 -5
49 5 -5
49 5 -5
49 5 -5
49 5 -5
# ave_measured_val[1][0] = 623
49 5 5
49 5 5
49 5 5
49 5 5
49 5 5
49 5 5
49 5 5
49 5 5
49 5 5
49 5 5
# ave_measured_val[1][1] = 672
# hoge
# min_loss : 70  estimate[49] = 0
# min_loss : 44  estimate[49] = 3
# min_loss : 24  estimate[49] = 5
50 -5 -5
50 -5 -5
50 -5 -5
50 -5 -5
50 -5 -5
50 -5 -5
50 -5 -5
50 -5 -5
50 -5 -5
50 -5 -5
# ave_measured_val[0][0] = 638
50 -5 5
50 -5 5
50 -5 5
50 -5 5
50 -5 5
50 -5 5
50 -5 5
50 -5 5
50 -5 5
50 -5 5
# ave_measured_val[0][1] = 676
50 5 -5
50 5 -5
50 5 -5
50 5 -5
50 5 -5
50 5 -5
50 5 -5
50 5 -5
50 5 -5
50 5 -5
# ave_measured_val[1][0] = 655
50 5 5
50 5 5
50 5 5
50 5 5
50 5 5
50 5 5
50 5 5
50 5 5
50 5 5
50 5 5
# ave_measured_val[1][1] = 648
# hoge
# min_loss : 91  estimate[50] = 0
# min_loss : 45  estimate[50] = 3
51 -5 -5
51 -5 -5
51 -5 -5
51 -5 -5
51 -5 -5
51 -5 -5
51 -5 -5
51 -5 -5
51 -5 -5
51 -5 -5
# ave_measured_val[0][0] = 716
51 -5 5
51 -5 5
51 -5 5
51 -5 5
51 -5 5
51 -5 5
51 -5 5
51 -5 5
51 -5 5
51 -5 5
# ave_measured_val[0][1] = 643
51 5 -5
51 5 -5
51 5 -5
51 5 -5
51 5 -5
51 5 -5
51 5 -5
51 5 -5
51 5 -5
51 5 -5
# ave_measured_val[1][0] = 656
51 5 5
51 5 5
51 5 5
51 5 5
51 5 5
51 5 5
51 5 5
51 5 5
51 5 5
51 5 5
# ave_measured_val[1][1] = 588
# hoge
# min_loss : 195  estimate[51] = 0
# min_loss : 181  estimate[51] = 1
# min_loss : 155  estimate[51] = 28
# min_loss : 141  estimate[51] = 30
# min_loss : 101  estimate[51] = 35
# min_loss : 75  estimate[51] = 38
# min_loss : 45  estimate[51] = 39
# min_loss : 19  estimate[51] = 43
52 -5 -5
52 -5 -5
52 -5 -5
52 -5 -5
52 -5 -5
52 -5 -5
52 -5 -5
52 -5 -5
52 -5 -5
52 -5 -5
# ave_measured_val[0][0] = 699
52 -5 5
52 -5 5
52 -5 5
52 -5 5
52 -5 5
52 -5 5
52 -5 5
52 -5 5
52 -5 5
52 -5 5
# ave_measured_val[0][1] = 668
52 5 -5
52 5 -5
52 5 -5
52 5 -5
52 5 -5
52 5 -5
52 5 -5
52 5 -5
52 5 -5
52 5 -5
# ave_measured_val[1][0] = 598
52 5 5
52 5 5
52 5 5
52 5 5
52 5 5
52 5 5
52 5 5
52 5 5
52 5 5
52 5 5
# ave_measured_val[1][1] = 581
# hoge
# min_loss : 268  estimate[52] = 0
# min_loss : 92  estimate[52] = 1
# min_loss : 88  estimate[52] = 2
# min_loss : 72  estimate[52] = 39
# min_loss : 54  estimate[52] = 63
53 -5 -5
53 -5 -5
53 -5 -5
53 -5 -5
53 -5 -5
53 -5 -5
53 -5 -5
53 -5 -5
53 -5 -5
53 -5 -5
# ave_measured_val[0][0] = 676
53 -5 5
53 -5 5
53 -5 5
53 -5 5
53 -5 5
53 -5 5
53 -5 5
53 -5 5
53 -5 5
53 -5 5
# ave_measured_val[0][1] = 724
53 5 -5
53 5 -5
53 5 -5
53 5 -5
53 5 -5
53 5 -5
53 5 -5
53 5 -5
53 5 -5
53 5 -5
# ave_measured_val[1][0] = 573
53 5 5
53 5 5
53 5 5
53 5 5
53 5 5
53 5 5
53 5 5
53 5 5
53 5 5
53 5 5
# ave_measured_val[1][1] = 658
# hoge
# min_loss : 249  estimate[53] = 0
# min_loss : 93  estimate[53] = 1
# min_loss : 65  estimate[53] = 7
# min_loss : 49  estimate[53] = 15
54 -5 -5
54 -5 -5
54 -5 -5
54 -5 -5
54 -5 -5
54 -5 -5
54 -5 -5
54 -5 -5
54 -5 -5
54 -5 -5
# ave_measured_val[0][0] = 669
54 -5 5
54 -5 5
54 -5 5
54 -5 5
54 -5 5
54 -5 5
54 -5 5
54 -5 5
54 -5 5
54 -5 5
# ave_measured_val[0][1] = 617
54 5 -5
54 5 -5
54 5 -5
54 5 -5
54 5 -5
54 5 -5
54 5 -5
54 5 -5
54 5 -5
54 5 -5
# ave_measured_val[1][0] = 661
54 5 5
54 5 5
54 5 5
54 5 5
54 5 5
54 5 5
54 5 5
54 5 5
54 5 5
54 5 5
# ave_measured_val[1][1] = 648
# hoge
# min_loss : 105  estimate[54] = 0
# min_loss : 65  estimate[54] = 28
# min_loss : 43  estimate[54] = 34
# min_loss : 41  estimate[54] = 36
55 -5 -5
55 -5 -5
55 -5 -5
55 -5 -5
55 -5 -5
55 -5 -5
55 -5 -5
55 -5 -5
55 -5 -5
55 -5 -5
# ave_measured_val[0][0] = 682
55 -5 5
55 -5 5
55 -5 5
55 -5 5
55 -5 5
55 -5 5
55 -5 5
55 -5 5
55 -5 5
55 -5 5
# ave_measured_val[0][1] = 584
55 5 -5
55 5 -5
55 5 -5
55 5 -5
55 5 -5
55 5 -5
55 5 -5
55 5 -5
55 5 -5
55 5 -5
# ave_measured_val[1][0] = 711
55 5 5
55 5 5
55 5 5
55 5 5
55 5 5
55 5 5
55 5 5
55 5 5
55 5 5
55 5 5
# ave_measured_val[1][1] = 589
# hoge
# min_loss : 260  estimate[55] = 0
# min_loss : 220  estimate[55] = 28
# min_loss : 180  estimate[55] = 33
# min_loss : 100  estimate[55] = 37
# min_loss : 60  estimate[55] = 42
# min_loss : 36  estimate[55] = 45
56 -5 -5
56 -5 -5
56 -5 -5
56 -5 -5
56 -5 -5
56 -5 -5
56 -5 -5
56 -5 -5
56 -5 -5
56 -5 -5
# ave_measured_val[0][0] = 736
56 -5 5
56 -5 5
56 -5 5
56 -5 5
56 -5 5
56 -5 5
56 -5 5
56 -5 5
56 -5 5
56 -5 5
# ave_measured_val[0][1] = 625
56 5 -5
56 5 -5
56 5 -5
56 5 -5
56 5 -5
56 5 -5
56 5 -5
56 5 -5
56 5 -5
56 5 -5
# ave_measured_val[1][0] = 662
56 5 5
56 5 5
56 5 5
56 5 5
56 5 5
56 5 5
56 5 5
56 5 5
56 5 5
56 5 5
# ave_measured_val[1][1] = 546
# hoge
# min_loss : 267  estimate[56] = 0
# min_loss : 227  estimate[56] = 28
# min_loss : 203  estimate[56] = 34
# min_loss : 187  estimate[56] = 35
# min_loss : 123  estimate[56] = 38
# min_loss : 107  estimate[56] = 39
# min_loss : 67  estimate[56] = 43
# min_loss : 35  estimate[56] = 51
57 -5 -5
57 -5 -5
57 -5 -5
57 -5 -5
57 -5 -5
57 -5 -5
57 -5 -5
57 -5 -5
57 -5 -5
57 -5 -5
# ave_measured_val[0][0] = 621
57 -5 5
57 -5 5
57 -5 5
57 -5 5
57 -5 5
57 -5 5
57 -5 5
57 -5 5
57 -5 5
57 -5 5
# ave_measured_val[0][1] = 661
57 5 -5
57 5 -5
57 5 -5
57 5 -5
57 5 -5
57 5 -5
57 5 -5
57 5 -5
57 5 -5
57 5 -5
# ave_measured_val[1][0] = 619
57 5 5
57 5 5
57 5 5
57 5 5
57 5 5
57 5 5
57 5 5
57 5 5
57 5 5
57 5 5
# ave_measured_val[1][1] = 678
# hoge
# min_loss : 65  estimate[57] = 0
# min_loss : 59  estimate[57] = 3
# min_loss : 37  estimate[57] = 5
# min_loss : 23  estimate[57] = 12
58 -5 -5
58 -5 -5
58 -5 -5
58 -5 -5
58 -5 -5
58 -5 -5
58 -5 -5
58 -5 -5
58 -5 -5
58 -5 -5
# ave_measured_val[0][0] = 621
58 -5 5
58 -5 5
58 -5 5
58 -5 5
58 -5 5
58 -5 5
58 -5 5
58 -5 5
58 -5 5
58 -5 5
# ave_measured_val[0][1] = 597
58 5 -5
58 5 -5
58 5 -5
58 5 -5
58 5 -5
58 5 -5
58 5 -5
58 5 -5
58 5 -5
58 5 -5
# ave_measured_val[1][0] = 689
58 5 5
58 5 5
58 5 5
58 5 5
58 5 5
58 5 5
58 5 5
58 5 5
58 5 5
58 5 5
# ave_measured_val[1][1] = 668
# hoge
# min_loss : 85  estimate[58] = 0
# min_loss : 27  estimate[58] = 33
# min_loss : 25  estimate[58] = 62
59 -5 -5
59 -5 -5
59 -5 -5
59 -5 -5
59 -5 -5
59 -5 -5
59 -5 -5
59 -5 -5
59 -5 -5
59 -5 -5
# ave_measured_val[0][0] = 671
59 -5 5
59 -5 5
59 -5 5
59 -5 5
59 -5 5
59 -5 5
59 -5 5
59 -5 5
59 -5 5
59 -5 5
# ave_measured_val[0][1] = 689
59 5 -5
59 5 -5
59 5 -5
59 5 -5
59 5 -5
59 5 -5
59 5 -5
59 5 -5
59 5 -5
59 5 -5
# ave_measured_val[1][0] = 625
59 5 5
59 5 5
59 5 5
59 5 5
59 5 5
59 5 5
59 5 5
59 5 5
59 5 5
59 5 5
# ave_measured_val[1][1] = 610
# hoge
# min_loss : 205  estimate[59] = 0
# min_loss : 55  estimate[59] = 1
# min_loss : 33  estimate[59] = 32
60 -5 -5
60 -5 -5
60 -5 -5
60 -5 -5
60 -5 -5
60 -5 -5
60 -5 -5
60 -5 -5
60 -5 -5
60 -5 -5
# ave_measured_val[0][0] = 603
60 -5 5
60 -5 5
60 -5 5
60 -5 5
60 -5 5
60 -5 5
60 -5 5
60 -5 5
60 -5 5
60 -5 5
# ave_measured_val[0][1] = 639
60 5 -5
60 5 -5
60 5 -5
60 5 -5
60 5 -5
60 5 -5
60 5 -5
60 5 -5
60 5 -5
60 5 -5
# ave_measured_val[1][0] = 666
60 5 5
60 5 5
60 5 5
60 5 5
60 5 5
60 5 5
60 5 5
60 5 5
60 5 5
60 5 5
# ave_measured_val[1][1] = 676
# hoge
# min_loss : 28  estimate[60] = 0
61 -5 -5
61 -5 -5
61 -5 -5
61 -5 -5
61 -5 -5
61 -5 -5
61 -5 -5
61 -5 -5
61 -5 -5
61 -5 -5
# ave_measured_val[0][0] = 689
61 -5 5
61 -5 5
61 -5 5
61 -5 5
61 -5 5
61 -5 5
61 -5 5
61 -5 5
61 -5 5
61 -5 5
# ave_measured_val[0][1] = 618
61 5 -5
61 5 -5
61 5 -5
61 5 -5
61 5 -5
61 5 -5
61 5 -5
61 5 -5
61 5 -5
61 5 -5
# ave_measured_val[1][0] = 681
61 5 5
61 5 5
61 5 5
61 5 5
61 5 5
61 5 5
61 5 5
61 5 5
61 5 5
61 5 5
# ave_measured_val[1][1] = 611
# hoge
# min_loss : 181  estimate[61] = 0
# min_loss : 141  estimate[61] = 28
# min_loss : 101  estimate[61] = 34
# min_loss : 55  estimate[61] = 37
# min_loss : 25  estimate[61] = 38
62 -5 -5
62 -5 -5
62 -5 -5
62 -5 -5
62 -5 -5
62 -5 -5
62 -5 -5
62 -5 -5
62 -5 -5
62 -5 -5
# ave_measured_val[0][0] = 646
62 -5 5
62 -5 5
62 -5 5
62 -5 5
62 -5 5
62 -5 5
62 -5 5
62 -5 5
62 -5 5
62 -5 5
# ave_measured_val[0][1] = 595
62 5 -5
62 5 -5
62 5 -5
62 5 -5
62 5 -5
62 5 -5
62 5 -5
62 5 -5
62 5 -5
62 5 -5
# ave_measured_val[1][0] = 724
62 5 5
62 5 5
62 5 5
62 5 5
62 5 5
62 5 5
62 5 5
62 5 5
62 5 5
62 5 5
# ave_measured_val[1][1] = 647
# hoge
# min_loss : 168  estimate[62] = 0
# min_loss : 128  estimate[62] = 28
# min_loss : 88  estimate[62] = 33
# min_loss : 72  estimate[62] = 46
# min_loss : 70  estimate[62] = 53
# min_loss : 26  estimate[62] = 55
63 -5 -5
63 -5 -5
63 -5 -5
63 -5 -5
63 -5 -5
63 -5 -5
63 -5 -5
63 -5 -5
63 -5 -5
63 -5 -5
# ave_measured_val[0][0] = 669
63 -5 5
63 -5 5
63 -5 5
63 -5 5
63 -5 5
63 -5 5
63 -5 5
63 -5 5
63 -5 5
63 -5 5
# ave_measured_val[0][1] = 727
63 5 -5
63 5 -5
63 5 -5
63 5 -5
63 5 -5
63 5 -5
63 5 -5
63 5 -5
63 5 -5
63 5 -5
# ave_measured_val[1][0] = 578
63 5 5
63 5 5
63 5 5
63 5 5
63 5 5
63 5 5
63 5 5
63 5 5
63 5 5
63 5 5
# ave_measured_val[1][1] = 603
# hoge
# min_loss : 295  estimate[63] = 0
# min_loss : 77  estimate[63] = 1
# min_loss : 57  estimate[63] = 2
64 -5 -5
64 -5 -5
64 -5 -5
64 -5 -5
64 -5 -5
64 -5 -5
64 -5 -5
64 -5 -5
64 -5 -5
64 -5 -5
# ave_measured_val[0][0] = 712
64 -5 5
64 -5 5
64 -5 5
64 -5 5
64 -5 5
64 -5 5
64 -5 5
64 -5 5
64 -5 5
64 -5 5
# ave_measured_val[0][1] = 645
64 5 -5
64 5 -5
64 5 -5
64 5 -5
64 5 -5
64 5 -5
64 5 -5
64 5 -5
64 5 -5
64 5 -5
# ave_measured_val[1][0] = 662
64 5 5
64 5 5
64 5 5
64 5 5
64 5 5
64 5 5
64 5 5
64 5 5
64 5 5
64 5 5
# ave_measured_val[1][1] = 587
# hoge
# min_loss : 192  estimate[64] = 0
# min_loss : 182  estimate[64] = 1
# min_loss : 152  estimate[64] = 28
# min_loss : 142  estimate[64] = 30
# min_loss : 102  estimate[64] = 35
# min_loss : 68  estimate[64] = 38
# min_loss : 52  estimate[64] = 39
# min_loss : 22  estimate[64] = 43
65 -5 -5
65 -5 -5
65 -5 -5
65 -5 -5
65 -5 -5
65 -5 -5
65 -5 -5
65 -5 -5
65 -5 -5
65 -5 -5
# ave_measured_val[0][0] = 652
65 -5 5
65 -5 5
65 -5 5
65 -5 5
65 -5 5
65 -5 5
65 -5 5
65 -5 5
65 -5 5
65 -5 5
# ave_measured_val[0][1] = 638
65 5 -5
65 5 -5
65 5 -5
65 5 -5
65 5 -5
65 5 -5
65 5 -5
65 5 -5
65 5 -5
65 5 -5
# ave_measured_val[1][0] = 647
65 5 5
65 5 5
65 5 5
65 5 5
65 5 5
65 5 5
65 5 5
65 5 5
65 5 5
65 5 5
# ave_measured_val[1][1] = 647
# hoge
# min_loss : 80  estimate[65] = 0
# min_loss : 54  estimate[65] = 3
# min_loss : 40  estimate[65] = 28
# min_loss : 20  estimate[65] = 30
66 -5 -5
66 -5 -5
66 -5 -5
66 -5 -5
66 -5 -5
66 -5 -5
66 -5 -5
66 -5 -5
66 -5 -5
66 -5 -5
# ave_measured_val[0][0] = 663
66 -5 5
66 -5 5
66 -5 5
66 -5 5
66 -5 5
66 -5 5
66 -5 5
66 -5 5
66 -5 5
66 -5 5
# ave_measured_val[0][1] = 585
66 5 -5
66 5 -5
66 5 -5
66 5 -5
66 5 -5
66 5 -5
66 5 -5
66 5 -5
66 5 -5
66 5 -5
# ave_measured_val[1][0] = 711
66 5 5
66 5 5
66 5 5
66 5 5
66 5 5
66 5 5
66 5 5
66 5 5
66 5 5
66 5 5
# ave_measured_val[1][1] = 652
# hoge
# min_loss : 177  estimate[66] = 0
# min_loss : 137  estimate[66] = 28
# min_loss : 97  estimate[66] = 33
# min_loss : 75  estimate[66] = 37
# min_loss : 63  estimate[66] = 46
# min_loss : 21  estimate[66] = 55
67 -5 -5
67 -5 -5
67 -5 -5
67 -5 -5
67 -5 -5
67 -5 -5
67 -5 -5
67 -5 -5
67 -5 -5
67 -5 -5
# ave_measured_val[0][0] = 743
67 -5 5
67 -5 5
67 -5 5
67 -5 5
67 -5 5
67 -5 5
67 -5 5
67 -5 5
67 -5 5
67 -5 5
# ave_measured_val[0][1] = 644
67 5 -5
67 5 -5
67 5 -5
67 5 -5
67 5 -5
67 5 -5
67 5 -5
67 5 -5
67 5 -5
67 5 -5
# ave_measured_val[1][0] = 624
67 5 5
67 5 5
67 5 5
67 5 5
67 5 5
67 5 5
67 5 5
67 5 5
67 5 5
67 5 5
# ave_measured_val[1][1] = 558
# hoge
# min_loss : 285  estimate[67] = 0
# min_loss : 205  estimate[67] = 1
# min_loss : 197  estimate[67] = 31
# min_loss : 165  estimate[67] = 32
# min_loss : 157  estimate[67] = 35
# min_loss : 77  estimate[67] = 39
# min_loss : 37  estimate[67] = 44
-1 -1 -1
31
1
48
15
2
22
0
15
13
4
44
3
2
39
19
30
15
37
13
37
3
22
11
55
25
19
50
30
55
38
32
3
45
28
15
13
42
6
20
4
20
37
39
51
32
35
56
32
0
5
3
43
63
15
36
45
51
12
62
32
0
38
55
2
43
30
55
44
