646 650 654 658 662 666 670 674 678 682 686 690 694 698 694 690 686 682 678 674 670 666 662 658 654 650 646 642
650 654 658 662 666 670 674 678 682 686 690 694 698 702 698 694 690 686 682 678 674 670 666 662 658 654 650 646
654 658 662 666 670 674 678 682 686 690 694 698 702 706 702 698 694 690 686 682 678 674 670 666 662 658 654 650
658 662 666 670 674 678 682 686 690 694 698 702 706 710 706 702 698 694 690 686 682 678 674 670 666 662 658 654
662 666 670 674 678 682 686 690 694 698 702 706 710 714 710 706 702 698 694 690 686 682 678 674 670 666 662 658
666 670 674 678 682 686 690 694 698 702 706 710 714 718 714 710 706 702 698 694 690 686 682 678 674 670 666 662
670 674 678 682 686 690 694 698 702 706 710 714 718 722 718 714 710 706 702 698 694 690 686 682 678 674 670 666
674 678 682 686 690 694 698 702 706 710 714 718 722 726 722 718 714 710 706 702 698 694 690 686 682 678 674 670
678 682 686 690 694 698 702 706 710 714 718 722 726 730 726 722 718 714 710 706 702 698 694 690 686 682 678 674
682 686 690 694 698 702 706 710 714 718 722 726 730 734 730 726 722 718 714 710 706 702 698 694 690 686 682 678
686 690 694 698 702 706 710 714 718 722 726 730 734 738 734 730 726 722 718 714 710 706 702 698 694 690 686 682
690 694 698 702 706 710 714 718 722 726 730 734 738 742 738 734 730 726 722 718 714 710 706 702 698 694 690 686
694 698 702 706 710 714 718 722 726 730 734 738 742 746 742 738 734 730 726 722 718 714 710 706 702 698 694 690
698 702 706 710 714 718 722 726 730 734 738 742 746 750 746 742 738 734 730 726 722 718 714 710 706 702 698 694
694 698 702 706 710 714 718 722 726 730 734 738 742 746 742 738 734 730 726 722 718 714 710 706 702 698 694 690
690 694 698 702 706 710 714 718 722 726 730 734 738 742 738 734 730 726 722 718 714 710 706 702 698 694 690 686
686 690 694 698 702 706 710 714 718 722 726 730 734 738 734 730 726 722 718 714 710 706 702 698 694 690 686 682
682 686 690 694 698 702 706 710 714 718 722 726 730 734 730 726 722 718 714 710 706 702 698 694 690 686 682 678
678 682 686 690 694 698 702 706 710 714 718 722 726 730 726 722 718 714 710 706 702 698 694 690 686 682 678 674
674 678 682 686 690 694 698 702 706 710 714 718 722 726 722 718 714 710 706 702 698 694 690 686 682 678 674 670
670 674 678 682 686 690 694 698 702 706 710 714 718 722 718 714 710 706 702 698 694 690 686 682 678 674 670 666
666 670 674 678 682 686 690 694 698 702 706 710 714 718 714 710 706 702 698 694 690 686 682 678 674 670 666 662
662 666 670 674 678 682 686 690 694 698 702 706 710 714 710 706 702 698 694 690 686 682 678 674 670 666 662 658
658 662 666 670 674 678 682 686 690 694 698 702 706 710 706 702 698 694 690 686 682 678 674 670 666 662 658 654
654 658 662 666 670 674 678 682 686 690 694 698 702 706 702 698 694 690 686 682 678 674 670 666 662 658 654 650
650 654 658 662 666 670 674 678 682 686 690 694 698 702 698 694 690 686 682 678 674 670 666 662 658 654 650 646
646 650 654 658 662 666 670 674 678 682 686 690 694 698 694 690 686 682 678 674 670 666 662 658 654 650 646 642
642 646 650 654 658 662 666 670 674 678 682 686 690 694 690 686 682 678 674 670 666 662 658 654 650 646 642 638
0 -5 -5
0 -5 -5
0 -5 -5
0 -5 -5
0 -5 -5
0 -5 -5
0 -5 -5
0 -5 -5
0 -5 -5
0 -5 -5
# ave_measured_val[0][0] = 684
0 -5 5
0 -5 5
0 -5 5
0 -5 5
0 -5 5
0 -5 5
0 -5 5
0 -5 5
0 -5 5
0 -5 5
# ave_measured_val[0][1] = 721
0 5 -5
0 5 -5
0 5 -5
0 5 -5
0 5 -5
0 5 -5
0 5 -5
0 5 -5
0 5 -5
0 5 -5
# ave_measured_val[1][0] = 655
0 5 5
0 5 5
0 5 5
0 5 5
0 5 5
0 5 5
0 5 5
0 5 5
0 5 5
0 5 5
# ave_measured_val[1][1] = 673
# hoge
# min_loss : 97  estimate[0] = 0
# min_loss : 73  estimate[0] = 4
# min_loss : 25  estimate[0] = 5
1 -5 -5
1 -5 -5
1 -5 -5
1 -5 -5
1 -5 -5
1 -5 -5
1 -5 -5
1 -5 -5
1 -5 -5
1 -5 -5
# ave_measured_val[0][0] = 656
1 -5 5
1 -5 5
1 -5 5
1 -5 5
1 -5 5
1 -5 5
1 -5 5
1 -5 5
1 -5 5
1 -5 5
# ave_measured_val[0][1] = 698
1 5 -5
1 5 -5
1 5 -5
1 5 -5
1 5 -5
1 5 -5
1 5 -5
1 5 -5
1 5 -5
1 5 -5
# ave_measured_val[1][0] = 662
1 5 5
1 5 5
1 5 5
1 5 5
1 5 5
1 5 5
1 5 5
1 5 5
1 5 5
1 5 5
# ave_measured_val[1][1] = 708
# hoge
# min_loss : 72  estimate[1] = 0
# min_loss : 56  estimate[1] = 1
# min_loss : 24  estimate[1] = 9
2 -5 -5
2 -5 -5
2 -5 -5
2 -5 -5
2 -5 -5
2 -5 -5
2 -5 -5
2 -5 -5
2 -5 -5
2 -5 -5
# ave_measured_val[0][0] = 645
2 -5 5
2 -5 5
2 -5 5
2 -5 5
2 -5 5
2 -5 5
2 -5 5
2 -5 5
2 -5 5
2 -5 5
# ave_measured_val[0][1] = 681
2 5 -5
2 5 -5
2 5 -5
2 5 -5
2 5 -5
2 5 -5
2 5 -5
2 5 -5
2 5 -5
2 5 -5
# ave_measured_val[1][0] = 696
2 5 5
2 5 5
2 5 5
2 5 5
2 5 5
2 5 5
2 5 5
2 5 5
2 5 5
2 5 5
# ave_measured_val[1][1] = 729
# hoge
# min_loss : 83  estimate[2] = 0
# min_loss : 73  estimate[2] = 1
# min_loss : 41  estimate[2] = 2
# min_loss : 23  estimate[2] = 7
# min_loss : 19  estimate[2] = 13
3 -5 -5
3 -5 -5
3 -5 -5
3 -5 -5
3 -5 -5
3 -5 -5
3 -5 -5
3 -5 -5
3 -5 -5
3 -5 -5
# ave_measured_val[0][0] = 658
3 -5 5
3 -5 5
3 -5 5
3 -5 5
3 -5 5
3 -5 5
3 -5 5
3 -5 5
3 -5 5
3 -5 5
# ave_measured_val[0][1] = 705
3 5 -5
3 5 -5
3 5 -5
3 5 -5
3 5 -5
3 5 -5
3 5 -5
3 5 -5
3 5 -5
3 5 -5
# ave_measured_val[1][0] = 653
3 5 5
3 5 5
3 5 5
3 5 5
3 5 5
3 5 5
3 5 5
3 5 5
3 5 5
3 5 5
# ave_measured_val[1][1] = 701
# hoge
# min_loss : 81  estimate[3] = 0
# min_loss : 63  estimate[3] = 1
# min_loss : 31  estimate[3] = 9
# min_loss : 23  estimate[3] = 14
4 -5 -5
4 -5 -5
4 -5 -5
4 -5 -5
4 -5 -5
4 -5 -5
4 -5 -5
4 -5 -5
4 -5 -5
4 -5 -5
# ave_measured_val[0][0] = 725
4 -5 5
4 -5 5
4 -5 5
4 -5 5
4 -5 5
4 -5 5
4 -5 5
4 -5 5
4 -5 5
4 -5 5
# ave_measured_val[0][1] = 687
4 5 -5
4 5 -5
4 5 -5
4 5 -5
4 5 -5
4 5 -5
4 5 -5
4 5 -5
4 5 -5
4 5 -5
# ave_measured_val[1][0] = 678
4 5 5
4 5 5
4 5 5
4 5 5
4 5 5
4 5 5
4 5 5
4 5 5
4 5 5
4 5 5
# ave_measured_val[1][1] = 645
# hoge
# min_loss : 119  estimate[4] = 0
# min_loss : 111  estimate[4] = 4
# min_loss : 103  estimate[4] = 5
# min_loss : 79  estimate[4] = 44
# min_loss : 47  estimate[4] = 49
# min_loss : 11  estimate[4] = 62
5 -5 -5
5 -5 -5
5 -5 -5
5 -5 -5
5 -5 -5
5 -5 -5
5 -5 -5
5 -5 -5
5 -5 -5
5 -5 -5
# ave_measured_val[0][0] = 680
5 -5 5
5 -5 5
5 -5 5
5 -5 5
5 -5 5
5 -5 5
5 -5 5
5 -5 5
5 -5 5
5 -5 5
# ave_measured_val[0][1] = 649
5 5 -5
5 5 -5
5 5 -5
5 5 -5
5 5 -5
5 5 -5
5 5 -5
5 5 -5
5 5 -5
5 5 -5
# ave_measured_val[1][0] = 721
5 5 5
5 5 5
5 5 5
5 5 5
5 5 5
5 5 5
5 5 5
5 5 5
5 5 5
5 5 5
# ave_measured_val[1][1] = 696
# hoge
# min_loss : 84  estimate[5] = 0
# min_loss : 76  estimate[5] = 39
# min_loss : 56  estimate[5] = 41
# min_loss : 52  estimate[5] = 45
# min_loss : 42  estimate[5] = 53
# min_loss : 40  estimate[5] = 60
# min_loss : 24  estimate[5] = 67
# min_loss : 14  estimate[5] = 75
6 -5 -5
6 -5 -5
6 -5 -5
6 -5 -5
6 -5 -5
6 -5 -5
6 -5 -5
6 -5 -5
6 -5 -5
6 -5 -5
# ave_measured_val[0][0] = 683
6 -5 5
6 -5 5
6 -5 5
6 -5 5
6 -5 5
6 -5 5
6 -5 5
6 -5 5
6 -5 5
6 -5 5
# ave_measured_val[0][1] = 719
6 5 -5
6 5 -5
6 5 -5
6 5 -5
6 5 -5
6 5 -5
6 5 -5
6 5 -5
6 5 -5
6 5 -5
# ave_measured_val[1][0] = 660
6 5 5
6 5 5
6 5 5
6 5 5
6 5 5
6 5 5
6 5 5
6 5 5
6 5 5
6 5 5
# ave_measured_val[1][1] = 693
# hoge
# min_loss : 71  estimate[6] = 0
# min_loss : 47  estimate[6] = 4
# min_loss : 31  estimate[6] = 12
# min_loss : 27  estimate[6] = 19
# min_loss : 17  estimate[6] = 23
7 -5 -5
7 -5 -5
7 -5 -5
7 -5 -5
7 -5 -5
7 -5 -5
7 -5 -5
7 -5 -5
7 -5 -5
7 -5 -5
# ave_measured_val[0][0] = 686
7 -5 5
7 -5 5
7 -5 5
7 -5 5
7 -5 5
7 -5 5
7 -5 5
7 -5 5
7 -5 5
7 -5 5
# ave_measured_val[0][1] = 699
7 5 -5
7 5 -5
7 5 -5
7 5 -5
7 5 -5
7 5 -5
7 5 -5
7 5 -5
7 5 -5
7 5 -5
# ave_measured_val[1][0] = 646
7 5 5
7 5 5
7 5 5
7 5 5
7 5 5
7 5 5
7 5 5
7 5 5
7 5 5
7 5 5
# ave_measured_val[1][1] = 682
# hoge
# min_loss : 73  estimate[7] = 0
# min_loss : 63  estimate[7] = 4
# min_loss : 39  estimate[7] = 5
# min_loss : 33  estimate[7] = 6
8 -5 -5
8 -5 -5
8 -5 -5
8 -5 -5
8 -5 -5
8 -5 -5
8 -5 -5
8 -5 -5
8 -5 -5
8 -5 -5
# ave_measured_val[0][0] = 671
8 -5 5
8 -5 5
8 -5 5
8 -5 5
8 -5 5
8 -5 5
8 -5 5
8 -5 5
8 -5 5
8 -5 5
# ave_measured_val[0][1] = 649
8 5 -5
8 5 -5
8 5 -5
8 5 -5
8 5 -5
8 5 -5
8 5 -5
8 5 -5
8 5 -5
8 5 -5
# ave_measured_val[1][0] = 711
8 5 5
8 5 5
8 5 5
8 5 5
8 5 5
8 5 5
8 5 5
8 5 5
8 5 5
8 5 5
# ave_measured_val[1][1] = 687
# hoge
# min_loss : 92  estimate[8] = 0
# min_loss : 78  estimate[8] = 1
# min_loss : 58  estimate[8] = 41
# min_loss : 44  estimate[8] = 60
# min_loss : 34  estimate[8] = 67
# min_loss : 16  estimate[8] = 78
9 -5 -5
9 -5 -5
9 -5 -5
9 -5 -5
9 -5 -5
9 -5 -5
9 -5 -5
9 -5 -5
9 -5 -5
9 -5 -5
# ave_measured_val[0][0] = 680
9 -5 5
9 -5 5
9 -5 5
9 -5 5
9 -5 5
9 -5 5
9 -5 5
9 -5 5
9 -5 5
9 -5 5
# ave_measured_val[0][1] = 664
9 5 -5
9 5 -5
9 5 -5
9 5 -5
9 5 -5
9 5 -5
9 5 -5
9 5 -5
9 5 -5
9 5 -5
# ave_measured_val[1][0] = 699
9 5 5
9 5 5
9 5 5
9 5 5
9 5 5
9 5 5
9 5 5
9 5 5
9 5 5
9 5 5
# ave_measured_val[1][1] = 684
# hoge
# min_loss : 59  estimate[9] = 0
# min_loss : 51  estimate[9] = 39
# min_loss : 49  estimate[9] = 45
# min_loss : 33  estimate[9] = 70
# min_loss : 19  estimate[9] = 74
10 -5 -5
10 -5 -5
10 -5 -5
10 -5 -5
10 -5 -5
10 -5 -5
10 -5 -5
10 -5 -5
10 -5 -5
10 -5 -5
# ave_measured_val[0][0] = 719
10 -5 5
10 -5 5
10 -5 5
10 -5 5
10 -5 5
10 -5 5
10 -5 5
10 -5 5
10 -5 5
10 -5 5
# ave_measured_val[0][1] = 673
10 5 -5
10 5 -5
10 5 -5
10 5 -5
10 5 -5
10 5 -5
10 5 -5
10 5 -5
10 5 -5
10 5 -5
# ave_measured_val[1][0] = 713
10 5 5
10 5 5
10 5 5
10 5 5
10 5 5
10 5 5
10 5 5
10 5 5
10 5 5
10 5 5
# ave_measured_val[1][1] = 663
# hoge
# min_loss : 112  estimate[10] = 0
# min_loss : 98  estimate[10] = 41
# min_loss : 80  estimate[10] = 45
# min_loss : 70  estimate[10] = 49
# min_loss : 64  estimate[10] = 50
# min_loss : 34  estimate[10] = 52
# min_loss : 32  estimate[10] = 55
# min_loss : 26  estimate[10] = 63
# min_loss : 24  estimate[10] = 64
11 -5 -5
11 -5 -5
11 -5 -5
11 -5 -5
11 -5 -5
11 -5 -5
11 -5 -5
11 -5 -5
11 -5 -5
11 -5 -5
# ave_measured_val[0][0] = 681
11 -5 5
11 -5 5
11 -5 5
11 -5 5
11 -5 5
11 -5 5
11 -5 5
11 -5 5
11 -5 5
11 -5 5
# ave_measured_val[0][1] = 663
11 5 -5
11 5 -5
11 5 -5
11 5 -5
11 5 -5
11 5 -5
11 5 -5
11 5 -5
11 5 -5
11 5 -5
# ave_measured_val[1][0] = 713
11 5 5
11 5 5
11 5 5
11 5 5
11 5 5
11 5 5
11 5 5
11 5 5
11 5 5
11 5 5
# ave_measured_val[1][1] = 697
# hoge
# min_loss : 60  estimate[11] = 0
# min_loss : 52  estimate[11] = 39
# min_loss : 36  estimate[11] = 41
# min_loss : 28  estimate[11] = 45
# min_loss : 16  estimate[11] = 75
12 -5 -5
12 -5 -5
12 -5 -5
12 -5 -5
12 -5 -5
12 -5 -5
12 -5 -5
12 -5 -5
12 -5 -5
12 -5 -5
# ave_measured_val[0][0] = 660
12 -5 5
12 -5 5
12 -5 5
12 -5 5
12 -5 5
12 -5 5
12 -5 5
12 -5 5
12 -5 5
12 -5 5
# ave_measured_val[0][1] = 689
12 5 -5
12 5 -5
12 5 -5
12 5 -5
12 5 -5
12 5 -5
12 5 -5
12 5 -5
12 5 -5
12 5 -5
# ave_measured_val[1][0] = 691
12 5 5
12 5 5
12 5 5
12 5 5
12 5 5
12 5 5
12 5 5
12 5 5
12 5 5
12 5 5
# ave_measured_val[1][1] = 717
# hoge
# min_loss : 49  estimate[12] = 0
# min_loss : 35  estimate[12] = 2
# min_loss : 25  estimate[12] = 3
# min_loss : 21  estimate[12] = 7
# min_loss : 19  estimate[12] = 8
13 -5 -5
13 -5 -5
13 -5 -5
13 -5 -5
13 -5 -5
13 -5 -5
13 -5 -5
13 -5 -5
13 -5 -5
13 -5 -5
# ave_measured_val[0][0] = 688
13 -5 5
13 -5 5
13 -5 5
13 -5 5
13 -5 5
13 -5 5
13 -5 5
13 -5 5
13 -5 5
13 -5 5
# ave_measured_val[0][1] = 738
13 5 -5
13 5 -5
13 5 -5
13 5 -5
13 5 -5
13 5 -5
13 5 -5
13 5 -5
13 5 -5
13 5 -5
# ave_measured_val[1][0] = 685
13 5 5
13 5 5
13 5 5
13 5 5
13 5 5
13 5 5
13 5 5
13 5 5
13 5 5
13 5 5
# ave_measured_val[1][1] = 731
# hoge
# min_loss : 84  estimate[13] = 0
# min_loss : 70  estimate[13] = 4
# min_loss : 68  estimate[13] = 11
# min_loss : 50  estimate[13] = 18
# min_loss : 46  estimate[13] = 21
# min_loss : 20  estimate[13] = 24
14 -5 -5
14 -5 -5
14 -5 -5
14 -5 -5
14 -5 -5
14 -5 -5
14 -5 -5
14 -5 -5
14 -5 -5
14 -5 -5
# ave_measured_val[0][0] = 719
14 -5 5
14 -5 5
14 -5 5
14 -5 5
14 -5 5
14 -5 5
14 -5 5
14 -5 5
14 -5 5
14 -5 5
# ave_measured_val[0][1] = 712
14 5 -5
14 5 -5
14 5 -5
14 5 -5
14 5 -5
14 5 -5
14 5 -5
14 5 -5
14 5 -5
14 5 -5
# ave_measured_val[1][0] = 715
14 5 5
14 5 5
14 5 5
14 5 5
14 5 5
14 5 5
14 5 5
14 5 5
14 5 5
14 5 5
# ave_measured_val[1][1] = 707
# hoge
# min_loss : 77  estimate[14] = 0
# min_loss : 51  estimate[14] = 34
# min_loss : 47  estimate[14] = 35
# min_loss : 13  estimate[14] = 47
15 -5 -5
15 -5 -5
15 -5 -5
15 -5 -5
15 -5 -5
15 -5 -5
15 -5 -5
15 -5 -5
15 -5 -5
15 -5 -5
# ave_measured_val[0][0] = 647
15 -5 5
15 -5 5
15 -5 5
15 -5 5
15 -5 5
15 -5 5
15 -5 5
15 -5 5
15 -5 5
15 -5 5
# ave_measured_val[0][1] = 669
15 5 -5
15 5 -5
15 5 -5
15 5 -5
15 5 -5
15 5 -5
15 5 -5
15 5 -5
15 5 -5
15 5 -5
# ave_measured_val[1][0] = 688
15 5 5
15 5 5
15 5 5
15 5 5
15 5 5
15 5 5
15 5 5
15 5 5
15 5 5
15 5 5
# ave_measured_val[1][1] = 724
# hoge
# min_loss : 92  estimate[15] = 0
# min_loss : 64  estimate[15] = 1
# min_loss : 28  estimate[15] = 2
# min_loss : 22  estimate[15] = 13
16 -5 -5
16 -5 -5
16 -5 -5
16 -5 -5
16 -5 -5
16 -5 -5
16 -5 -5
16 -5 -5
16 -5 -5
16 -5 -5
# ave_measured_val[0][0] = 689
16 -5 5
16 -5 5
16 -5 5
16 -5 5
16 -5 5
16 -5 5
16 -5 5
16 -5 5
16 -5 5
16 -5 5
# ave_measured_val[0][1] = 723
16 5 -5
16 5 -5
16 5 -5
16 5 -5
16 5 -5
16 5 -5
16 5 -5
16 5 -5
16 5 -5
16 5 -5
# ave_measured_val[1][0] = 641
16 5 5
16 5 5
16 5 5
16 5 5
16 5 5
16 5 5
16 5 5
16 5 5
16 5 5
16 5 5
# ave_measured_val[1][1] = 678
# hoge
# min_loss : 109  estimate[16] = 0
# min_loss : 79  estimate[16] = 4
# min_loss : 39  estimate[16] = 5
# min_loss : 29  estimate[16] = 12
17 -5 -5
17 -5 -5
17 -5 -5
17 -5 -5
17 -5 -5
17 -5 -5
17 -5 -5
17 -5 -5
17 -5 -5
17 -5 -5
# ave_measured_val[0][0] = 677
17 -5 5
17 -5 5
17 -5 5
17 -5 5
17 -5 5
17 -5 5
17 -5 5
17 -5 5
17 -5 5
17 -5 5
# ave_measured_val[0][1] = 718
17 5 -5
17 5 -5
17 5 -5
17 5 -5
17 5 -5
17 5 -5
17 5 -5
17 5 -5
17 5 -5
17 5 -5
# ave_measured_val[1][0] = 696
17 5 5
17 5 5
17 5 5
17 5 5
17 5 5
17 5 5
17 5 5
17 5 5
17 5 5
17 5 5
# ave_measured_val[1][1] = 735
# hoge
# min_loss : 68  estimate[17] = 0
# min_loss : 62  estimate[17] = 3
# min_loss : 50  estimate[17] = 8
# min_loss : 36  estimate[17] = 24
18 -5 -5
18 -5 -5
18 -5 -5
18 -5 -5
18 -5 -5
18 -5 -5
18 -5 -5
18 -5 -5
18 -5 -5
18 -5 -5
# ave_measured_val[0][0] = 702
18 -5 5
18 -5 5
18 -5 5
18 -5 5
18 -5 5
18 -5 5
18 -5 5
18 -5 5
18 -5 5
18 -5 5
# ave_measured_val[0][1] = 697
18 5 -5
18 5 -5
18 5 -5
18 5 -5
18 5 -5
18 5 -5
18 5 -5
18 5 -5
18 5 -5
18 5 -5
# ave_measured_val[1][0] = 697
18 5 5
18 5 5
18 5 5
18 5 5
18 5 5
18 5 5
18 5 5
18 5 5
18 5 5
18 5 5
# ave_measured_val[1][1] = 698
# hoge
# min_loss : 26  estimate[18] = 0
# min_loss : 20  estimate[18] = 40
19 -5 -5
19 -5 -5
19 -5 -5
19 -5 -5
19 -5 -5
19 -5 -5
19 -5 -5
19 -5 -5
19 -5 -5
19 -5 -5
# ave_measured_val[0][0] = 730
19 -5 5
19 -5 5
19 -5 5
19 -5 5
19 -5 5
19 -5 5
19 -5 5
19 -5 5
19 -5 5
19 -5 5
# ave_measured_val[0][1] = 690
19 5 -5
19 5 -5
19 5 -5
19 5 -5
19 5 -5
19 5 -5
19 5 -5
19 5 -5
19 5 -5
19 5 -5
# ave_measured_val[1][0] = 709
19 5 5
19 5 5
19 5 5
19 5 5
19 5 5
19 5 5
19 5 5
19 5 5
19 5 5
19 5 5
# ave_measured_val[1][1] = 670
# hoge
# min_loss : 95  estimate[19] = 0
# min_loss : 79  estimate[19] = 44
# min_loss : 73  estimate[19] = 47
# min_loss : 55  estimate[19] = 48
# min_loss : 39  estimate[19] = 51
# min_loss : 31  estimate[19] = 55
# min_loss : 25  estimate[19] = 61
# min_loss : 23  estimate[19] = 72
20 -5 -5
20 -5 -5
20 -5 -5
20 -5 -5
20 -5 -5
20 -5 -5
20 -5 -5
20 -5 -5
20 -5 -5
20 -5 -5
# ave_measured_val[0][0] = 683
20 -5 5
20 -5 5
20 -5 5
20 -5 5
20 -5 5
20 -5 5
20 -5 5
20 -5 5
20 -5 5
20 -5 5
# ave_measured_val[0][1] = 707
20 5 -5
20 5 -5
20 5 -5
20 5 -5
20 5 -5
20 5 -5
20 5 -5
20 5 -5
20 5 -5
20 5 -5
# ave_measured_val[1][0] = 672
20 5 5
20 5 5
20 5 5
20 5 5
20 5 5
20 5 5
20 5 5
20 5 5
20 5 5
20 5 5
# ave_measured_val[1][1] = 701
# hoge
# min_loss : 39  estimate[20] = 0
# min_loss : 21  estimate[20] = 4
21 -5 -5
21 -5 -5
21 -5 -5
21 -5 -5
21 -5 -5
21 -5 -5
21 -5 -5
21 -5 -5
21 -5 -5
21 -5 -5
# ave_measured_val[0][0] = 702
21 -5 5
21 -5 5
21 -5 5
21 -5 5
21 -5 5
21 -5 5
21 -5 5
21 -5 5
21 -5 5
21 -5 5
# ave_measured_val[0][1] = 679
21 5 -5
21 5 -5
21 5 -5
21 5 -5
21 5 -5
21 5 -5
21 5 -5
21 5 -5
21 5 -5
21 5 -5
# ave_measured_val[1][0] = 716
21 5 5
21 5 5
21 5 5
21 5 5
21 5 5
21 5 5
21 5 5
21 5 5
21 5 5
21 5 5
# ave_measured_val[1][1] = 679
# hoge
# min_loss : 76  estimate[21] = 0
# min_loss : 70  estimate[21] = 41
# min_loss : 46  estimate[21] = 45
# min_loss : 28  estimate[21] = 50
# min_loss : 14  estimate[21] = 52
22 -5 -5
22 -5 -5
22 -5 -5
22 -5 -5
22 -5 -5
22 -5 -5
22 -5 -5
22 -5 -5
22 -5 -5
22 -5 -5
# ave_measured_val[0][0] = 698
22 -5 5
22 -5 5
22 -5 5
22 -5 5
22 -5 5
22 -5 5
22 -5 5
22 -5 5
22 -5 5
22 -5 5
# ave_measured_val[0][1] = 699
22 5 -5
22 5 -5
22 5 -5
22 5 -5
22 5 -5
22 5 -5
22 5 -5
22 5 -5
22 5 -5
22 5 -5
# ave_measured_val[1][0] = 688
22 5 5
22 5 5
22 5 5
22 5 5
22 5 5
22 5 5
22 5 5
22 5 5
22 5 5
22 5 5
# ave_measured_val[1][1] = 700
# hoge
# min_loss : 25  estimate[22] = 0
# min_loss : 23  estimate[22] = 4
# min_loss : 13  estimate[22] = 40
23 -5 -5
23 -5 -5
23 -5 -5
23 -5 -5
23 -5 -5
23 -5 -5
23 -5 -5
23 -5 -5
23 -5 -5
23 -5 -5
# ave_measured_val[0][0] = 686
23 -5 5
23 -5 5
23 -5 5
23 -5 5
23 -5 5
23 -5 5
23 -5 5
23 -5 5
23 -5 5
23 -5 5
# ave_measured_val[0][1] = 733
23 5 -5
23 5 -5
23 5 -5
23 5 -5
23 5 -5
23 5 -5
23 5 -5
23 5 -5
23 5 -5
23 5 -5
# ave_measured_val[1][0] = 650
23 5 5
23 5 5
23 5 5
23 5 5
23 5 5
23 5 5
23 5 5
23 5 5
23 5 5
23 5 5
# ave_measured_val[1][1] = 693
# hoge
# min_loss : 92  estimate[23] = 0
# min_loss : 68  estimate[23] = 4
# min_loss : 58  estimate[23] = 5
# min_loss : 26  estimate[23] = 12
# min_loss : 18  estimate[23] = 23
24 -5 -5
24 -5 -5
24 -5 -5
24 -5 -5
24 -5 -5
24 -5 -5
24 -5 -5
24 -5 -5
24 -5 -5
24 -5 -5
# ave_measured_val[0][0] = 683
24 -5 5
24 -5 5
24 -5 5
24 -5 5
24 -5 5
24 -5 5
24 -5 5
24 -5 5
24 -5 5
24 -5 5
# ave_measured_val[0][1] = 665
24 5 -5
24 5 -5
24 5 -5
24 5 -5
24 5 -5
24 5 -5
24 5 -5
24 5 -5
24 5 -5
24 5 -5
# ave_measured_val[1][0] = 706
24 5 5
24 5 5
24 5 5
24 5 5
24 5 5
24 5 5
24 5 5
24 5 5
24 5 5
24 5 5
# ave_measured_val[1][1] = 697
# hoge
# min_loss : 49  estimate[24] = 0
# min_loss : 43  estimate[24] = 39
# min_loss : 25  estimate[24] = 45
25 -5 -5
25 -5 -5
25 -5 -5
25 -5 -5
25 -5 -5
25 -5 -5
25 -5 -5
25 -5 -5
25 -5 -5
25 -5 -5
# ave_measured_val[0][0] = 695
25 -5 5
25 -5 5
25 -5 5
25 -5 5
25 -5 5
25 -5 5
25 -5 5
25 -5 5
25 -5 5
25 -5 5
# ave_measured_val[0][1] = 718
25 5 -5
25 5 -5
25 5 -5
25 5 -5
25 5 -5
25 5 -5
25 5 -5
25 5 -5
25 5 -5
25 5 -5
# ave_measured_val[1][0] = 661
25 5 5
25 5 5
25 5 5
25 5 5
25 5 5
25 5 5
25 5 5
25 5 5
25 5 5
25 5 5
# ave_measured_val[1][1] = 674
# hoge
# min_loss : 94  estimate[25] = 0
# min_loss : 62  estimate[25] = 4
# min_loss : 20  estimate[25] = 5
26 -5 -5
26 -5 -5
26 -5 -5
26 -5 -5
26 -5 -5
26 -5 -5
26 -5 -5
26 -5 -5
26 -5 -5
26 -5 -5
# ave_measured_val[0][0] = 707
26 -5 5
26 -5 5
26 -5 5
26 -5 5
26 -5 5
26 -5 5
26 -5 5
26 -5 5
26 -5 5
26 -5 5
# ave_measured_val[0][1] = 674
26 5 -5
26 5 -5
26 5 -5
26 5 -5
26 5 -5
26 5 -5
26 5 -5
26 5 -5
26 5 -5
26 5 -5
# ave_measured_val[1][0] = 699
26 5 5
26 5 5
26 5 5
26 5 5
26 5 5
26 5 5
26 5 5
26 5 5
26 5 5
26 5 5
# ave_measured_val[1][1] = 652
# hoge
# min_loss : 96  estimate[26] = 0
# min_loss : 86  estimate[26] = 45
# min_loss : 78  estimate[26] = 49
# min_loss : 54  estimate[26] = 50
# min_loss : 46  estimate[26] = 52
# min_loss : 44  estimate[26] = 55
# min_loss : 14  estimate[26] = 63
27 -5 -5
27 -5 -5
27 -5 -5
27 -5 -5
27 -5 -5
27 -5 -5
27 -5 -5
27 -5 -5
27 -5 -5
27 -5 -5
# ave_measured_val[0][0] = 688
27 -5 5
27 -5 5
27 -5 5
27 -5 5
27 -5 5
27 -5 5
27 -5 5
27 -5 5
27 -5 5
27 -5 5
# ave_measured_val[0][1] = 695
27 5 -5
27 5 -5
27 5 -5
27 5 -5
27 5 -5
27 5 -5
27 5 -5
27 5 -5
27 5 -5
27 5 -5
# ave_measured_val[1][0] = 698
27 5 5
27 5 5
27 5 5
27 5 5
27 5 5
27 5 5
27 5 5
27 5 5
27 5 5
27 5 5
# ave_measured_val[1][1] = 704
# hoge
# min_loss : 9  estimate[27] = 0
28 -5 -5
28 -5 -5
28 -5 -5
28 -5 -5
28 -5 -5
28 -5 -5
28 -5 -5
28 -5 -5
28 -5 -5
28 -5 -5
# ave_measured_val[0][0] = 685
28 -5 5
28 -5 5
28 -5 5
28 -5 5
28 -5 5
28 -5 5
28 -5 5
28 -5 5
28 -5 5
28 -5 5
# ave_measured_val[0][1] = 727
28 5 -5
28 5 -5
28 5 -5
28 5 -5
28 5 -5
28 5 -5
28 5 -5
28 5 -5
28 5 -5
28 5 -5
# ave_measured_val[1][0] = 669
28 5 5
28 5 5
28 5 5
28 5 5
28 5 5
28 5 5
28 5 5
28 5 5
28 5 5
28 5 5
# ave_measured_val[1][1] = 700
# hoge
# min_loss : 61  estimate[28] = 0
# min_loss : 41  estimate[28] = 4
# min_loss : 39  estimate[28] = 12
# min_loss : 13  estimate[28] = 18
29 -5 -5
29 -5 -5
29 -5 -5
29 -5 -5
29 -5 -5
29 -5 -5
29 -5 -5
29 -5 -5
29 -5 -5
29 -5 -5
# ave_measured_val[0][0] = 711
29 -5 5
29 -5 5
29 -5 5
29 -5 5
29 -5 5
29 -5 5
29 -5 5
29 -5 5
29 -5 5
29 -5 5
# ave_measured_val[0][1] = 710
29 5 -5
29 5 -5
29 5 -5
29 5 -5
29 5 -5
29 5 -5
29 5 -5
29 5 -5
29 5 -5
29 5 -5
# ave_measured_val[1][0] = 672
29 5 5
29 5 5
29 5 5
29 5 5
29 5 5
29 5 5
29 5 5
29 5 5
29 5 5
29 5 5
# ave_measured_val[1][1] = 665
# hoge
# min_loss : 100  estimate[29] = 0
# min_loss : 68  estimate[29] = 4
# min_loss : 40  estimate[29] = 5
# min_loss : 26  estimate[29] = 49
# min_loss : 14  estimate[29] = 81
30 -5 -5
30 -5 -5
30 -5 -5
30 -5 -5
30 -5 -5
30 -5 -5
30 -5 -5
30 -5 -5
30 -5 -5
30 -5 -5
# ave_measured_val[0][0] = 641
30 -5 5
30 -5 5
30 -5 5
30 -5 5
30 -5 5
30 -5 5
30 -5 5
30 -5 5
30 -5 5
30 -5 5
# ave_measured_val[0][1] = 686
30 5 -5
30 5 -5
30 5 -5
30 5 -5
30 5 -5
30 5 -5
30 5 -5
30 5 -5
30 5 -5
30 5 -5
# ave_measured_val[1][0] = 687
30 5 5
30 5 5
30 5 5
30 5 5
30 5 5
30 5 5
30 5 5
30 5 5
30 5 5
30 5 5
# ave_measured_val[1][1] = 732
# hoge
# min_loss : 90  estimate[30] = 0
# min_loss : 76  estimate[30] = 1
# min_loss : 58  estimate[30] = 2
# min_loss : 42  estimate[30] = 7
# min_loss : 12  estimate[30] = 13
31 -5 -5
31 -5 -5
31 -5 -5
31 -5 -5
31 -5 -5
31 -5 -5
31 -5 -5
31 -5 -5
31 -5 -5
31 -5 -5
# ave_measured_val[0][0] = 683
31 -5 5
31 -5 5
31 -5 5
31 -5 5
31 -5 5
31 -5 5
31 -5 5
31 -5 5
31 -5 5
31 -5 5
# ave_measured_val[0][1] = 731
31 5 -5
31 5 -5
31 5 -5
31 5 -5
31 5 -5
31 5 -5
31 5 -5
31 5 -5
31 5 -5
31 5 -5
# ave_measured_val[1][0] = 679
31 5 5
31 5 5
31 5 5
31 5 5
31 5 5
31 5 5
31 5 5
31 5 5
31 5 5
31 5 5
# ave_measured_val[1][1] = 722
# hoge
# min_loss : 75  estimate[31] = 0
# min_loss : 59  estimate[31] = 4
# min_loss : 53  estimate[31] = 11
# min_loss : 29  estimate[31] = 18
# min_loss : 19  estimate[31] = 24
32 -5 -5
32 -5 -5
32 -5 -5
32 -5 -5
32 -5 -5
32 -5 -5
32 -5 -5
32 -5 -5
32 -5 -5
32 -5 -5
# ave_measured_val[0][0] = 673
32 -5 5
32 -5 5
32 -5 5
32 -5 5
32 -5 5
32 -5 5
32 -5 5
32 -5 5
32 -5 5
32 -5 5
# ave_measured_val[0][1] = 719
32 5 -5
32 5 -5
32 5 -5
32 5 -5
32 5 -5
32 5 -5
32 5 -5
32 5 -5
32 5 -5
32 5 -5
# ave_measured_val[1][0] = 691
32 5 5
32 5 5
32 5 5
32 5 5
32 5 5
32 5 5
32 5 5
32 5 5
32 5 5
32 5 5
# ave_measured_val[1][1] = 730
# hoge
# min_loss : 69  estimate[32] = 0
# min_loss : 59  estimate[32] = 3
# min_loss : 43  estimate[32] = 8
# min_loss : 37  estimate[32] = 11
# min_loss : 29  estimate[32] = 24
33 -5 -5
33 -5 -5
33 -5 -5
33 -5 -5
33 -5 -5
33 -5 -5
33 -5 -5
33 -5 -5
33 -5 -5
33 -5 -5
# ave_measured_val[0][0] = 705
33 -5 5
33 -5 5
33 -5 5
33 -5 5
33 -5 5
33 -5 5
33 -5 5
33 -5 5
33 -5 5
33 -5 5
# ave_measured_val[0][1] = 670
33 5 -5
33 5 -5
33 5 -5
33 5 -5
33 5 -5
33 5 -5
33 5 -5
33 5 -5
33 5 -5
33 5 -5
# ave_measured_val[1][0] = 698
33 5 5
33 5 5
33 5 5
33 5 5
33 5 5
33 5 5
33 5 5
33 5 5
33 5 5
33 5 5
# ave_measured_val[1][1] = 670
# hoge
# min_loss : 79  estimate[33] = 0
# min_loss : 71  estimate[33] = 45
# min_loss : 39  estimate[33] = 50
# min_loss : 33  estimate[33] = 52
# min_loss : 25  estimate[33] = 63
# min_loss : 17  estimate[33] = 64
34 -5 -5
34 -5 -5
34 -5 -5
34 -5 -5
34 -5 -5
34 -5 -5
34 -5 -5
34 -5 -5
34 -5 -5
34 -5 -5
# ave_measured_val[0][0] = 688
34 -5 5
34 -5 5
34 -5 5
34 -5 5
34 -5 5
34 -5 5
34 -5 5
34 -5 5
34 -5 5
34 -5 5
# ave_measured_val[0][1] = 693
34 5 -5
34 5 -5
34 5 -5
34 5 -5
34 5 -5
34 5 -5
34 5 -5
34 5 -5
34 5 -5
34 5 -5
# ave_measured_val[1][0] = 690
34 5 5
34 5 5
34 5 5
34 5 5
34 5 5
34 5 5
34 5 5
34 5 5
34 5 5
34 5 5
# ave_measured_val[1][1] = 706
# hoge
# min_loss : 11  estimate[34] = 0
35 -5 -5
35 -5 -5
35 -5 -5
35 -5 -5
35 -5 -5
35 -5 -5
35 -5 -5
35 -5 -5
35 -5 -5
35 -5 -5
# ave_measured_val[0][0] = 696
35 -5 5
35 -5 5
35 -5 5
35 -5 5
35 -5 5
35 -5 5
35 -5 5
35 -5 5
35 -5 5
35 -5 5
# ave_measured_val[0][1] = 651
35 5 -5
35 5 -5
35 5 -5
35 5 -5
35 5 -5
35 5 -5
35 5 -5
35 5 -5
35 5 -5
35 5 -5
# ave_measured_val[1][0] = 718
35 5 5
35 5 5
35 5 5
35 5 5
35 5 5
35 5 5
35 5 5
35 5 5
35 5 5
35 5 5
# ave_measured_val[1][1] = 685
# hoge
# min_loss : 94  estimate[35] = 0
# min_loss : 78  estimate[35] = 41
# min_loss : 62  estimate[35] = 45
# min_loss : 58  estimate[35] = 50
# min_loss : 40  estimate[35] = 52
# min_loss : 26  estimate[35] = 53
# min_loss : 24  estimate[35] = 58
# min_loss : 12  estimate[35] = 60
36 -5 -5
36 -5 -5
36 -5 -5
36 -5 -5
36 -5 -5
36 -5 -5
36 -5 -5
36 -5 -5
36 -5 -5
36 -5 -5
# ave_measured_val[0][0] = 696
36 -5 5
36 -5 5
36 -5 5
36 -5 5
36 -5 5
36 -5 5
36 -5 5
36 -5 5
36 -5 5
36 -5 5
# ave_measured_val[0][1] = 669
36 5 -5
36 5 -5
36 5 -5
36 5 -5
36 5 -5
36 5 -5
36 5 -5
36 5 -5
36 5 -5
36 5 -5
# ave_measured_val[1][0] = 724
36 5 5
36 5 5
36 5 5
36 5 5
36 5 5
36 5 5
36 5 5
36 5 5
36 5 5
36 5 5
# ave_measured_val[1][1] = 706
# hoge
# min_loss : 69  estimate[36] = 0
# min_loss : 61  estimate[36] = 39
# min_loss : 45  estimate[36] = 41
# min_loss : 37  estimate[36] = 45
# min_loss : 23  estimate[36] = 53
# min_loss : 19  estimate[36] = 76
37 -5 -5
37 -5 -5
37 -5 -5
37 -5 -5
37 -5 -5
37 -5 -5
37 -5 -5
37 -5 -5
37 -5 -5
37 -5 -5
# ave_measured_val[0][0] = 685
37 -5 5
37 -5 5
37 -5 5
37 -5 5
37 -5 5
37 -5 5
37 -5 5
37 -5 5
37 -5 5
37 -5 5
# ave_measured_val[0][1] = 666
37 5 -5
37 5 -5
37 5 -5
37 5 -5
37 5 -5
37 5 -5
37 5 -5
37 5 -5
37 5 -5
37 5 -5
# ave_measured_val[1][0] = 718
37 5 5
37 5 5
37 5 5
37 5 5
37 5 5
37 5 5
37 5 5
37 5 5
37 5 5
37 5 5
# ave_measured_val[1][1] = 703
# hoge
# min_loss : 54  estimate[37] = 0
# min_loss : 50  estimate[37] = 39
# min_loss : 34  estimate[37] = 41
# min_loss : 22  estimate[37] = 45
# min_loss : 20  estimate[37] = 75
# min_loss : 14  estimate[37] = 76
38 -5 -5
38 -5 -5
38 -5 -5
38 -5 -5
38 -5 -5
38 -5 -5
38 -5 -5
38 -5 -5
38 -5 -5
38 -5 -5
# ave_measured_val[0][0] = 667
38 -5 5
38 -5 5
38 -5 5
38 -5 5
38 -5 5
38 -5 5
38 -5 5
38 -5 5
38 -5 5
38 -5 5
# ave_measured_val[0][1] = 688
38 5 -5
38 5 -5
38 5 -5
38 5 -5
38 5 -5
38 5 -5
38 5 -5
38 5 -5
38 5 -5
38 5 -5
# ave_measured_val[1][0] = 679
38 5 5
38 5 5
38 5 5
38 5 5
38 5 5
38 5 5
38 5 5
38 5 5
38 5 5
38 5 5
# ave_measured_val[1][1] = 691
# hoge
# min_loss : 51  estimate[38] = 0
# min_loss : 19  estimate[38] = 1
39 -5 -5
39 -5 -5
39 -5 -5
39 -5 -5
39 -5 -5
39 -5 -5
39 -5 -5
39 -5 -5
39 -5 -5
39 -5 -5
# ave_measured_val[0][0] = 652
39 -5 5
39 -5 5
39 -5 5
39 -5 5
39 -5 5
39 -5 5
39 -5 5
39 -5 5
39 -5 5
39 -5 5
# ave_measured_val[0][1] = 678
39 5 -5
39 5 -5
39 5 -5
39 5 -5
39 5 -5
39 5 -5
39 5 -5
39 5 -5
39 5 -5
39 5 -5
# ave_measured_val[1][0] = 690
39 5 5
39 5 5
39 5 5
39 5 5
39 5 5
39 5 5
39 5 5
39 5 5
39 5 5
39 5 5
# ave_measured_val[1][1] = 732
# hoge
# min_loss : 84  estimate[39] = 0
# min_loss : 60  estimate[39] = 1
# min_loss : 36  estimate[39] = 2
# min_loss : 28  estimate[39] = 7
# min_loss : 24  estimate[39] = 13
40 -5 -5
40 -5 -5
40 -5 -5
40 -5 -5
40 -5 -5
40 -5 -5
40 -5 -5
40 -5 -5
40 -5 -5
40 -5 -5
# ave_measured_val[0][0] = 732
40 -5 5
40 -5 5
40 -5 5
40 -5 5
40 -5 5
40 -5 5
40 -5 5
40 -5 5
40 -5 5
40 -5 5
# ave_measured_val[0][1] = 697
40 5 -5
40 5 -5
40 5 -5
40 5 -5
40 5 -5
40 5 -5
40 5 -5
40 5 -5
40 5 -5
40 5 -5
# ave_measured_val[1][0] = 730
40 5 5
40 5 5
40 5 5
40 5 5
40 5 5
40 5 5
40 5 5
40 5 5
40 5 5
40 5 5
# ave_measured_val[1][1] = 680
# hoge
# min_loss : 107  estimate[40] = 0
# min_loss : 101  estimate[40] = 40
# min_loss : 85  estimate[40] = 44
# min_loss : 83  estimate[40] = 46
# min_loss : 69  estimate[40] = 47
# min_loss : 61  estimate[40] = 48
# min_loss : 21  estimate[40] = 54
# min_loss : 19  estimate[40] = 57
41 -5 -5
41 -5 -5
41 -5 -5
41 -5 -5
41 -5 -5
41 -5 -5
41 -5 -5
41 -5 -5
41 -5 -5
41 -5 -5
# ave_measured_val[0][0] = 652
41 -5 5
41 -5 5
41 -5 5
41 -5 5
41 -5 5
41 -5 5
41 -5 5
41 -5 5
41 -5 5
41 -5 5
# ave_measured_val[0][1] = 667
41 5 -5
41 5 -5
41 5 -5
41 5 -5
41 5 -5
41 5 -5
41 5 -5
41 5 -5
41 5 -5
41 5 -5
# ave_measured_val[1][0] = 688
41 5 5
41 5 5
41 5 5
41 5 5
41 5 5
41 5 5
41 5 5
41 5 5
41 5 5
41 5 5
# ave_measured_val[1][1] = 701
# hoge
# min_loss : 68  estimate[41] = 0
# min_loss : 38  estimate[41] = 1
# min_loss : 20  estimate[41] = 2
42 -5 -5
42 -5 -5
42 -5 -5
42 -5 -5
42 -5 -5
42 -5 -5
42 -5 -5
42 -5 -5
42 -5 -5
42 -5 -5
# ave_measured_val[0][0] = 689
42 -5 5
42 -5 5
42 -5 5
42 -5 5
42 -5 5
42 -5 5
42 -5 5
42 -5 5
42 -5 5
42 -5 5
# ave_measured_val[0][1] = 656
42 5 -5
42 5 -5
42 5 -5
42 5 -5
42 5 -5
42 5 -5
42 5 -5
42 5 -5
42 5 -5
42 5 -5
# ave_measured_val[1][0] = 727
42 5 5
42 5 5
42 5 5
42 5 5
42 5 5
42 5 5
42 5 5
42 5 5
42 5 5
42 5 5
# ave_measured_val[1][1] = 686
# hoge
# min_loss : 90  estimate[42] = 0
# min_loss : 74  estimate[42] = 41
# min_loss : 58  estimate[42] = 45
# min_loss : 52  estimate[42] = 52
# min_loss : 28  estimate[42] = 53
# min_loss : 24  estimate[42] = 60
# min_loss : 14  estimate[42] = 68
43 -5 -5
43 -5 -5
43 -5 -5
43 -5 -5
43 -5 -5
43 -5 -5
43 -5 -5
43 -5 -5
43 -5 -5
43 -5 -5
# ave_measured_val[0][0] = 661
43 -5 5
43 -5 5
43 -5 5
43 -5 5
43 -5 5
43 -5 5
43 -5 5
43 -5 5
43 -5 5
43 -5 5
# ave_measured_val[0][1] = 694
43 5 -5
43 5 -5
43 5 -5
43 5 -5
43 5 -5
43 5 -5
43 5 -5
43 5 -5
43 5 -5
43 5 -5
# ave_measured_val[1][0] = 698
43 5 5
43 5 5
43 5 5
43 5 5
43 5 5
43 5 5
43 5 5
43 5 5
43 5 5
43 5 5
# ave_measured_val[1][1] = 721
# hoge
# min_loss : 48  estimate[43] = 0
# min_loss : 46  estimate[43] = 2
# min_loss : 24  estimate[43] = 3
# min_loss : 16  estimate[43] = 7
# min_loss : 10  estimate[43] = 10
44 -5 -5
44 -5 -5
44 -5 -5
44 -5 -5
44 -5 -5
44 -5 -5
44 -5 -5
44 -5 -5
44 -5 -5
44 -5 -5
# ave_measured_val[0][0] = 659
44 -5 5
44 -5 5
44 -5 5
44 -5 5
44 -5 5
44 -5 5
44 -5 5
44 -5 5
44 -5 5
44 -5 5
# ave_measured_val[0][1] = 703
44 5 -5
44 5 -5
44 5 -5
44 5 -5
44 5 -5
44 5 -5
44 5 -5
44 5 -5
44 5 -5
44 5 -5
# ave_measured_val[1][0] = 680
44 5 5
44 5 5
44 5 5
44 5 5
44 5 5
44 5 5
44 5 5
44 5 5
44 5 5
44 5 5
# ave_measured_val[1][1] = 721
# hoge
# min_loss : 69  estimate[44] = 0
# min_loss : 57  estimate[44] = 1
# min_loss : 53  estimate[44] = 3
# min_loss : 41  estimate[44] = 7
# min_loss : 37  estimate[44] = 8
# min_loss : 31  estimate[44] = 10
# min_loss : 21  estimate[44] = 11
# min_loss : 19  estimate[44] = 20
45 -5 -5
45 -5 -5
45 -5 -5
45 -5 -5
45 -5 -5
45 -5 -5
45 -5 -5
45 -5 -5
45 -5 -5
45 -5 -5
# ave_measured_val[0][0] = 711
45 -5 5
45 -5 5
45 -5 5
45 -5 5
45 -5 5
45 -5 5
45 -5 5
45 -5 5
45 -5 5
45 -5 5
# ave_measured_val[0][1] = 667
45 5 -5
45 5 -5
45 5 -5
45 5 -5
45 5 -5
45 5 -5
45 5 -5
45 5 -5
45 5 -5
45 5 -5
# ave_measured_val[1][0] = 729
45 5 5
45 5 5
45 5 5
45 5 5
45 5 5
45 5 5
45 5 5
45 5 5
45 5 5
45 5 5
# ave_measured_val[1][1] = 687
# hoge
# min_loss : 102  estimate[45] = 0
# min_loss : 86  estimate[45] = 41
# min_loss : 70  estimate[45] = 45
# min_loss : 56  estimate[45] = 50
# min_loss : 32  estimate[45] = 52
# min_loss : 24  estimate[45] = 53
46 -5 -5
46 -5 -5
46 -5 -5
46 -5 -5
46 -5 -5
46 -5 -5
46 -5 -5
46 -5 -5
46 -5 -5
46 -5 -5
# ave_measured_val[0][0] = 733
46 -5 5
46 -5 5
46 -5 5
46 -5 5
46 -5 5
46 -5 5
46 -5 5
46 -5 5
46 -5 5
46 -5 5
# ave_measured_val[0][1] = 717
46 5 -5
46 5 -5
46 5 -5
46 5 -5
46 5 -5
46 5 -5
46 5 -5
46 5 -5
46 5 -5
46 5 -5
# ave_measured_val[1][0] = 698
46 5 5
46 5 5
46 5 5
46 5 5
46 5 5
46 5 5
46 5 5
46 5 5
46 5 5
46 5 5
# ave_measured_val[1][1] = 688
# hoge
# min_loss : 88  estimate[46] = 0
# min_loss : 80  estimate[46] = 4
# min_loss : 78  estimate[46] = 31
# min_loss : 58  estimate[46] = 35
# min_loss : 38  estimate[46] = 44
# min_loss : 16  estimate[46] = 48
47 -5 -5
47 -5 -5
47 -5 -5
47 -5 -5
47 -5 -5
47 -5 -5
47 -5 -5
47 -5 -5
47 -5 -5
47 -5 -5
# ave_measured_val[0][0] = 701
47 -5 5
47 -5 5
47 -5 5
47 -5 5
47 -5 5
47 -5 5
47 -5 5
47 -5 5
47 -5 5
47 -5 5
# ave_measured_val[0][1] = 663
47 5 -5
47 5 -5
47 5 -5
47 5 -5
47 5 -5
47 5 -5
47 5 -5
47 5 -5
47 5 -5
47 5 -5
# ave_measured_val[1][0] = 743
47 5 5
47 5 5
47 5 5
47 5 5
47 5 5
47 5 5
47 5 5
47 5 5
47 5 5
47 5 5
# ave_measured_val[1][1] = 701
# hoge
# min_loss : 96  estimate[47] = 0
# min_loss : 80  estimate[47] = 41
# min_loss : 64  estimate[47] = 45
# min_loss : 38  estimate[47] = 53
# min_loss : 32  estimate[47] = 71
48 -5 -5
48 -5 -5
48 -5 -5
48 -5 -5
48 -5 -5
48 -5 -5
48 -5 -5
48 -5 -5
48 -5 -5
48 -5 -5
# ave_measured_val[0][0] = 684
48 -5 5
48 -5 5
48 -5 5
48 -5 5
48 -5 5
48 -5 5
48 -5 5
48 -5 5
48 -5 5
48 -5 5
# ave_measured_val[0][1] = 664
48 5 -5
48 5 -5
48 5 -5
48 5 -5
48 5 -5
48 5 -5
48 5 -5
48 5 -5
48 5 -5
48 5 -5
# ave_measured_val[1][0] = 736
48 5 5
48 5 5
48 5 5
48 5 5
48 5 5
48 5 5
48 5 5
48 5 5
48 5 5
48 5 5
# ave_measured_val[1][1] = 718
# hoge
# min_loss : 90  estimate[48] = 0
# min_loss : 86  estimate[48] = 2
# min_loss : 70  estimate[48] = 3
# min_loss : 46  estimate[48] = 41
# min_loss : 38  estimate[48] = 42
49 -5 -5
49 -5 -5
49 -5 -5
49 -5 -5
49 -5 -5
49 -5 -5
49 -5 -5
49 -5 -5
49 -5 -5
49 -5 -5
# ave_measured_val[0][0] = 734
49 -5 5
49 -5 5
49 -5 5
49 -5 5
49 -5 5
49 -5 5
49 -5 5
49 -5 5
49 -5 5
49 -5 5
# ave_measured_val[0][1] = 684
49 5 -5
49 5 -5
49 5 -5
49 5 -5
49 5 -5
49 5 -5
49 5 -5
49 5 -5
49 5 -5
49 5 -5
# ave_measured_val[1][0] = 688
49 5 5
49 5 5
49 5 5
49 5 5
49 5 5
49 5 5
49 5 5
49 5 5
49 5 5
49 5 5
# ave_measured_val[1][1] = 645
# hoge
# min_loss : 121  estimate[49] = 0
# min_loss : 113  estimate[49] = 40
# min_loss : 93  estimate[49] = 44
# min_loss : 73  estimate[49] = 48
# min_loss : 61  estimate[49] = 49
# min_loss : 49  estimate[49] = 51
# min_loss : 13  estimate[49] = 62
50 -5 -5
50 -5 -5
50 -5 -5
50 -5 -5
50 -5 -5
50 -5 -5
50 -5 -5
50 -5 -5
50 -5 -5
50 -5 -5
# ave_measured_val[0][0] = 723
50 -5 5
50 -5 5
50 -5 5
50 -5 5
50 -5 5
50 -5 5
50 -5 5
50 -5 5
50 -5 5
50 -5 5
# ave_measured_val[0][1] = 687
50 5 -5
50 5 -5
50 5 -5
50 5 -5
50 5 -5
50 5 -5
50 5 -5
50 5 -5
50 5 -5
50 5 -5
# ave_measured_val[1][0] = 738
50 5 5
50 5 5
50 5 5
50 5 5
50 5 5
50 5 5
50 5 5
50 5 5
50 5 5
50 5 5
# ave_measured_val[1][1] = 694
# hoge
# min_loss : 96  estimate[50] = 0
# min_loss : 90  estimate[50] = 42
# min_loss : 82  estimate[50] = 43
# min_loss : 64  estimate[50] = 46
# min_loss : 38  estimate[50] = 54
# min_loss : 22  estimate[50] = 57
# min_loss : 18  estimate[50] = 59
51 -5 -5
51 -5 -5
51 -5 -5
51 -5 -5
51 -5 -5
51 -5 -5
51 -5 -5
51 -5 -5
51 -5 -5
51 -5 -5
# ave_measured_val[0][0] = 694
51 -5 5
51 -5 5
51 -5 5
51 -5 5
51 -5 5
51 -5 5
51 -5 5
51 -5 5
51 -5 5
51 -5 5
# ave_measured_val[0][1] = 678
51 5 -5
51 5 -5
51 5 -5
51 5 -5
51 5 -5
51 5 -5
51 5 -5
51 5 -5
51 5 -5
51 5 -5
# ave_measured_val[1][0] = 727
51 5 5
51 5 5
51 5 5
51 5 5
51 5 5
51 5 5
51 5 5
51 5 5
51 5 5
51 5 5
# ave_measured_val[1][1] = 731
# hoge
# min_loss : 86  estimate[51] = 0
# min_loss : 70  estimate[51] = 3
# min_loss : 46  estimate[51] = 32
# min_loss : 44  estimate[51] = 33
# min_loss : 30  estimate[51] = 42
# min_loss : 22  estimate[51] = 43
52 -5 -5
52 -5 -5
52 -5 -5
52 -5 -5
52 -5 -5
52 -5 -5
52 -5 -5
52 -5 -5
52 -5 -5
52 -5 -5
# ave_measured_val[0][0] = 708
52 -5 5
52 -5 5
52 -5 5
52 -5 5
52 -5 5
52 -5 5
52 -5 5
52 -5 5
52 -5 5
52 -5 5
# ave_measured_val[0][1] = 699
52 5 -5
52 5 -5
52 5 -5
52 5 -5
52 5 -5
52 5 -5
52 5 -5
52 5 -5
52 5 -5
52 5 -5
# ave_measured_val[1][0] = 686
52 5 5
52 5 5
52 5 5
52 5 5
52 5 5
52 5 5
52 5 5
52 5 5
52 5 5
52 5 5
# ave_measured_val[1][1] = 679
# hoge
# min_loss : 58  estimate[52] = 0
# min_loss : 48  estimate[52] = 4
# min_loss : 42  estimate[52] = 40
# min_loss : 38  estimate[52] = 49
# min_loss : 26  estimate[52] = 84
# min_loss : 16  estimate[52] = 85
53 -5 -5
53 -5 -5
53 -5 -5
53 -5 -5
53 -5 -5
53 -5 -5
53 -5 -5
53 -5 -5
53 -5 -5
53 -5 -5
# ave_measured_val[0][0] = 712
53 -5 5
53 -5 5
53 -5 5
53 -5 5
53 -5 5
53 -5 5
53 -5 5
53 -5 5
53 -5 5
53 -5 5
# ave_measured_val[0][1] = 694
53 5 -5
53 5 -5
53 5 -5
53 5 -5
53 5 -5
53 5 -5
53 5 -5
53 5 -5
53 5 -5
53 5 -5
# ave_measured_val[1][0] = 682
53 5 5
53 5 5
53 5 5
53 5 5
53 5 5
53 5 5
53 5 5
53 5 5
53 5 5
53 5 5
# ave_measured_val[1][1] = 645
# hoge
# min_loss : 95  estimate[53] = 0
# min_loss : 87  estimate[53] = 4
# min_loss : 75  estimate[53] = 44
# min_loss : 43  estimate[53] = 49
# min_loss : 27  estimate[53] = 62
# min_loss : 23  estimate[53] = 79
54 -5 -5
54 -5 -5
54 -5 -5
54 -5 -5
54 -5 -5
54 -5 -5
54 -5 -5
54 -5 -5
54 -5 -5
54 -5 -5
# ave_measured_val[0][0] = 691
54 -5 5
54 -5 5
54 -5 5
54 -5 5
54 -5 5
54 -5 5
54 -5 5
54 -5 5
54 -5 5
54 -5 5
# ave_measured_val[0][1] = 676
54 5 -5
54 5 -5
54 5 -5
54 5 -5
54 5 -5
54 5 -5
54 5 -5
54 5 -5
54 5 -5
54 5 -5
# ave_measured_val[1][0] = 697
54 5 5
54 5 5
54 5 5
54 5 5
54 5 5
54 5 5
54 5 5
54 5 5
54 5 5
54 5 5
# ave_measured_val[1][1] = 700
# hoge
# min_loss : 28  estimate[54] = 0
# min_loss : 22  estimate[54] = 45
55 -5 -5
55 -5 -5
55 -5 -5
55 -5 -5
55 -5 -5
55 -5 -5
55 -5 -5
55 -5 -5
55 -5 -5
55 -5 -5
# ave_measured_val[0][0] = 662
55 -5 5
55 -5 5
55 -5 5
55 -5 5
55 -5 5
55 -5 5
55 -5 5
55 -5 5
55 -5 5
55 -5 5
# ave_measured_val[0][1] = 702
55 5 -5
55 5 -5
55 5 -5
55 5 -5
55 5 -5
55 5 -5
55 5 -5
55 5 -5
55 5 -5
55 5 -5
# ave_measured_val[1][0] = 666
55 5 5
55 5 5
55 5 5
55 5 5
55 5 5
55 5 5
55 5 5
55 5 5
55 5 5
55 5 5
# ave_measured_val[1][1] = 708
# hoge
# min_loss : 66  estimate[55] = 0
# min_loss : 50  estimate[55] = 1
# min_loss : 26  estimate[55] = 9
56 -5 -5
56 -5 -5
56 -5 -5
56 -5 -5
56 -5 -5
56 -5 -5
56 -5 -5
56 -5 -5
56 -5 -5
56 -5 -5
# ave_measured_val[0][0] = 690
56 -5 5
56 -5 5
56 -5 5
56 -5 5
56 -5 5
56 -5 5
56 -5 5
56 -5 5
56 -5 5
56 -5 5
# ave_measured_val[0][1] = 707
56 5 -5
56 5 -5
56 5 -5
56 5 -5
56 5 -5
56 5 -5
56 5 -5
56 5 -5
56 5 -5
56 5 -5
# ave_measured_val[1][0] = 692
56 5 5
56 5 5
56 5 5
56 5 5
56 5 5
56 5 5
56 5 5
56 5 5
56 5 5
56 5 5
# ave_measured_val[1][1] = 700
# hoge
# min_loss : 21  estimate[56] = 0
# min_loss : 13  estimate[56] = 4
57 -5 -5
57 -5 -5
57 -5 -5
57 -5 -5
57 -5 -5
57 -5 -5
57 -5 -5
57 -5 -5
57 -5 -5
57 -5 -5
# ave_measured_val[0][0] = 685
57 -5 5
57 -5 5
57 -5 5
57 -5 5
57 -5 5
57 -5 5
57 -5 5
57 -5 5
57 -5 5
57 -5 5
# ave_measured_val[0][1] = 698
57 5 -5
57 5 -5
57 5 -5
57 5 -5
57 5 -5
57 5 -5
57 5 -5
57 5 -5
57 5 -5
57 5 -5
# ave_measured_val[1][0] = 659
57 5 5
57 5 5
57 5 5
57 5 5
57 5 5
57 5 5
57 5 5
57 5 5
57 5 5
57 5 5
# ave_measured_val[1][1] = 665
# hoge
# min_loss : 77  estimate[57] = 0
# min_loss : 69  estimate[57] = 4
# min_loss : 31  estimate[57] = 5
# min_loss : 27  estimate[57] = 6
58 -5 -5
58 -5 -5
58 -5 -5
58 -5 -5
58 -5 -5
58 -5 -5
58 -5 -5
58 -5 -5
58 -5 -5
58 -5 -5
# ave_measured_val[0][0] = 697
58 -5 5
58 -5 5
58 -5 5
58 -5 5
58 -5 5
58 -5 5
58 -5 5
58 -5 5
58 -5 5
58 -5 5
# ave_measured_val[0][1] = 702
58 5 -5
58 5 -5
58 5 -5
58 5 -5
58 5 -5
58 5 -5
58 5 -5
58 5 -5
58 5 -5
58 5 -5
# ave_measured_val[1][0] = 710
58 5 5
58 5 5
58 5 5
58 5 5
58 5 5
58 5 5
58 5 5
58 5 5
58 5 5
58 5 5
# ave_measured_val[1][1] = 721
# hoge
# min_loss : 54  estimate[58] = 0
# min_loss : 48  estimate[58] = 32
# min_loss : 16  estimate[58] = 34
59 -5 -5
59 -5 -5
59 -5 -5
59 -5 -5
59 -5 -5
59 -5 -5
59 -5 -5
59 -5 -5
59 -5 -5
59 -5 -5
# ave_measured_val[0][0] = 700
59 -5 5
59 -5 5
59 -5 5
59 -5 5
59 -5 5
59 -5 5
59 -5 5
59 -5 5
59 -5 5
59 -5 5
# ave_measured_val[0][1] = 657
59 5 -5
59 5 -5
59 5 -5
59 5 -5
59 5 -5
59 5 -5
59 5 -5
59 5 -5
59 5 -5
59 5 -5
# ave_measured_val[1][0] = 729
59 5 5
59 5 5
59 5 5
59 5 5
59 5 5
59 5 5
59 5 5
59 5 5
59 5 5
59 5 5
# ave_measured_val[1][1] = 703
# hoge
# min_loss : 87  estimate[59] = 0
# min_loss : 85  estimate[59] = 39
# min_loss : 69  estimate[59] = 41
# min_loss : 55  estimate[59] = 45
# min_loss : 31  estimate[59] = 53
# min_loss : 17  estimate[59] = 71
60 -5 -5
60 -5 -5
60 -5 -5
60 -5 -5
60 -5 -5
60 -5 -5
60 -5 -5
60 -5 -5
60 -5 -5
60 -5 -5
# ave_measured_val[0][0] = 672
60 -5 5
60 -5 5
60 -5 5
60 -5 5
60 -5 5
60 -5 5
60 -5 5
60 -5 5
60 -5 5
60 -5 5
# ave_measured_val[0][1] = 704
60 5 -5
60 5 -5
60 5 -5
60 5 -5
60 5 -5
60 5 -5
60 5 -5
60 5 -5
60 5 -5
60 5 -5
# ave_measured_val[1][0] = 674
60 5 5
60 5 5
60 5 5
60 5 5
60 5 5
60 5 5
60 5 5
60 5 5
60 5 5
60 5 5
# ave_measured_val[1][1] = 707
# hoge
# min_loss : 49  estimate[60] = 0
# min_loss : 37  estimate[60] = 4
# min_loss : 27  estimate[60] = 11
# min_loss : 21  estimate[60] = 26
# min_loss : 19  estimate[60] = 29
61 -5 -5
61 -5 -5
61 -5 -5
61 -5 -5
61 -5 -5
61 -5 -5
61 -5 -5
61 -5 -5
61 -5 -5
61 -5 -5
# ave_measured_val[0][0] = 711
61 -5 5
61 -5 5
61 -5 5
61 -5 5
61 -5 5
61 -5 5
61 -5 5
61 -5 5
61 -5 5
61 -5 5
# ave_measured_val[0][1] = 700
61 5 -5
61 5 -5
61 5 -5
61 5 -5
61 5 -5
61 5 -5
61 5 -5
61 5 -5
61 5 -5
61 5 -5
# ave_measured_val[1][0] = 723
61 5 5
61 5 5
61 5 5
61 5 5
61 5 5
61 5 5
61 5 5
61 5 5
61 5 5
61 5 5
# ave_measured_val[1][1] = 699
# hoge
# min_loss : 63  estimate[61] = 0
# min_loss : 57  estimate[61] = 40
# min_loss : 53  estimate[61] = 46
# min_loss : 25  estimate[61] = 47
62 -5 -5
62 -5 -5
62 -5 -5
62 -5 -5
62 -5 -5
62 -5 -5
62 -5 -5
62 -5 -5
62 -5 -5
62 -5 -5
# ave_measured_val[0][0] = 710
62 -5 5
62 -5 5
62 -5 5
62 -5 5
62 -5 5
62 -5 5
62 -5 5
62 -5 5
62 -5 5
62 -5 5
# ave_measured_val[0][1] = 689
62 5 -5
62 5 -5
62 5 -5
62 5 -5
62 5 -5
62 5 -5
62 5 -5
62 5 -5
62 5 -5
62 5 -5
# ave_measured_val[1][0] = 670
62 5 5
62 5 5
62 5 5
62 5 5
62 5 5
62 5 5
62 5 5
62 5 5
62 5 5
62 5 5
# ave_measured_val[1][1] = 646
# hoge
# min_loss : 109  estimate[62] = 0
# min_loss : 101  estimate[62] = 4
# min_loss : 77  estimate[62] = 5
# min_loss : 61  estimate[62] = 49
# min_loss : 35  estimate[62] = 62
# min_loss : 13  estimate[62] = 79
63 -5 -5
63 -5 -5
63 -5 -5
63 -5 -5
63 -5 -5
63 -5 -5
63 -5 -5
63 -5 -5
63 -5 -5
63 -5 -5
# ave_measured_val[0][0] = 705
63 -5 5
63 -5 5
63 -5 5
63 -5 5
63 -5 5
63 -5 5
63 -5 5
63 -5 5
63 -5 5
63 -5 5
# ave_measured_val[0][1] = 695
63 5 -5
63 5 -5
63 5 -5
63 5 -5
63 5 -5
63 5 -5
63 5 -5
63 5 -5
63 5 -5
63 5 -5
# ave_measured_val[1][0] = 668
63 5 5
63 5 5
63 5 5
63 5 5
63 5 5
63 5 5
63 5 5
63 5 5
63 5 5
63 5 5
# ave_measured_val[1][1] = 654
# hoge
# min_loss : 94  estimate[63] = 0
# min_loss : 84  estimate[63] = 4
# min_loss : 56  estimate[63] = 5
# min_loss : 54  estimate[63] = 49
# min_loss : 40  estimate[63] = 73
# min_loss : 8  estimate[63] = 79
64 -5 -5
64 -5 -5
64 -5 -5
64 -5 -5
64 -5 -5
64 -5 -5
64 -5 -5
64 -5 -5
64 -5 -5
64 -5 -5
# ave_measured_val[0][0] = 718
64 -5 5
64 -5 5
64 -5 5
64 -5 5
64 -5 5
64 -5 5
64 -5 5
64 -5 5
64 -5 5
64 -5 5
# ave_measured_val[0][1] = 717
64 5 -5
64 5 -5
64 5 -5
64 5 -5
64 5 -5
64 5 -5
64 5 -5
64 5 -5
64 5 -5
64 5 -5
# ave_measured_val[1][0] = 690
64 5 5
64 5 5
64 5 5
64 5 5
64 5 5
64 5 5
64 5 5
64 5 5
64 5 5
64 5 5
# ave_measured_val[1][1] = 684
# hoge
# min_loss : 77  estimate[64] = 0
# min_loss : 61  estimate[64] = 4
# min_loss : 55  estimate[64] = 31
# min_loss : 47  estimate[64] = 36
# min_loss : 39  estimate[64] = 38
# min_loss : 19  estimate[64] = 44
65 -5 -5
65 -5 -5
65 -5 -5
65 -5 -5
65 -5 -5
65 -5 -5
65 -5 -5
65 -5 -5
65 -5 -5
65 -5 -5
# ave_measured_val[0][0] = 698
65 -5 5
65 -5 5
65 -5 5
65 -5 5
65 -5 5
65 -5 5
65 -5 5
65 -5 5
65 -5 5
65 -5 5
# ave_measured_val[0][1] = 715
65 5 -5
65 5 -5
65 5 -5
65 5 -5
65 5 -5
65 5 -5
65 5 -5
65 5 -5
65 5 -5
65 5 -5
# ave_measured_val[1][0] = 671
65 5 5
65 5 5
65 5 5
65 5 5
65 5 5
65 5 5
65 5 5
65 5 5
65 5 5
65 5 5
# ave_measured_val[1][1] = 688
# hoge
# min_loss : 70  estimate[65] = 0
# min_loss : 38  estimate[65] = 4
# min_loss : 34  estimate[65] = 12
# min_loss : 26  estimate[65] = 31
66 -5 -5
66 -5 -5
66 -5 -5
66 -5 -5
66 -5 -5
66 -5 -5
66 -5 -5
66 -5 -5
66 -5 -5
66 -5 -5
# ave_measured_val[0][0] = 710
66 -5 5
66 -5 5
66 -5 5
66 -5 5
66 -5 5
66 -5 5
66 -5 5
66 -5 5
66 -5 5
66 -5 5
# ave_measured_val[0][1] = 715
66 5 -5
66 5 -5
66 5 -5
66 5 -5
66 5 -5
66 5 -5
66 5 -5
66 5 -5
66 5 -5
66 5 -5
# ave_measured_val[1][0] = 675
66 5 5
66 5 5
66 5 5
66 5 5
66 5 5
66 5 5
66 5 5
66 5 5
66 5 5
66 5 5
# ave_measured_val[1][1] = 678
# hoge
# min_loss : 88  estimate[66] = 0
# min_loss : 56  estimate[66] = 4
# min_loss : 50  estimate[66] = 5
# min_loss : 40  estimate[66] = 31
# min_loss : 24  estimate[66] = 38
67 -5 -5
67 -5 -5
67 -5 -5
67 -5 -5
67 -5 -5
67 -5 -5
67 -5 -5
67 -5 -5
67 -5 -5
67 -5 -5
# ave_measured_val[0][0] = 677
67 -5 5
67 -5 5
67 -5 5
67 -5 5
67 -5 5
67 -5 5
67 -5 5
67 -5 5
67 -5 5
67 -5 5
# ave_measured_val[0][1] = 696
67 5 -5
67 5 -5
67 5 -5
67 5 -5
67 5 -5
67 5 -5
67 5 -5
67 5 -5
67 5 -5
67 5 -5
# ave_measured_val[1][0] = 703
67 5 5
67 5 5
67 5 5
67 5 5
67 5 5
67 5 5
67 5 5
67 5 5
67 5 5
67 5 5
# ave_measured_val[1][1] = 723
# hoge
# min_loss : 41  estimate[67] = 0
# min_loss : 23  estimate[67] = 3
68 -5 -5
68 -5 -5
68 -5 -5
68 -5 -5
68 -5 -5
68 -5 -5
68 -5 -5
68 -5 -5
68 -5 -5
68 -5 -5
# ave_measured_val[0][0] = 707
68 -5 5
68 -5 5
68 -5 5
68 -5 5
68 -5 5
68 -5 5
68 -5 5
68 -5 5
68 -5 5
68 -5 5
# ave_measured_val[0][1] = 696
68 5 -5
68 5 -5
68 5 -5
68 5 -5
68 5 -5
68 5 -5
68 5 -5
68 5 -5
68 5 -5
68 5 -5
# ave_measured_val[1][0] = 727
68 5 5
68 5 5
68 5 5
68 5 5
68 5 5
68 5 5
68 5 5
68 5 5
68 5 5
68 5 5
# ave_measured_val[1][1] = 714
# hoge
# min_loss : 68  estimate[68] = 0
# min_loss : 60  estimate[68] = 33
# min_loss : 56  estimate[68] = 34
# min_loss : 52  estimate[68] = 42
# min_loss : 44  estimate[68] = 43
# min_loss : 26  estimate[68] = 46
69 -5 -5
69 -5 -5
69 -5 -5
69 -5 -5
69 -5 -5
69 -5 -5
69 -5 -5
69 -5 -5
69 -5 -5
69 -5 -5
# ave_measured_val[0][0] = 701
69 -5 5
69 -5 5
69 -5 5
69 -5 5
69 -5 5
69 -5 5
69 -5 5
69 -5 5
69 -5 5
69 -5 5
# ave_measured_val[0][1] = 645
69 5 -5
69 5 -5
69 5 -5
69 5 -5
69 5 -5
69 5 -5
69 5 -5
69 5 -5
69 5 -5
69 5 -5
# ave_measured_val[1][0] = 702
69 5 5
69 5 5
69 5 5
69 5 5
69 5 5
69 5 5
69 5 5
69 5 5
69 5 5
69 5 5
# ave_measured_val[1][1] = 669
# hoge
# min_loss : 105  estimate[69] = 0
# min_loss : 89  estimate[69] = 45
# min_loss : 59  estimate[69] = 50
# min_loss : 43  estimate[69] = 58
# min_loss : 41  estimate[69] = 60
# min_loss : 25  estimate[69] = 70
70 -5 -5
70 -5 -5
70 -5 -5
70 -5 -5
70 -5 -5
70 -5 -5
70 -5 -5
70 -5 -5
70 -5 -5
70 -5 -5
# ave_measured_val[0][0] = 675
70 -5 5
70 -5 5
70 -5 5
70 -5 5
70 -5 5
70 -5 5
70 -5 5
70 -5 5
70 -5 5
70 -5 5
# ave_measured_val[0][1] = 680
70 5 -5
70 5 -5
70 5 -5
70 5 -5
70 5 -5
70 5 -5
70 5 -5
70 5 -5
70 5 -5
70 5 -5
# ave_measured_val[1][0] = 696
70 5 5
70 5 5
70 5 5
70 5 5
70 5 5
70 5 5
70 5 5
70 5 5
70 5 5
70 5 5
# ave_measured_val[1][1] = 721
# hoge
# min_loss : 46  estimate[70] = 0
# min_loss : 44  estimate[70] = 2
# min_loss : 20  estimate[70] = 3
71 -5 -5
71 -5 -5
71 -5 -5
71 -5 -5
71 -5 -5
71 -5 -5
71 -5 -5
71 -5 -5
71 -5 -5
71 -5 -5
# ave_measured_val[0][0] = 709
71 -5 5
71 -5 5
71 -5 5
71 -5 5
71 -5 5
71 -5 5
71 -5 5
71 -5 5
71 -5 5
71 -5 5
# ave_measured_val[0][1] = 716
71 5 -5
71 5 -5
71 5 -5
71 5 -5
71 5 -5
71 5 -5
71 5 -5
71 5 -5
71 5 -5
71 5 -5
# ave_measured_val[1][0] = 680
71 5 5
71 5 5
71 5 5
71 5 5
71 5 5
71 5 5
71 5 5
71 5 5
71 5 5
71 5 5
# ave_measured_val[1][1] = 681
# hoge
# min_loss : 80  estimate[71] = 0
# min_loss : 48  estimate[71] = 4
# min_loss : 40  estimate[71] = 31
# min_loss : 26  estimate[71] = 38
# min_loss : 22  estimate[71] = 44
# min_loss : 16  estimate[71] = 85
72 -5 -5
72 -5 -5
72 -5 -5
72 -5 -5
72 -5 -5
72 -5 -5
72 -5 -5
72 -5 -5
72 -5 -5
72 -5 -5
# ave_measured_val[0][0] = 722
72 -5 5
72 -5 5
72 -5 5
72 -5 5
72 -5 5
72 -5 5
72 -5 5
72 -5 5
72 -5 5
72 -5 5
# ave_measured_val[0][1] = 736
72 5 -5
72 5 -5
72 5 -5
72 5 -5
72 5 -5
72 5 -5
72 5 -5
72 5 -5
72 5 -5
72 5 -5
# ave_measured_val[1][0] = 686
72 5 5
72 5 5
72 5 5
72 5 5
72 5 5
72 5 5
72 5 5
72 5 5
72 5 5
72 5 5
# ave_measured_val[1][1] = 691
# hoge
# min_loss : 97  estimate[72] = 0
# min_loss : 73  estimate[72] = 4
# min_loss : 65  estimate[72] = 21
# min_loss : 61  estimate[72] = 22
# min_loss : 59  estimate[72] = 31
# min_loss : 49  estimate[72] = 36
# min_loss : 13  estimate[72] = 37
73 -5 -5
73 -5 -5
73 -5 -5
73 -5 -5
73 -5 -5
73 -5 -5
73 -5 -5
73 -5 -5
73 -5 -5
73 -5 -5
# ave_measured_val[0][0] = 643
73 -5 5
73 -5 5
73 -5 5
73 -5 5
73 -5 5
73 -5 5
73 -5 5
73 -5 5
73 -5 5
73 -5 5
# ave_measured_val[0][1] = 684
73 5 -5
73 5 -5
73 5 -5
73 5 -5
73 5 -5
73 5 -5
73 5 -5
73 5 -5
73 5 -5
73 5 -5
# ave_measured_val[1][0] = 690
73 5 5
73 5 5
73 5 5
73 5 5
73 5 5
73 5 5
73 5 5
73 5 5
73 5 5
73 5 5
# ave_measured_val[1][1] = 725
# hoge
# min_loss : 80  estimate[73] = 0
# min_loss : 68  estimate[73] = 1
# min_loss : 44  estimate[73] = 2
# min_loss : 28  estimate[73] = 7
# min_loss : 10  estimate[73] = 13
74 -5 -5
74 -5 -5
74 -5 -5
74 -5 -5
74 -5 -5
74 -5 -5
74 -5 -5
74 -5 -5
74 -5 -5
74 -5 -5
# ave_measured_val[0][0] = 704
74 -5 5
74 -5 5
74 -5 5
74 -5 5
74 -5 5
74 -5 5
74 -5 5
74 -5 5
74 -5 5
74 -5 5
# ave_measured_val[0][1] = 720
74 5 -5
74 5 -5
74 5 -5
74 5 -5
74 5 -5
74 5 -5
74 5 -5
74 5 -5
74 5 -5
74 5 -5
# ave_measured_val[1][0] = 687
74 5 5
74 5 5
74 5 5
74 5 5
74 5 5
74 5 5
74 5 5
74 5 5
74 5 5
74 5 5
# ave_measured_val[1][1] = 688
# hoge
# min_loss : 65  estimate[74] = 0
# min_loss : 43  estimate[74] = 4
# min_loss : 35  estimate[74] = 31
# min_loss : 31  estimate[74] = 38
# min_loss : 27  estimate[74] = 85
75 -5 -5
75 -5 -5
75 -5 -5
75 -5 -5
75 -5 -5
75 -5 -5
75 -5 -5
75 -5 -5
75 -5 -5
75 -5 -5
# ave_measured_val[0][0] = 714
75 -5 5
75 -5 5
75 -5 5
75 -5 5
75 -5 5
75 -5 5
75 -5 5
75 -5 5
75 -5 5
75 -5 5
# ave_measured_val[0][1] = 696
75 5 -5
75 5 -5
75 5 -5
75 5 -5
75 5 -5
75 5 -5
75 5 -5
75 5 -5
75 5 -5
75 5 -5
# ave_measured_val[1][0] = 687
75 5 5
75 5 5
75 5 5
75 5 5
75 5 5
75 5 5
75 5 5
75 5 5
75 5 5
75 5 5
# ave_measured_val[1][1] = 664
# hoge
# min_loss : 75  estimate[75] = 0
# min_loss : 73  estimate[75] = 4
# min_loss : 63  estimate[75] = 40
# min_loss : 57  estimate[75] = 44
# min_loss : 25  estimate[75] = 49
76 -5 -5
76 -5 -5
76 -5 -5
76 -5 -5
76 -5 -5
76 -5 -5
76 -5 -5
76 -5 -5
76 -5 -5
76 -5 -5
# ave_measured_val[0][0] = 693
76 -5 5
76 -5 5
76 -5 5
76 -5 5
76 -5 5
76 -5 5
76 -5 5
76 -5 5
76 -5 5
76 -5 5
# ave_measured_val[0][1] = 732
76 5 -5
76 5 -5
76 5 -5
76 5 -5
76 5 -5
76 5 -5
76 5 -5
76 5 -5
76 5 -5
76 5 -5
# ave_measured_val[1][0] = 646
76 5 5
76 5 5
76 5 5
76 5 5
76 5 5
76 5 5
76 5 5
76 5 5
76 5 5
76 5 5
# ave_measured_val[1][1] = 709
# hoge
# min_loss : 100  estimate[76] = 0
# min_loss : 76  estimate[76] = 4
# min_loss : 70  estimate[76] = 5
# min_loss : 38  estimate[76] = 12
# min_loss : 28  estimate[76] = 21
77 -5 -5
77 -5 -5
77 -5 -5
77 -5 -5
77 -5 -5
77 -5 -5
77 -5 -5
77 -5 -5
77 -5 -5
77 -5 -5
# ave_measured_val[0][0] = 727
77 -5 5
77 -5 5
77 -5 5
77 -5 5
77 -5 5
77 -5 5
77 -5 5
77 -5 5
77 -5 5
77 -5 5
# ave_measured_val[0][1] = 734
77 5 -5
77 5 -5
77 5 -5
77 5 -5
77 5 -5
77 5 -5
77 5 -5
77 5 -5
77 5 -5
77 5 -5
# ave_measured_val[1][0] = 681
77 5 5
77 5 5
77 5 5
77 5 5
77 5 5
77 5 5
77 5 5
77 5 5
77 5 5
77 5 5
# ave_measured_val[1][1] = 689
# hoge
# min_loss : 107  estimate[77] = 0
# min_loss : 75  estimate[77] = 4
# min_loss : 71  estimate[77] = 12
# min_loss : 65  estimate[77] = 21
# min_loss : 55  estimate[77] = 31
# min_loss : 19  estimate[77] = 37
78 -5 -5
78 -5 -5
78 -5 -5
78 -5 -5
78 -5 -5
78 -5 -5
78 -5 -5
78 -5 -5
78 -5 -5
78 -5 -5
# ave_measured_val[0][0] = 690
78 -5 5
78 -5 5
78 -5 5
78 -5 5
78 -5 5
78 -5 5
78 -5 5
78 -5 5
78 -5 5
78 -5 5
# ave_measured_val[0][1] = 694
78 5 -5
78 5 -5
78 5 -5
78 5 -5
78 5 -5
78 5 -5
78 5 -5
78 5 -5
78 5 -5
78 5 -5
# ave_measured_val[1][0] = 660
78 5 5
78 5 5
78 5 5
78 5 5
78 5 5
78 5 5
78 5 5
78 5 5
78 5 5
78 5 5
# ave_measured_val[1][1] = 669
# hoge
# min_loss : 71  estimate[78] = 0
# min_loss : 63  estimate[78] = 4
# min_loss : 27  estimate[78] = 5
# min_loss : 23  estimate[78] = 6
79 -5 -5
79 -5 -5
79 -5 -5
79 -5 -5
79 -5 -5
79 -5 -5
79 -5 -5
79 -5 -5
79 -5 -5
79 -5 -5
# ave_measured_val[0][0] = 664
79 -5 5
79 -5 5
79 -5 5
79 -5 5
79 -5 5
79 -5 5
79 -5 5
79 -5 5
79 -5 5
79 -5 5
# ave_measured_val[0][1] = 701
79 5 -5
79 5 -5
79 5 -5
79 5 -5
79 5 -5
79 5 -5
79 5 -5
79 5 -5
79 5 -5
79 5 -5
# ave_measured_val[1][0] = 690
79 5 5
79 5 5
79 5 5
79 5 5
79 5 5
79 5 5
79 5 5
79 5 5
79 5 5
79 5 5
# ave_measured_val[1][1] = 712
# hoge
# min_loss : 43  estimate[79] = 0
# min_loss : 39  estimate[79] = 3
# min_loss : 23  estimate[79] = 8
# min_loss : 17  estimate[79] = 11
80 -5 -5
80 -5 -5
80 -5 -5
80 -5 -5
80 -5 -5
80 -5 -5
80 -5 -5
80 -5 -5
80 -5 -5
80 -5 -5
# ave_measured_val[0][0] = 679
80 -5 5
80 -5 5
80 -5 5
80 -5 5
80 -5 5
80 -5 5
80 -5 5
80 -5 5
80 -5 5
80 -5 5
# ave_measured_val[0][1] = 730
80 5 -5
80 5 -5
80 5 -5
80 5 -5
80 5 -5
80 5 -5
80 5 -5
80 5 -5
80 5 -5
80 5 -5
# ave_measured_val[1][0] = 681
80 5 5
80 5 5
80 5 5
80 5 5
80 5 5
80 5 5
80 5 5
80 5 5
80 5 5
80 5 5
# ave_measured_val[1][1] = 721
# hoge
# min_loss : 75  estimate[80] = 0
# min_loss : 59  estimate[80] = 4
# min_loss : 45  estimate[80] = 11
# min_loss : 33  estimate[80] = 18
# min_loss : 21  estimate[80] = 24
81 -5 -5
81 -5 -5
81 -5 -5
81 -5 -5
81 -5 -5
81 -5 -5
81 -5 -5
81 -5 -5
81 -5 -5
81 -5 -5
# ave_measured_val[0][0] = 665
81 -5 5
81 -5 5
81 -5 5
81 -5 5
81 -5 5
81 -5 5
81 -5 5
81 -5 5
81 -5 5
81 -5 5
# ave_measured_val[0][1] = 651
81 5 -5
81 5 -5
81 5 -5
81 5 -5
81 5 -5
81 5 -5
81 5 -5
81 5 -5
81 5 -5
81 5 -5
# ave_measured_val[1][0] = 706
81 5 5
81 5 5
81 5 5
81 5 5
81 5 5
81 5 5
81 5 5
81 5 5
81 5 5
81 5 5
# ave_measured_val[1][1] = 700
# hoge
# min_loss : 78  estimate[81] = 0
# min_loss : 64  estimate[81] = 1
# min_loss : 52  estimate[81] = 2
# min_loss : 42  estimate[81] = 75
# min_loss : 26  estimate[81] = 78
# min_loss : 24  estimate[81] = 82
# min_loss : 22  estimate[81] = 83
82 -5 -5
82 -5 -5
82 -5 -5
82 -5 -5
82 -5 -5
82 -5 -5
82 -5 -5
82 -5 -5
82 -5 -5
82 -5 -5
# ave_measured_val[0][0] = 718
82 -5 5
82 -5 5
82 -5 5
82 -5 5
82 -5 5
82 -5 5
82 -5 5
82 -5 5
82 -5 5
82 -5 5
# ave_measured_val[0][1] = 679
82 5 -5
82 5 -5
82 5 -5
82 5 -5
82 5 -5
82 5 -5
82 5 -5
82 5 -5
82 5 -5
82 5 -5
# ave_measured_val[1][0] = 713
82 5 5
82 5 5
82 5 5
82 5 5
82 5 5
82 5 5
82 5 5
82 5 5
82 5 5
82 5 5
# ave_measured_val[1][1] = 680
# hoge
# min_loss : 88  estimate[82] = 0
# min_loss : 84  estimate[82] = 41
# min_loss : 80  estimate[82] = 44
# min_loss : 58  estimate[82] = 45
# min_loss : 40  estimate[82] = 50
# min_loss : 20  estimate[82] = 52
# min_loss : 14  estimate[82] = 56
83 -5 -5
83 -5 -5
83 -5 -5
83 -5 -5
83 -5 -5
83 -5 -5
83 -5 -5
83 -5 -5
83 -5 -5
83 -5 -5
# ave_measured_val[0][0] = 664
83 -5 5
83 -5 5
83 -5 5
83 -5 5
83 -5 5
83 -5 5
83 -5 5
83 -5 5
83 -5 5
83 -5 5
# ave_measured_val[0][1] = 685
83 5 -5
83 5 -5
83 5 -5
83 5 -5
83 5 -5
83 5 -5
83 5 -5
83 5 -5
83 5 -5
83 5 -5
# ave_measured_val[1][0] = 694
83 5 5
83 5 5
83 5 5
83 5 5
83 5 5
83 5 5
83 5 5
83 5 5
83 5 5
83 5 5
# ave_measured_val[1][1] = 724
# hoge
# min_loss : 53  estimate[83] = 0
# min_loss : 39  estimate[83] = 2
# min_loss : 21  estimate[83] = 3
# min_loss : 15  estimate[83] = 7
# min_loss : 13  estimate[83] = 10
84 -5 -5
84 -5 -5
84 -5 -5
84 -5 -5
84 -5 -5
84 -5 -5
84 -5 -5
84 -5 -5
84 -5 -5
84 -5 -5
# ave_measured_val[0][0] = 710
84 -5 5
84 -5 5
84 -5 5
84 -5 5
84 -5 5
84 -5 5
84 -5 5
84 -5 5
84 -5 5
84 -5 5
# ave_measured_val[0][1] = 670
84 5 -5
84 5 -5
84 5 -5
84 5 -5
84 5 -5
84 5 -5
84 5 -5
84 5 -5
84 5 -5
84 5 -5
# ave_measured_val[1][0] = 666
84 5 5
84 5 5
84 5 5
84 5 5
84 5 5
84 5 5
84 5 5
84 5 5
84 5 5
84 5 5
# ave_measured_val[1][1] = 646
# hoge
# min_loss : 132  estimate[84] = 0
# min_loss : 116  estimate[84] = 1
# min_loss : 92  estimate[84] = 5
# min_loss : 84  estimate[84] = 49
# min_loss : 52  estimate[84] = 62
# min_loss : 36  estimate[84] = 65
# min_loss : 28  estimate[84] = 73
85 -5 -5
85 -5 -5
85 -5 -5
85 -5 -5
85 -5 -5
85 -5 -5
85 -5 -5
85 -5 -5
85 -5 -5
85 -5 -5
# ave_measured_val[0][0] = 711
85 -5 5
85 -5 5
85 -5 5
85 -5 5
85 -5 5
85 -5 5
85 -5 5
85 -5 5
85 -5 5
85 -5 5
# ave_measured_val[0][1] = 704
85 5 -5
85 5 -5
85 5 -5
85 5 -5
85 5 -5
85 5 -5
85 5 -5
85 5 -5
85 5 -5
85 5 -5
# ave_measured_val[1][0] = 683
85 5 5
85 5 5
85 5 5
85 5 5
85 5 5
85 5 5
85 5 5
85 5 5
85 5 5
85 5 5
# ave_measured_val[1][1] = 672
# hoge
# min_loss : 76  estimate[85] = 0
# min_loss : 50  estimate[85] = 4
# min_loss : 40  estimate[85] = 44
# min_loss : 20  estimate[85] = 49
# min_loss : 18  estimate[85] = 85
-1 -1 -1
5
9
13
14
62
75
23
6
78
74
64
75
8
24
47
13
12
24
40
72
4
52
40
23
45
5
63
0
18
81
13
24
24
64
0
60
76
76
1
13
57
2
68
10
20
53
48
71
42
62
59
43
85
79
45
9
4
6
34
71
29
47
79
79
44
31
38
3
46
70
3
85
37
13
85
49
21
37
6
11
24
83
56
10
73
85
