598 602 606 610 614 618 622 626 630 634 638 642 646 650 654 658 662 666 670 674 670 666 662 658 654 650 646 642 638 634 630 626 622 618 614 610 606 602 598 594
602 606 610 614 618 622 626 630 634 638 642 646 650 654 658 662 666 670 674 678 674 670 666 662 658 654 650 646 642 638 634 630 626 622 618 614 610 606 602 598
606 610 614 618 622 626 630 634 638 642 646 650 654 658 662 666 670 674 678 682 678 674 670 666 662 658 654 650 646 642 638 634 630 626 622 618 614 610 606 602
610 614 618 622 626 630 634 638 642 646 650 654 658 662 666 670 674 678 682 686 682 678 674 670 666 662 658 654 650 646 642 638 634 630 626 622 618 614 610 606
614 618 622 626 630 634 638 642 646 650 654 658 662 666 670 674 678 682 686 690 686 682 678 674 670 666 662 658 654 650 646 642 638 634 630 626 622 618 614 610
618 622 626 630 634 638 642 646 650 654 658 662 666 670 674 678 682 686 690 694 690 686 682 678 674 670 666 662 658 654 650 646 642 638 634 630 626 622 618 614
622 626 630 634 638 642 646 650 654 658 662 666 670 674 678 682 686 690 694 698 694 690 686 682 678 674 670 666 662 658 654 650 646 642 638 634 630 626 622 618
626 630 634 638 642 646 650 654 658 662 666 670 674 678 682 686 690 694 698 702 698 694 690 686 682 678 674 670 666 662 658 654 650 646 642 638 634 630 626 622
630 634 638 642 646 650 654 658 662 666 670 674 678 682 686 690 694 698 702 706 702 698 694 690 686 682 678 674 670 666 662 658 654 650 646 642 638 634 630 626
634 638 642 646 650 654 658 662 666 670 674 678 682 686 690 694 698 702 706 710 706 702 698 694 690 686 682 678 674 670 666 662 658 654 650 646 642 638 634 630
638 642 646 650 654 658 662 666 670 674 678 682 686 690 694 698 702 706 710 714 710 706 702 698 694 690 686 682 678 674 670 666 662 658 654 650 646 642 638 634
642 646 650 654 658 662 666 670 674 678 682 686 690 694 698 702 706 710 714 718 714 710 706 702 698 694 690 686 682 678 674 670 666 662 658 654 650 646 642 638
646 650 654 658 662 666 670 674 678 682 686 690 694 698 702 706 710 714 718 722 718 714 710 706 702 698 694 690 686 682 678 674 670 666 662 658 654 650 646 642
650 654 658 662 666 670 674 678 682 686 690 694 698 702 706 710 714 718 722 726 722 718 714 710 706 702 698 694 690 686 682 678 674 670 666 662 658 654 650 646
654 658 662 666 670 674 678 682 686 690 694 698 702 706 710 714 718 722 726 730 726 722 718 714 710 706 702 698 694 690 686 682 678 674 670 666 662 658 654 650
658 662 666 670 674 678 682 686 690 694 698 702 706 710 714 718 722 726 730 734 730 726 722 718 714 710 706 702 698 694 690 686 682 678 674 670 666 662 658 654
662 666 670 674 678 682 686 690 694 698 702 706 710 714 718 722 726 730 734 738 734 730 726 722 718 714 710 706 702 698 694 690 686 682 678 674 670 666 662 658
666 670 674 678 682 686 690 694 698 702 706 710 714 718 722 726 730 734 738 742 738 734 730 726 722 718 714 710 706 702 698 694 690 686 682 678 674 670 666 662
670 674 678 682 686 690 694 698 702 706 710 714 718 722 726 730 734 738 742 746 742 738 734 730 726 722 718 714 710 706 702 698 694 690 686 682 678 674 670 666
674 678 682 686 690 694 698 702 706 710 714 718 722 726 730 734 738 742 746 750 746 742 738 734 730 726 722 718 714 710 706 702 698 694 690 686 682 678 674 670
670 674 678 682 686 690 694 698 702 706 710 714 718 722 726 730 734 738 742 746 742 738 734 730 726 722 718 714 710 706 702 698 694 690 686 682 678 674 670 666
666 670 674 678 682 686 690 694 698 702 706 710 714 718 722 726 730 734 738 742 738 734 730 726 722 718 714 710 706 702 698 694 690 686 682 678 674 670 666 662
662 666 670 674 678 682 686 690 694 698 702 706 710 714 718 722 726 730 734 738 734 730 726 722 718 714 710 706 702 698 694 690 686 682 678 674 670 666 662 658
658 662 666 670 674 678 682 686 690 694 698 702 706 710 714 718 722 726 730 734 730 726 722 718 714 710 706 702 698 694 690 686 682 678 674 670 666 662 658 654
654 658 662 666 670 674 678 682 686 690 694 698 702 706 710 714 718 722 726 730 726 722 718 714 710 706 702 698 694 690 686 682 678 674 670 666 662 658 654 650
650 654 658 662 666 670 674 678 682 686 690 694 698 702 706 710 714 718 722 726 722 718 714 710 706 702 698 694 690 686 682 678 674 670 666 662 658 654 650 646
646 650 654 658 662 666 670 674 678 682 686 690 694 698 702 706 710 714 718 722 718 714 710 706 702 698 694 690 686 682 678 674 670 666 662 658 654 650 646 642
642 646 650 654 658 662 666 670 674 678 682 686 690 694 698 702 706 710 714 718 714 710 706 702 698 694 690 686 682 678 674 670 666 662 658 654 650 646 642 638
638 642 646 650 654 658 662 666 670 674 678 682 686 690 694 698 702 706 710 714 710 706 702 698 694 690 686 682 678 674 670 666 662 658 654 650 646 642 638 634
634 638 642 646 650 654 658 662 666 670 674 678 682 686 690 694 698 702 706 710 706 702 698 694 690 686 682 678 674 670 666 662 658 654 650 646 642 638 634 630
630 634 638 642 646 650 654 658 662 666 670 674 678 682 686 690 694 698 702 706 702 698 694 690 686 682 678 674 670 666 662 658 654 650 646 642 638 634 630 626
626 630 634 638 642 646 650 654 658 662 666 670 674 678 682 686 690 694 698 702 698 694 690 686 682 678 674 670 666 662 658 654 650 646 642 638 634 630 626 622
622 626 630 634 638 642 646 650 654 658 662 666 670 674 678 682 686 690 694 698 694 690 686 682 678 674 670 666 662 658 654 650 646 642 638 634 630 626 622 618
618 622 626 630 634 638 642 646 650 654 658 662 666 670 674 678 682 686 690 694 690 686 682 678 674 670 666 662 658 654 650 646 642 638 634 630 626 622 618 614
614 618 622 626 630 634 638 642 646 650 654 658 662 666 670 674 678 682 686 690 686 682 678 674 670 666 662 658 654 650 646 642 638 634 630 626 622 618 614 610
610 614 618 622 626 630 634 638 642 646 650 654 658 662 666 670 674 678 682 686 682 678 674 670 666 662 658 654 650 646 642 638 634 630 626 622 618 614 610 606
606 610 614 618 622 626 630 634 638 642 646 650 654 658 662 666 670 674 678 682 678 674 670 666 662 658 654 650 646 642 638 634 630 626 622 618 614 610 606 602
602 606 610 614 618 622 626 630 634 638 642 646 650 654 658 662 666 670 674 678 674 670 666 662 658 654 650 646 642 638 634 630 626 622 618 614 610 606 602 598
598 602 606 610 614 618 622 626 630 634 638 642 646 650 654 658 662 666 670 674 670 666 662 658 654 650 646 642 638 634 630 626 622 618 614 610 606 602 598 594
594 598 602 606 610 614 618 622 626 630 634 638 642 646 650 654 658 662 666 670 666 662 658 654 650 646 642 638 634 630 626 622 618 614 610 606 602 598 594 590
0 -5 -5
0 -5 -5
0 -5 -5
0 -5 -5
0 -5 -5
0 -5 -5
0 -5 -5
0 -5 -5
0 -5 -5
0 -5 -5
# ave_measured_val[0][0] = 612
0 -5 5
0 -5 5
0 -5 5
0 -5 5
0 -5 5
0 -5 5
0 -5 5
0 -5 5
0 -5 5
0 -5 5
# ave_measured_val[0][1] = 611
0 5 -5
0 5 -5
0 5 -5
0 5 -5
0 5 -5
0 5 -5
0 5 -5
0 5 -5
0 5 -5
0 5 -5
# ave_measured_val[1][0] = 653
0 5 5
0 5 5
0 5 5
0 5 5
0 5 5
0 5 5
0 5 5
0 5 5
0 5 5
0 5 5
# ave_measured_val[1][1] = 653
# hoge
# min_loss : 163  estimate[0] = 0
# min_loss : 131  estimate[0] = 1
# min_loss : 83  estimate[0] = 2
# min_loss : 65  estimate[0] = 4
# min_loss : 63  estimate[0] = 70
# min_loss : 47  estimate[0] = 74
# min_loss : 31  estimate[0] = 76
1 -5 -5
1 -5 -5
1 -5 -5
1 -5 -5
1 -5 -5
1 -5 -5
1 -5 -5
1 -5 -5
1 -5 -5
1 -5 -5
# ave_measured_val[0][0] = 681
1 -5 5
1 -5 5
1 -5 5
1 -5 5
1 -5 5
1 -5 5
1 -5 5
1 -5 5
1 -5 5
1 -5 5
# ave_measured_val[0][1] = 646
1 5 -5
1 5 -5
1 5 -5
1 5 -5
1 5 -5
1 5 -5
1 5 -5
1 5 -5
1 5 -5
1 5 -5
# ave_measured_val[1][0] = 655
1 5 5
1 5 5
1 5 5
1 5 5
1 5 5
1 5 5
1 5 5
1 5 5
1 5 5
1 5 5
# ave_measured_val[1][1] = 612
# hoge
# min_loss : 96  estimate[1] = 0
# min_loss : 94  estimate[1] = 1
# min_loss : 86  estimate[1] = 39
# min_loss : 70  estimate[1] = 53
# min_loss : 14  estimate[1] = 61
2 -5 -5
2 -5 -5
2 -5 -5
2 -5 -5
2 -5 -5
2 -5 -5
2 -5 -5
2 -5 -5
2 -5 -5
2 -5 -5
# ave_measured_val[0][0] = 693
2 -5 5
2 -5 5
2 -5 5
2 -5 5
2 -5 5
2 -5 5
2 -5 5
2 -5 5
2 -5 5
2 -5 5
# ave_measured_val[0][1] = 696
2 5 -5
2 5 -5
2 5 -5
2 5 -5
2 5 -5
2 5 -5
2 5 -5
2 5 -5
2 5 -5
2 5 -5
# ave_measured_val[1][0] = 656
2 5 5
2 5 5
2 5 5
2 5 5
2 5 5
2 5 5
2 5 5
2 5 5
2 5 5
2 5 5
# ave_measured_val[1][1] = 655
# hoge
# min_loss : 36  estimate[2] = 0
# min_loss : 26  estimate[2] = 34
3 -5 -5
3 -5 -5
3 -5 -5
3 -5 -5
3 -5 -5
3 -5 -5
3 -5 -5
3 -5 -5
3 -5 -5
3 -5 -5
# ave_measured_val[0][0] = 686
3 -5 5
3 -5 5
3 -5 5
3 -5 5
3 -5 5
3 -5 5
3 -5 5
3 -5 5
3 -5 5
3 -5 5
# ave_measured_val[0][1] = 651
3 5 -5
3 5 -5
3 5 -5
3 5 -5
3 5 -5
3 5 -5
3 5 -5
3 5 -5
3 5 -5
3 5 -5
# ave_measured_val[1][0] = 713
3 5 5
3 5 5
3 5 5
3 5 5
3 5 5
3 5 5
3 5 5
3 5 5
3 5 5
3 5 5
# ave_measured_val[1][1] = 668
# hoge
# min_loss : 132  estimate[3] = 0
# min_loss : 112  estimate[3] = 3
# min_loss : 96  estimate[3] = 33
# min_loss : 80  estimate[3] = 37
# min_loss : 42  estimate[3] = 45
# min_loss : 36  estimate[3] = 49
4 -5 -5
4 -5 -5
4 -5 -5
4 -5 -5
4 -5 -5
4 -5 -5
4 -5 -5
4 -5 -5
4 -5 -5
4 -5 -5
# ave_measured_val[0][0] = 686
4 -5 5
4 -5 5
4 -5 5
4 -5 5
4 -5 5
4 -5 5
4 -5 5
4 -5 5
4 -5 5
4 -5 5
# ave_measured_val[0][1] = 647
4 5 -5
4 5 -5
4 5 -5
4 5 -5
4 5 -5
4 5 -5
4 5 -5
4 5 -5
4 5 -5
4 5 -5
# ave_measured_val[1][0] = 689
4 5 5
4 5 5
4 5 5
4 5 5
4 5 5
4 5 5
4 5 5
4 5 5
4 5 5
4 5 5
# ave_measured_val[1][1] = 658
# hoge
# min_loss : 102  estimate[4] = 0
# min_loss : 86  estimate[4] = 33
# min_loss : 70  estimate[4] = 37
# min_loss : 62  estimate[4] = 39
# min_loss : 42  estimate[4] = 54
# min_loss : 24  estimate[4] = 67
5 -5 -5
5 -5 -5
5 -5 -5
5 -5 -5
5 -5 -5
5 -5 -5
5 -5 -5
5 -5 -5
5 -5 -5
5 -5 -5
# ave_measured_val[0][0] = 718
5 -5 5
5 -5 5
5 -5 5
5 -5 5
5 -5 5
5 -5 5
5 -5 5
5 -5 5
5 -5 5
5 -5 5
# ave_measured_val[0][1] = 747
5 5 -5
5 5 -5
5 5 -5
5 5 -5
5 5 -5
5 5 -5
5 5 -5
5 5 -5
5 5 -5
5 5 -5
# ave_measured_val[1][0] = 680
5 5 5
5 5 5
5 5 5
5 5 5
5 5 5
5 5 5
5 5 5
5 5 5
5 5 5
5 5 5
# ave_measured_val[1][1] = 698
# hoge
# min_loss : 179  estimate[5] = 0
# min_loss : 147  estimate[5] = 11
# min_loss : 131  estimate[5] = 15
# min_loss : 115  estimate[5] = 18
# min_loss : 75  estimate[5] = 26
# min_loss : 51  estimate[5] = 27
# min_loss : 47  estimate[5] = 36
6 -5 -5
6 -5 -5
6 -5 -5
6 -5 -5
6 -5 -5
6 -5 -5
6 -5 -5
6 -5 -5
6 -5 -5
6 -5 -5
# ave_measured_val[0][0] = 669
6 -5 5
6 -5 5
6 -5 5
6 -5 5
6 -5 5
6 -5 5
6 -5 5
6 -5 5
6 -5 5
6 -5 5
# ave_measured_val[0][1] = 626
6 5 -5
6 5 -5
6 5 -5
6 5 -5
6 5 -5
6 5 -5
6 5 -5
6 5 -5
6 5 -5
6 5 -5
# ave_measured_val[1][0] = 699
6 5 5
6 5 5
6 5 5
6 5 5
6 5 5
6 5 5
6 5 5
6 5 5
6 5 5
6 5 5
# ave_measured_val[1][1] = 662
# hoge
# min_loss : 146  estimate[6] = 0
# min_loss : 112  estimate[6] = 3
# min_loss : 96  estimate[6] = 33
# min_loss : 82  estimate[6] = 37
# min_loss : 56  estimate[6] = 49
# min_loss : 18  estimate[6] = 54
# min_loss : 16  estimate[6] = 71
7 -5 -5
7 -5 -5
7 -5 -5
7 -5 -5
7 -5 -5
7 -5 -5
7 -5 -5
7 -5 -5
7 -5 -5
7 -5 -5
# ave_measured_val[0][0] = 629
7 -5 5
7 -5 5
7 -5 5
7 -5 5
7 -5 5
7 -5 5
7 -5 5
7 -5 5
7 -5 5
7 -5 5
# ave_measured_val[0][1] = 664
7 5 -5
7 5 -5
7 5 -5
7 5 -5
7 5 -5
7 5 -5
7 5 -5
7 5 -5
7 5 -5
7 5 -5
# ave_measured_val[1][0] = 668
7 5 5
7 5 5
7 5 5
7 5 5
7 5 5
7 5 5
7 5 5
7 5 5
7 5 5
7 5 5
# ave_measured_val[1][1] = 705
# hoge
# min_loss : 160  estimate[7] = 0
# min_loss : 146  estimate[7] = 2
# min_loss : 40  estimate[7] = 3
# min_loss : 34  estimate[7] = 5
# min_loss : 18  estimate[7] = 6
# min_loss : 16  estimate[7] = 29
8 -5 -5
8 -5 -5
8 -5 -5
8 -5 -5
8 -5 -5
8 -5 -5
8 -5 -5
8 -5 -5
8 -5 -5
8 -5 -5
# ave_measured_val[0][0] = 659
8 -5 5
8 -5 5
8 -5 5
8 -5 5
8 -5 5
8 -5 5
8 -5 5
8 -5 5
8 -5 5
8 -5 5
# ave_measured_val[0][1] = 665
8 5 -5
8 5 -5
8 5 -5
8 5 -5
8 5 -5
8 5 -5
8 5 -5
8 5 -5
8 5 -5
8 5 -5
# ave_measured_val[1][0] = 664
8 5 5
8 5 5
8 5 5
8 5 5
8 5 5
8 5 5
8 5 5
8 5 5
8 5 5
8 5 5
# ave_measured_val[1][1] = 678
# hoge
# min_loss : 98  estimate[8] = 0
# min_loss : 62  estimate[8] = 3
# min_loss : 60  estimate[8] = 11
# min_loss : 28  estimate[8] = 31
# min_loss : 14  estimate[8] = 33
9 -5 -5
9 -5 -5
9 -5 -5
9 -5 -5
9 -5 -5
9 -5 -5
9 -5 -5
9 -5 -5
9 -5 -5
9 -5 -5
# ave_measured_val[0][0] = 650
9 -5 5
9 -5 5
9 -5 5
9 -5 5
9 -5 5
9 -5 5
9 -5 5
9 -5 5
9 -5 5
9 -5 5
# ave_measured_val[0][1] = 691
9 5 -5
9 5 -5
9 5 -5
9 5 -5
9 5 -5
9 5 -5
9 5 -5
9 5 -5
9 5 -5
9 5 -5
# ave_measured_val[1][0] = 646
9 5 5
9 5 5
9 5 5
9 5 5
9 5 5
9 5 5
9 5 5
9 5 5
9 5 5
9 5 5
# ave_measured_val[1][1] = 676
# hoge
# min_loss : 63  estimate[9] = 0
# min_loss : 33  estimate[9] = 11
10 -5 -5
10 -5 -5
10 -5 -5
10 -5 -5
10 -5 -5
10 -5 -5
10 -5 -5
10 -5 -5
10 -5 -5
10 -5 -5
# ave_measured_val[0][0] = 719
10 -5 5
10 -5 5
10 -5 5
10 -5 5
10 -5 5
10 -5 5
10 -5 5
10 -5 5
10 -5 5
10 -5 5
# ave_measured_val[0][1] = 680
10 5 -5
10 5 -5
10 5 -5
10 5 -5
10 5 -5
10 5 -5
10 5 -5
10 5 -5
10 5 -5
10 5 -5
# ave_measured_val[1][0] = 694
10 5 5
10 5 5
10 5 5
10 5 5
10 5 5
10 5 5
10 5 5
10 5 5
10 5 5
10 5 5
# ave_measured_val[1][1] = 654
# hoge
# min_loss : 103  estimate[10] = 0
# min_loss : 95  estimate[10] = 34
# min_loss : 85  estimate[10] = 36
# min_loss : 67  estimate[10] = 39
# min_loss : 61  estimate[10] = 41
# min_loss : 31  estimate[10] = 44
# min_loss : 29  estimate[10] = 48
11 -5 -5
11 -5 -5
11 -5 -5
11 -5 -5
11 -5 -5
11 -5 -5
11 -5 -5
11 -5 -5
11 -5 -5
11 -5 -5
# ave_measured_val[0][0] = 698
11 -5 5
11 -5 5
11 -5 5
11 -5 5
11 -5 5
11 -5 5
11 -5 5
11 -5 5
11 -5 5
11 -5 5
# ave_measured_val[0][1] = 658
11 5 -5
11 5 -5
11 5 -5
11 5 -5
11 5 -5
11 5 -5
11 5 -5
11 5 -5
11 5 -5
11 5 -5
# ave_measured_val[1][0] = 680
11 5 5
11 5 5
11 5 5
11 5 5
11 5 5
11 5 5
11 5 5
11 5 5
11 5 5
11 5 5
# ave_measured_val[1][1] = 642
# hoge
# min_loss : 94  estimate[11] = 0
# min_loss : 78  estimate[11] = 37
# min_loss : 62  estimate[11] = 39
# min_loss : 46  estimate[11] = 42
# min_loss : 30  estimate[11] = 53
12 -5 -5
12 -5 -5
12 -5 -5
12 -5 -5
12 -5 -5
12 -5 -5
12 -5 -5
12 -5 -5
12 -5 -5
12 -5 -5
# ave_measured_val[0][0] = 735
12 -5 5
12 -5 5
12 -5 5
12 -5 5
12 -5 5
12 -5 5
12 -5 5
12 -5 5
12 -5 5
12 -5 5
# ave_measured_val[0][1] = 691
12 5 -5
12 5 -5
12 5 -5
12 5 -5
12 5 -5
12 5 -5
12 5 -5
12 5 -5
12 5 -5
12 5 -5
# ave_measured_val[1][0] = 699
12 5 5
12 5 5
12 5 5
12 5 5
12 5 5
12 5 5
12 5 5
12 5 5
12 5 5
12 5 5
# ave_measured_val[1][1] = 658
# hoge
# min_loss : 119  estimate[12] = 0
# min_loss : 103  estimate[12] = 34
# min_loss : 85  estimate[12] = 36
# min_loss : 53  estimate[12] = 41
# min_loss : 45  estimate[12] = 44
# min_loss : 27  estimate[12] = 46
# min_loss : 13  estimate[12] = 48
# min_loss : 11  estimate[12] = 51
13 -5 -5
13 -5 -5
13 -5 -5
13 -5 -5
13 -5 -5
13 -5 -5
13 -5 -5
13 -5 -5
13 -5 -5
13 -5 -5
# ave_measured_val[0][0] = 661
13 -5 5
13 -5 5
13 -5 5
13 -5 5
13 -5 5
13 -5 5
13 -5 5
13 -5 5
13 -5 5
13 -5 5
# ave_measured_val[0][1] = 639
13 5 -5
13 5 -5
13 5 -5
13 5 -5
13 5 -5
13 5 -5
13 5 -5
13 5 -5
13 5 -5
13 5 -5
# ave_measured_val[1][0] = 624
13 5 5
13 5 5
13 5 5
13 5 5
13 5 5
13 5 5
13 5 5
13 5 5
13 5 5
13 5 5
# ave_measured_val[1][1] = 596
# hoge
# min_loss : 144  estimate[13] = 0
# min_loss : 66  estimate[13] = 1
# min_loss : 48  estimate[13] = 64
# min_loss : 34  estimate[13] = 69
# min_loss : 32  estimate[13] = 73
14 -5 -5
14 -5 -5
14 -5 -5
14 -5 -5
14 -5 -5
14 -5 -5
14 -5 -5
14 -5 -5
14 -5 -5
14 -5 -5
# ave_measured_val[0][0] = 639
14 -5 5
14 -5 5
14 -5 5
14 -5 5
14 -5 5
14 -5 5
14 -5 5
14 -5 5
14 -5 5
14 -5 5
# ave_measured_val[0][1] = 599
14 5 -5
14 5 -5
14 5 -5
14 5 -5
14 5 -5
14 5 -5
14 5 -5
14 5 -5
14 5 -5
14 5 -5
# ave_measured_val[1][0] = 673
14 5 5
14 5 5
14 5 5
14 5 5
14 5 5
14 5 5
14 5 5
14 5 5
14 5 5
14 5 5
# ave_measured_val[1][1] = 643
# hoge
# min_loss : 172  estimate[14] = 0
# min_loss : 128  estimate[14] = 1
# min_loss : 104  estimate[14] = 2
# min_loss : 94  estimate[14] = 54
# min_loss : 46  estimate[14] = 66
# min_loss : 30  estimate[14] = 70
# min_loss : 24  estimate[14] = 74
15 -5 -5
15 -5 -5
15 -5 -5
15 -5 -5
15 -5 -5
15 -5 -5
15 -5 -5
15 -5 -5
15 -5 -5
15 -5 -5
# ave_measured_val[0][0] = 635
15 -5 5
15 -5 5
15 -5 5
15 -5 5
15 -5 5
15 -5 5
15 -5 5
15 -5 5
15 -5 5
15 -5 5
# ave_measured_val[0][1] = 669
15 5 -5
15 5 -5
15 5 -5
15 5 -5
15 5 -5
15 5 -5
15 5 -5
15 5 -5
15 5 -5
15 5 -5
# ave_measured_val[1][0] = 604
15 5 5
15 5 5
15 5 5
15 5 5
15 5 5
15 5 5
15 5 5
15 5 5
15 5 5
15 5 5
# ave_measured_val[1][1] = 643
# hoge
# min_loss : 113  estimate[15] = 0
# min_loss : 57  estimate[15] = 1
# min_loss : 49  estimate[15] = 7
# min_loss : 23  estimate[15] = 9
16 -5 -5
16 -5 -5
16 -5 -5
16 -5 -5
16 -5 -5
16 -5 -5
16 -5 -5
16 -5 -5
16 -5 -5
16 -5 -5
# ave_measured_val[0][0] = 613
16 -5 5
16 -5 5
16 -5 5
16 -5 5
16 -5 5
16 -5 5
16 -5 5
16 -5 5
16 -5 5
16 -5 5
# ave_measured_val[0][1] = 653
16 5 -5
16 5 -5
16 5 -5
16 5 -5
16 5 -5
16 5 -5
16 5 -5
16 5 -5
16 5 -5
16 5 -5
# ave_measured_val[1][0] = 651
16 5 5
16 5 5
16 5 5
16 5 5
16 5 5
16 5 5
16 5 5
16 5 5
16 5 5
16 5 5
# ave_measured_val[1][1] = 687
# hoge
# min_loss : 152  estimate[16] = 0
# min_loss : 134  estimate[16] = 1
# min_loss : 110  estimate[16] = 2
# min_loss : 60  estimate[16] = 3
# min_loss : 20  estimate[16] = 4
# min_loss : 10  estimate[16] = 8
17 -5 -5
17 -5 -5
17 -5 -5
17 -5 -5
17 -5 -5
17 -5 -5
17 -5 -5
17 -5 -5
17 -5 -5
17 -5 -5
# ave_measured_val[0][0] = 690
17 -5 5
17 -5 5
17 -5 5
17 -5 5
17 -5 5
17 -5 5
17 -5 5
17 -5 5
17 -5 5
17 -5 5
# ave_measured_val[0][1] = 733
17 5 -5
17 5 -5
17 5 -5
17 5 -5
17 5 -5
17 5 -5
17 5 -5
17 5 -5
17 5 -5
17 5 -5
# ave_measured_val[1][0] = 652
17 5 5
17 5 5
17 5 5
17 5 5
17 5 5
17 5 5
17 5 5
17 5 5
17 5 5
17 5 5
# ave_measured_val[1][1] = 695
# hoge
# min_loss : 106  estimate[17] = 0
# min_loss : 78  estimate[17] = 11
# min_loss : 58  estimate[17] = 15
# min_loss : 42  estimate[17] = 18
# min_loss : 38  estimate[17] = 27
# min_loss : 26  estimate[17] = 28
18 -5 -5
18 -5 -5
18 -5 -5
18 -5 -5
18 -5 -5
18 -5 -5
18 -5 -5
18 -5 -5
18 -5 -5
18 -5 -5
# ave_measured_val[0][0] = 632
18 -5 5
18 -5 5
18 -5 5
18 -5 5
18 -5 5
18 -5 5
18 -5 5
18 -5 5
18 -5 5
18 -5 5
# ave_measured_val[0][1] = 673
18 5 -5
18 5 -5
18 5 -5
18 5 -5
18 5 -5
18 5 -5
18 5 -5
18 5 -5
18 5 -5
18 5 -5
# ave_measured_val[1][0] = 675
18 5 5
18 5 5
18 5 5
18 5 5
18 5 5
18 5 5
18 5 5
18 5 5
18 5 5
18 5 5
# ave_measured_val[1][1] = 712
# hoge
# min_loss : 162  estimate[18] = 0
# min_loss : 46  estimate[18] = 3
# min_loss : 44  estimate[18] = 6
# min_loss : 6  estimate[18] = 23
19 -5 -5
19 -5 -5
19 -5 -5
19 -5 -5
19 -5 -5
19 -5 -5
19 -5 -5
19 -5 -5
19 -5 -5
19 -5 -5
# ave_measured_val[0][0] = 637
19 -5 5
19 -5 5
19 -5 5
19 -5 5
19 -5 5
19 -5 5
19 -5 5
19 -5 5
19 -5 5
19 -5 5
# ave_measured_val[0][1] = 655
19 5 -5
19 5 -5
19 5 -5
19 5 -5
19 5 -5
19 5 -5
19 5 -5
19 5 -5
19 5 -5
19 5 -5
# ave_measured_val[1][0] = 604
19 5 5
19 5 5
19 5 5
19 5 5
19 5 5
19 5 5
19 5 5
19 5 5
19 5 5
19 5 5
# ave_measured_val[1][1] = 618
# hoge
# min_loss : 150  estimate[19] = 0
# min_loss : 24  estimate[19] = 1
20 -5 -5
20 -5 -5
20 -5 -5
20 -5 -5
20 -5 -5
20 -5 -5
20 -5 -5
20 -5 -5
20 -5 -5
20 -5 -5
# ave_measured_val[0][0] = 632
20 -5 5
20 -5 5
20 -5 5
20 -5 5
20 -5 5
20 -5 5
20 -5 5
20 -5 5
20 -5 5
20 -5 5
# ave_measured_val[0][1] = 628
20 5 -5
20 5 -5
20 5 -5
20 5 -5
20 5 -5
20 5 -5
20 5 -5
20 5 -5
20 5 -5
20 5 -5
# ave_measured_val[1][0] = 665
20 5 5
20 5 5
20 5 5
20 5 5
20 5 5
20 5 5
20 5 5
20 5 5
20 5 5
20 5 5
# ave_measured_val[1][1] = 674
# hoge
# min_loss : 159  estimate[20] = 0
# min_loss : 127  estimate[20] = 1
# min_loss : 91  estimate[20] = 2
# min_loss : 65  estimate[20] = 3
# min_loss : 59  estimate[20] = 4
# min_loss : 49  estimate[20] = 76
21 -5 -5
21 -5 -5
21 -5 -5
21 -5 -5
21 -5 -5
21 -5 -5
21 -5 -5
21 -5 -5
21 -5 -5
21 -5 -5
# ave_measured_val[0][0] = 688
21 -5 5
21 -5 5
21 -5 5
21 -5 5
21 -5 5
21 -5 5
21 -5 5
21 -5 5
21 -5 5
21 -5 5
# ave_measured_val[0][1] = 731
21 5 -5
21 5 -5
21 5 -5
21 5 -5
21 5 -5
21 5 -5
21 5 -5
21 5 -5
21 5 -5
21 5 -5
# ave_measured_val[1][0] = 654
21 5 5
21 5 5
21 5 5
21 5 5
21 5 5
21 5 5
21 5 5
21 5 5
21 5 5
21 5 5
# ave_measured_val[1][1] = 691
# hoge
# min_loss : 100  estimate[21] = 0
# min_loss : 74  estimate[21] = 11
# min_loss : 52  estimate[21] = 15
# min_loss : 36  estimate[21] = 18
# min_loss : 20  estimate[21] = 28
22 -5 -5
22 -5 -5
22 -5 -5
22 -5 -5
22 -5 -5
22 -5 -5
22 -5 -5
22 -5 -5
22 -5 -5
22 -5 -5
# ave_measured_val[0][0] = 686
22 -5 5
22 -5 5
22 -5 5
22 -5 5
22 -5 5
22 -5 5
22 -5 5
22 -5 5
22 -5 5
22 -5 5
# ave_measured_val[0][1] = 645
22 5 -5
22 5 -5
22 5 -5
22 5 -5
22 5 -5
22 5 -5
22 5 -5
22 5 -5
22 5 -5
22 5 -5
# ave_measured_val[1][0] = 675
22 5 5
22 5 5
22 5 5
22 5 5
22 5 5
22 5 5
22 5 5
22 5 5
22 5 5
22 5 5
# ave_measured_val[1][1] = 631
# hoge
# min_loss : 101  estimate[22] = 0
# min_loss : 85  estimate[22] = 37
# min_loss : 69  estimate[22] = 39
# min_loss : 39  estimate[22] = 53
23 -5 -5
23 -5 -5
23 -5 -5
23 -5 -5
23 -5 -5
23 -5 -5
23 -5 -5
23 -5 -5
23 -5 -5
23 -5 -5
# ave_measured_val[0][0] = 666
23 -5 5
23 -5 5
23 -5 5
23 -5 5
23 -5 5
23 -5 5
23 -5 5
23 -5 5
23 -5 5
23 -5 5
# ave_measured_val[0][1] = 694
23 5 -5
23 5 -5
23 5 -5
23 5 -5
23 5 -5
23 5 -5
23 5 -5
23 5 -5
23 5 -5
23 5 -5
# ave_measured_val[1][0] = 632
23 5 5
23 5 5
23 5 5
23 5 5
23 5 5
23 5 5
23 5 5
23 5 5
23 5 5
23 5 5
# ave_measured_val[1][1] = 655
# hoge
# min_loss : 35  estimate[23] = 0
# min_loss : 29  estimate[23] = 12
24 -5 -5
24 -5 -5
24 -5 -5
24 -5 -5
24 -5 -5
24 -5 -5
24 -5 -5
24 -5 -5
24 -5 -5
24 -5 -5
# ave_measured_val[0][0] = 706
24 -5 5
24 -5 5
24 -5 5
24 -5 5
24 -5 5
24 -5 5
24 -5 5
24 -5 5
24 -5 5
24 -5 5
# ave_measured_val[0][1] = 732
24 5 -5
24 5 -5
24 5 -5
24 5 -5
24 5 -5
24 5 -5
24 5 -5
24 5 -5
24 5 -5
24 5 -5
# ave_measured_val[1][0] = 693
24 5 5
24 5 5
24 5 5
24 5 5
24 5 5
24 5 5
24 5 5
24 5 5
24 5 5
24 5 5
# ave_measured_val[1][1] = 716
# hoge
# min_loss : 183  estimate[24] = 0
# min_loss : 151  estimate[24] = 11
# min_loss : 135  estimate[24] = 15
# min_loss : 119  estimate[24] = 17
# min_loss : 75  estimate[24] = 25
# min_loss : 55  estimate[24] = 26
# min_loss : 51  estimate[24] = 27
25 -5 -5
25 -5 -5
25 -5 -5
25 -5 -5
25 -5 -5
25 -5 -5
25 -5 -5
25 -5 -5
25 -5 -5
25 -5 -5
# ave_measured_val[0][0] = 622
25 -5 5
25 -5 5
25 -5 5
25 -5 5
25 -5 5
25 -5 5
25 -5 5
25 -5 5
25 -5 5
25 -5 5
# ave_measured_val[0][1] = 659
25 5 -5
25 5 -5
25 5 -5
25 5 -5
25 5 -5
25 5 -5
25 5 -5
25 5 -5
25 5 -5
25 5 -5
# ave_measured_val[1][0] = 652
25 5 5
25 5 5
25 5 5
25 5 5
25 5 5
25 5 5
25 5 5
25 5 5
25 5 5
25 5 5
# ave_measured_val[1][1] = 694
# hoge
# min_loss : 145  estimate[25] = 0
# min_loss : 139  estimate[25] = 1
# min_loss : 115  estimate[25] = 2
# min_loss : 47  estimate[25] = 3
# min_loss : 43  estimate[25] = 4
# min_loss : 15  estimate[25] = 5
26 -5 -5
26 -5 -5
26 -5 -5
26 -5 -5
26 -5 -5
26 -5 -5
26 -5 -5
26 -5 -5
26 -5 -5
26 -5 -5
# ave_measured_val[0][0] = 703
26 -5 5
26 -5 5
26 -5 5
26 -5 5
26 -5 5
26 -5 5
26 -5 5
26 -5 5
26 -5 5
26 -5 5
# ave_measured_val[0][1] = 735
26 5 -5
26 5 -5
26 5 -5
26 5 -5
26 5 -5
26 5 -5
26 5 -5
26 5 -5
26 5 -5
26 5 -5
# ave_measured_val[1][0] = 668
26 5 5
26 5 5
26 5 5
26 5 5
26 5 5
26 5 5
26 5 5
26 5 5
26 5 5
26 5 5
# ave_measured_val[1][1] = 693
# hoge
# min_loss : 135  estimate[26] = 0
# min_loss : 105  estimate[26] = 11
# min_loss : 87  estimate[26] = 15
# min_loss : 71  estimate[26] = 18
# min_loss : 45  estimate[26] = 26
# min_loss : 23  estimate[26] = 27
27 -5 -5
27 -5 -5
27 -5 -5
27 -5 -5
27 -5 -5
27 -5 -5
27 -5 -5
27 -5 -5
27 -5 -5
27 -5 -5
# ave_measured_val[0][0] = 682
27 -5 5
27 -5 5
27 -5 5
27 -5 5
27 -5 5
27 -5 5
27 -5 5
27 -5 5
27 -5 5
27 -5 5
# ave_measured_val[0][1] = 727
27 5 -5
27 5 -5
27 5 -5
27 5 -5
27 5 -5
27 5 -5
27 5 -5
27 5 -5
27 5 -5
27 5 -5
# ave_measured_val[1][0] = 672
27 5 5
27 5 5
27 5 5
27 5 5
27 5 5
27 5 5
27 5 5
27 5 5
27 5 5
27 5 5
# ave_measured_val[1][1] = 716
# hoge
# min_loss : 133  estimate[27] = 0
# min_loss : 101  estimate[27] = 11
# min_loss : 85  estimate[27] = 15
# min_loss : 69  estimate[27] = 17
# min_loss : 53  estimate[27] = 25
# min_loss : 13  estimate[27] = 26
28 -5 -5
28 -5 -5
28 -5 -5
28 -5 -5
28 -5 -5
28 -5 -5
28 -5 -5
28 -5 -5
28 -5 -5
28 -5 -5
# ave_measured_val[0][0] = 622
28 -5 5
28 -5 5
28 -5 5
28 -5 5
28 -5 5
28 -5 5
28 -5 5
28 -5 5
28 -5 5
28 -5 5
# ave_measured_val[0][1] = 648
28 5 -5
28 5 -5
28 5 -5
28 5 -5
28 5 -5
28 5 -5
28 5 -5
28 5 -5
28 5 -5
28 5 -5
# ave_measured_val[1][0] = 663
28 5 5
28 5 5
28 5 5
28 5 5
28 5 5
28 5 5
28 5 5
28 5 5
28 5 5
28 5 5
# ave_measured_val[1][1] = 684
# hoge
# min_loss : 157  estimate[28] = 0
# min_loss : 129  estimate[28] = 1
# min_loss : 105  estimate[28] = 2
# min_loss : 47  estimate[28] = 3
# min_loss : 33  estimate[28] = 4
# min_loss : 17  estimate[28] = 5
29 -5 -5
29 -5 -5
29 -5 -5
29 -5 -5
29 -5 -5
29 -5 -5
29 -5 -5
29 -5 -5
29 -5 -5
29 -5 -5
# ave_measured_val[0][0] = 693
29 -5 5
29 -5 5
29 -5 5
29 -5 5
29 -5 5
29 -5 5
29 -5 5
29 -5 5
29 -5 5
29 -5 5
# ave_measured_val[0][1] = 730
29 5 -5
29 5 -5
29 5 -5
29 5 -5
29 5 -5
29 5 -5
29 5 -5
29 5 -5
29 5 -5
29 5 -5
# ave_measured_val[1][0] = 653
29 5 5
29 5 5
29 5 5
29 5 5
29 5 5
29 5 5
29 5 5
29 5 5
29 5 5
29 5 5
# ave_measured_val[1][1] = 694
# hoge
# min_loss : 106  estimate[29] = 0
# min_loss : 76  estimate[29] = 11
# min_loss : 58  estimate[29] = 15
# min_loss : 42  estimate[29] = 18
# min_loss : 38  estimate[29] = 27
# min_loss : 26  estimate[29] = 28
30 -5 -5
30 -5 -5
30 -5 -5
30 -5 -5
30 -5 -5
30 -5 -5
30 -5 -5
30 -5 -5
30 -5 -5
30 -5 -5
# ave_measured_val[0][0] = 629
30 -5 5
30 -5 5
30 -5 5
30 -5 5
30 -5 5
30 -5 5
30 -5 5
30 -5 5
30 -5 5
30 -5 5
# ave_measured_val[0][1] = 627
30 5 -5
30 5 -5
30 5 -5
30 5 -5
30 5 -5
30 5 -5
30 5 -5
30 5 -5
30 5 -5
30 5 -5
# ave_measured_val[1][0] = 633
30 5 5
30 5 5
30 5 5
30 5 5
30 5 5
30 5 5
30 5 5
30 5 5
30 5 5
30 5 5
# ave_measured_val[1][1] = 634
# hoge
# min_loss : 141  estimate[30] = 0
# min_loss : 59  estimate[30] = 1
# min_loss : 17  estimate[30] = 2
31 -5 -5
31 -5 -5
31 -5 -5
31 -5 -5
31 -5 -5
31 -5 -5
31 -5 -5
31 -5 -5
31 -5 -5
31 -5 -5
# ave_measured_val[0][0] = 657
31 -5 5
31 -5 5
31 -5 5
31 -5 5
31 -5 5
31 -5 5
31 -5 5
31 -5 5
31 -5 5
31 -5 5
# ave_measured_val[0][1] = 696
31 5 -5
31 5 -5
31 5 -5
31 5 -5
31 5 -5
31 5 -5
31 5 -5
31 5 -5
31 5 -5
31 5 -5
# ave_measured_val[1][0] = 625
31 5 5
31 5 5
31 5 5
31 5 5
31 5 5
31 5 5
31 5 5
31 5 5
31 5 5
31 5 5
# ave_measured_val[1][1] = 660
# hoge
# min_loss : 58  estimate[31] = 0
# min_loss : 38  estimate[31] = 7
# min_loss : 16  estimate[31] = 12
32 -5 -5
32 -5 -5
32 -5 -5
32 -5 -5
32 -5 -5
32 -5 -5
32 -5 -5
32 -5 -5
32 -5 -5
32 -5 -5
# ave_measured_val[0][0] = 672
32 -5 5
32 -5 5
32 -5 5
32 -5 5
32 -5 5
32 -5 5
32 -5 5
32 -5 5
32 -5 5
32 -5 5
# ave_measured_val[0][1] = 636
32 5 -5
32 5 -5
32 5 -5
32 5 -5
32 5 -5
32 5 -5
32 5 -5
32 5 -5
32 5 -5
32 5 -5
# ave_measured_val[1][0] = 643
32 5 5
32 5 5
32 5 5
32 5 5
32 5 5
32 5 5
32 5 5
32 5 5
32 5 5
32 5 5
# ave_measured_val[1][1] = 605
# hoge
# min_loss : 110  estimate[32] = 0
# min_loss : 90  estimate[32] = 1
# min_loss : 28  estimate[32] = 61
# min_loss : 20  estimate[32] = 64
33 -5 -5
33 -5 -5
33 -5 -5
33 -5 -5
33 -5 -5
33 -5 -5
33 -5 -5
33 -5 -5
33 -5 -5
33 -5 -5
# ave_measured_val[0][0] = 610
33 -5 5
33 -5 5
33 -5 5
33 -5 5
33 -5 5
33 -5 5
33 -5 5
33 -5 5
33 -5 5
33 -5 5
# ave_measured_val[0][1] = 651
33 5 -5
33 5 -5
33 5 -5
33 5 -5
33 5 -5
33 5 -5
33 5 -5
33 5 -5
33 5 -5
33 5 -5
# ave_measured_val[1][0] = 644
33 5 5
33 5 5
33 5 5
33 5 5
33 5 5
33 5 5
33 5 5
33 5 5
33 5 5
33 5 5
# ave_measured_val[1][1] = 679
# hoge
# min_loss : 142  estimate[33] = 0
# min_loss : 120  estimate[33] = 1
# min_loss : 96  estimate[33] = 2
# min_loss : 80  estimate[33] = 3
# min_loss : 18  estimate[33] = 4
# min_loss : 16  estimate[33] = 16
34 -5 -5
34 -5 -5
34 -5 -5
34 -5 -5
34 -5 -5
34 -5 -5
34 -5 -5
34 -5 -5
34 -5 -5
34 -5 -5
# ave_measured_val[0][0] = 689
34 -5 5
34 -5 5
34 -5 5
34 -5 5
34 -5 5
34 -5 5
34 -5 5
34 -5 5
34 -5 5
34 -5 5
# ave_measured_val[0][1] = 661
34 5 -5
34 5 -5
34 5 -5
34 5 -5
34 5 -5
34 5 -5
34 5 -5
34 5 -5
34 5 -5
34 5 -5
# ave_measured_val[1][0] = 678
34 5 5
34 5 5
34 5 5
34 5 5
34 5 5
34 5 5
34 5 5
34 5 5
34 5 5
34 5 5
# ave_measured_val[1][1] = 658
# hoge
# min_loss : 80  estimate[34] = 0
# min_loss : 64  estimate[34] = 33
# min_loss : 48  estimate[34] = 37
# min_loss : 40  estimate[34] = 39
# min_loss : 32  estimate[34] = 67
# min_loss : 16  estimate[34] = 77
35 -5 -5
35 -5 -5
35 -5 -5
35 -5 -5
35 -5 -5
35 -5 -5
35 -5 -5
35 -5 -5
35 -5 -5
35 -5 -5
# ave_measured_val[0][0] = 719
35 -5 5
35 -5 5
35 -5 5
35 -5 5
35 -5 5
35 -5 5
35 -5 5
35 -5 5
35 -5 5
35 -5 5
# ave_measured_val[0][1] = 727
35 5 -5
35 5 -5
35 5 -5
35 5 -5
35 5 -5
35 5 -5
35 5 -5
35 5 -5
35 5 -5
35 5 -5
# ave_measured_val[1][0] = 690
35 5 5
35 5 5
35 5 5
35 5 5
35 5 5
35 5 5
35 5 5
35 5 5
35 5 5
35 5 5
# ave_measured_val[1][1] = 700
# hoge
# min_loss : 172  estimate[35] = 0
# min_loss : 140  estimate[35] = 11
# min_loss : 124  estimate[35] = 15
# min_loss : 120  estimate[35] = 17
# min_loss : 108  estimate[35] = 18
# min_loss : 96  estimate[35] = 25
# min_loss : 64  estimate[35] = 26
# min_loss : 62  estimate[35] = 27
# min_loss : 34  estimate[35] = 36
36 -5 -5
36 -5 -5
36 -5 -5
36 -5 -5
36 -5 -5
36 -5 -5
36 -5 -5
36 -5 -5
36 -5 -5
36 -5 -5
# ave_measured_val[0][0] = 733
36 -5 5
36 -5 5
36 -5 5
36 -5 5
36 -5 5
36 -5 5
36 -5 5
36 -5 5
36 -5 5
36 -5 5
# ave_measured_val[0][1] = 690
36 5 -5
36 5 -5
36 5 -5
36 5 -5
36 5 -5
36 5 -5
36 5 -5
36 5 -5
36 5 -5
36 5 -5
# ave_measured_val[1][0] = 694
36 5 5
36 5 5
36 5 5
36 5 5
36 5 5
36 5 5
36 5 5
36 5 5
36 5 5
36 5 5
# ave_measured_val[1][1] = 649
# hoge
# min_loss : 104  estimate[36] = 0
# min_loss : 88  estimate[36] = 36
# min_loss : 56  estimate[36] = 41
# min_loss : 40  estimate[36] = 44
# min_loss : 10  estimate[36] = 48
# min_loss : 8  estimate[36] = 58
37 -5 -5
37 -5 -5
37 -5 -5
37 -5 -5
37 -5 -5
37 -5 -5
37 -5 -5
37 -5 -5
37 -5 -5
37 -5 -5
# ave_measured_val[0][0] = 627
37 -5 5
37 -5 5
37 -5 5
37 -5 5
37 -5 5
37 -5 5
37 -5 5
37 -5 5
37 -5 5
37 -5 5
# ave_measured_val[0][1] = 671
37 5 -5
37 5 -5
37 5 -5
37 5 -5
37 5 -5
37 5 -5
37 5 -5
37 5 -5
37 5 -5
37 5 -5
# ave_measured_val[1][0] = 610
37 5 5
37 5 5
37 5 5
37 5 5
37 5 5
37 5 5
37 5 5
37 5 5
37 5 5
37 5 5
# ave_measured_val[1][1] = 650
# hoge
# min_loss : 106  estimate[37] = 0
# min_loss : 68  estimate[37] = 1
# min_loss : 50  estimate[37] = 7
# min_loss : 42  estimate[37] = 9
# min_loss : 38  estimate[37] = 14
38 -5 -5
38 -5 -5
38 -5 -5
38 -5 -5
38 -5 -5
38 -5 -5
38 -5 -5
38 -5 -5
38 -5 -5
38 -5 -5
# ave_measured_val[0][0] = 638
38 -5 5
38 -5 5
38 -5 5
38 -5 5
38 -5 5
38 -5 5
38 -5 5
38 -5 5
38 -5 5
38 -5 5
# ave_measured_val[0][1] = 616
38 5 -5
38 5 -5
38 5 -5
38 5 -5
38 5 -5
38 5 -5
38 5 -5
38 5 -5
38 5 -5
38 5 -5
# ave_measured_val[1][0] = 647
38 5 5
38 5 5
38 5 5
38 5 5
38 5 5
38 5 5
38 5 5
38 5 5
38 5 5
38 5 5
# ave_measured_val[1][1] = 625
# hoge
# min_loss : 148  estimate[38] = 0
# min_loss : 66  estimate[38] = 1
# min_loss : 60  estimate[38] = 2
# min_loss : 36  estimate[38] = 68
39 -5 -5
39 -5 -5
39 -5 -5
39 -5 -5
39 -5 -5
39 -5 -5
39 -5 -5
39 -5 -5
39 -5 -5
39 -5 -5
# ave_measured_val[0][0] = 704
39 -5 5
39 -5 5
39 -5 5
39 -5 5
39 -5 5
39 -5 5
39 -5 5
39 -5 5
39 -5 5
39 -5 5
# ave_measured_val[0][1] = 664
39 5 -5
39 5 -5
39 5 -5
39 5 -5
39 5 -5
39 5 -5
39 5 -5
39 5 -5
39 5 -5
39 5 -5
# ave_measured_val[1][0] = 733
39 5 5
39 5 5
39 5 5
39 5 5
39 5 5
39 5 5
39 5 5
39 5 5
39 5 5
39 5 5
# ave_measured_val[1][1] = 703
# hoge
# min_loss : 192  estimate[39] = 0
# min_loss : 140  estimate[39] = 3
# min_loss : 134  estimate[39] = 30
# min_loss : 54  estimate[39] = 38
# min_loss : 42  estimate[39] = 40
# min_loss : 38  estimate[39] = 47
# min_loss : 30  estimate[39] = 50
# min_loss : 22  estimate[39] = 55
# min_loss : 14  estimate[39] = 56
40 -5 -5
40 -5 -5
40 -5 -5
40 -5 -5
40 -5 -5
40 -5 -5
40 -5 -5
40 -5 -5
40 -5 -5
40 -5 -5
# ave_measured_val[0][0] = 695
40 -5 5
40 -5 5
40 -5 5
40 -5 5
40 -5 5
40 -5 5
40 -5 5
40 -5 5
40 -5 5
40 -5 5
# ave_measured_val[0][1] = 741
40 5 -5
40 5 -5
40 5 -5
40 5 -5
40 5 -5
40 5 -5
40 5 -5
40 5 -5
40 5 -5
40 5 -5
# ave_measured_val[1][0] = 656
40 5 5
40 5 5
40 5 5
40 5 5
40 5 5
40 5 5
40 5 5
40 5 5
40 5 5
40 5 5
# ave_measured_val[1][1] = 692
# hoge
# min_loss : 120  estimate[40] = 0
# min_loss : 92  estimate[40] = 11
# min_loss : 72  estimate[40] = 15
# min_loss : 56  estimate[40] = 18
# min_loss : 30  estimate[40] = 27
41 -5 -5
41 -5 -5
41 -5 -5
41 -5 -5
41 -5 -5
41 -5 -5
41 -5 -5
41 -5 -5
41 -5 -5
41 -5 -5
# ave_measured_val[0][0] = 683
41 -5 5
41 -5 5
41 -5 5
41 -5 5
41 -5 5
41 -5 5
41 -5 5
41 -5 5
41 -5 5
41 -5 5
# ave_measured_val[0][1] = 642
41 5 -5
41 5 -5
41 5 -5
41 5 -5
41 5 -5
41 5 -5
41 5 -5
41 5 -5
41 5 -5
41 5 -5
# ave_measured_val[1][0] = 644
41 5 5
41 5 5
41 5 5
41 5 5
41 5 5
41 5 5
41 5 5
41 5 5
41 5 5
41 5 5
# ave_measured_val[1][1] = 602
# hoge
# min_loss : 99  estimate[41] = 0
# min_loss : 93  estimate[41] = 53
# min_loss : 31  estimate[41] = 61
# min_loss : 3  estimate[41] = 64
42 -5 -5
42 -5 -5
42 -5 -5
42 -5 -5
42 -5 -5
42 -5 -5
42 -5 -5
42 -5 -5
42 -5 -5
42 -5 -5
# ave_measured_val[0][0] = 687
42 -5 5
42 -5 5
42 -5 5
42 -5 5
42 -5 5
42 -5 5
42 -5 5
42 -5 5
42 -5 5
42 -5 5
# ave_measured_val[0][1] = 668
42 5 -5
42 5 -5
42 5 -5
42 5 -5
42 5 -5
42 5 -5
42 5 -5
42 5 -5
42 5 -5
42 5 -5
# ave_measured_val[1][0] = 730
42 5 5
42 5 5
42 5 5
42 5 5
42 5 5
42 5 5
42 5 5
42 5 5
42 5 5
42 5 5
# ave_measured_val[1][1] = 708
# hoge
# min_loss : 173  estimate[42] = 0
# min_loss : 129  estimate[42] = 3
# min_loss : 125  estimate[42] = 17
# min_loss : 121  estimate[42] = 23
# min_loss : 105  estimate[42] = 30
# min_loss : 25  estimate[42] = 38
43 -5 -5
43 -5 -5
43 -5 -5
43 -5 -5
43 -5 -5
43 -5 -5
43 -5 -5
43 -5 -5
43 -5 -5
43 -5 -5
# ave_measured_val[0][0] = 654
43 -5 5
43 -5 5
43 -5 5
43 -5 5
43 -5 5
43 -5 5
43 -5 5
43 -5 5
43 -5 5
43 -5 5
# ave_measured_val[0][1] = 656
43 5 -5
43 5 -5
43 5 -5
43 5 -5
43 5 -5
43 5 -5
43 5 -5
43 5 -5
43 5 -5
43 5 -5
# ave_measured_val[1][0] = 694
43 5 5
43 5 5
43 5 5
43 5 5
43 5 5
43 5 5
43 5 5
43 5 5
43 5 5
43 5 5
# ave_measured_val[1][1] = 690
# hoge
# min_loss : 154  estimate[43] = 0
# min_loss : 38  estimate[43] = 3
# min_loss : 30  estimate[43] = 79
44 -5 -5
44 -5 -5
44 -5 -5
44 -5 -5
44 -5 -5
44 -5 -5
44 -5 -5
44 -5 -5
44 -5 -5
44 -5 -5
# ave_measured_val[0][0] = 626
44 -5 5
44 -5 5
44 -5 5
44 -5 5
44 -5 5
44 -5 5
44 -5 5
44 -5 5
44 -5 5
44 -5 5
# ave_measured_val[0][1] = 669
44 5 -5
44 5 -5
44 5 -5
44 5 -5
44 5 -5
44 5 -5
44 5 -5
44 5 -5
44 5 -5
44 5 -5
# ave_measured_val[1][0] = 658
44 5 5
44 5 5
44 5 5
44 5 5
44 5 5
44 5 5
44 5 5
44 5 5
44 5 5
44 5 5
# ave_measured_val[1][1] = 704
# hoge
# min_loss : 147  estimate[44] = 0
# min_loss : 137  estimate[44] = 2
# min_loss : 57  estimate[44] = 3
# min_loss : 33  estimate[44] = 5
# min_loss : 25  estimate[44] = 6
# min_loss : 11  estimate[44] = 29
45 -5 -5
45 -5 -5
45 -5 -5
45 -5 -5
45 -5 -5
45 -5 -5
45 -5 -5
45 -5 -5
45 -5 -5
45 -5 -5
# ave_measured_val[0][0] = 724
45 -5 5
45 -5 5
45 -5 5
45 -5 5
45 -5 5
45 -5 5
45 -5 5
45 -5 5
45 -5 5
45 -5 5
# ave_measured_val[0][1] = 687
45 5 -5
45 5 -5
45 5 -5
45 5 -5
45 5 -5
45 5 -5
45 5 -5
45 5 -5
45 5 -5
45 5 -5
# ave_measured_val[1][0] = 691
45 5 5
45 5 5
45 5 5
45 5 5
45 5 5
45 5 5
45 5 5
45 5 5
45 5 5
45 5 5
# ave_measured_val[1][1] = 649
# hoge
# min_loss : 95  estimate[45] = 0
# min_loss : 79  estimate[45] = 36
# min_loss : 51  estimate[45] = 41
# min_loss : 31  estimate[45] = 44
# min_loss : 25  estimate[45] = 48
# min_loss : 11  estimate[45] = 58
46 -5 -5
46 -5 -5
46 -5 -5
46 -5 -5
46 -5 -5
46 -5 -5
46 -5 -5
46 -5 -5
46 -5 -5
46 -5 -5
# ave_measured_val[0][0] = 684
46 -5 5
46 -5 5
46 -5 5
46 -5 5
46 -5 5
46 -5 5
46 -5 5
46 -5 5
46 -5 5
46 -5 5
# ave_measured_val[0][1] = 701
46 5 -5
46 5 -5
46 5 -5
46 5 -5
46 5 -5
46 5 -5
46 5 -5
46 5 -5
46 5 -5
46 5 -5
# ave_measured_val[1][0] = 717
46 5 5
46 5 5
46 5 5
46 5 5
46 5 5
46 5 5
46 5 5
46 5 5
46 5 5
46 5 5
# ave_measured_val[1][1] = 736
# hoge
# min_loss : 174  estimate[46] = 0
# min_loss : 142  estimate[46] = 11
# min_loss : 136  estimate[46] = 15
# min_loss : 110  estimate[46] = 17
# min_loss : 94  estimate[46] = 24
# min_loss : 64  estimate[46] = 25
# min_loss : 36  estimate[46] = 30
47 -5 -5
47 -5 -5
47 -5 -5
47 -5 -5
47 -5 -5
47 -5 -5
47 -5 -5
47 -5 -5
47 -5 -5
47 -5 -5
# ave_measured_val[0][0] = 674
47 -5 5
47 -5 5
47 -5 5
47 -5 5
47 -5 5
47 -5 5
47 -5 5
47 -5 5
47 -5 5
47 -5 5
# ave_measured_val[0][1] = 657
47 5 -5
47 5 -5
47 5 -5
47 5 -5
47 5 -5
47 5 -5
47 5 -5
47 5 -5
47 5 -5
47 5 -5
# ave_measured_val[1][0] = 636
47 5 5
47 5 5
47 5 5
47 5 5
47 5 5
47 5 5
47 5 5
47 5 5
47 5 5
47 5 5
# ave_measured_val[1][1] = 616
# hoge
# min_loss : 81  estimate[47] = 0
# min_loss : 75  estimate[47] = 1
# min_loss : 43  estimate[47] = 61
# min_loss : 27  estimate[47] = 72
48 -5 -5
48 -5 -5
48 -5 -5
48 -5 -5
48 -5 -5
48 -5 -5
48 -5 -5
48 -5 -5
48 -5 -5
48 -5 -5
# ave_measured_val[0][0] = 659
48 -5 5
48 -5 5
48 -5 5
48 -5 5
48 -5 5
48 -5 5
48 -5 5
48 -5 5
48 -5 5
48 -5 5
# ave_measured_val[0][1] = 669
48 5 -5
48 5 -5
48 5 -5
48 5 -5
48 5 -5
48 5 -5
48 5 -5
48 5 -5
48 5 -5
48 5 -5
# ave_measured_val[1][0] = 700
48 5 5
48 5 5
48 5 5
48 5 5
48 5 5
48 5 5
48 5 5
48 5 5
48 5 5
48 5 5
# ave_measured_val[1][1] = 707
# hoge
# min_loss : 159  estimate[48] = 0
# min_loss : 71  estimate[48] = 3
# min_loss : 65  estimate[48] = 17
# min_loss : 63  estimate[48] = 23
# min_loss : 57  estimate[48] = 38
49 -5 -5
49 -5 -5
49 -5 -5
49 -5 -5
49 -5 -5
49 -5 -5
49 -5 -5
49 -5 -5
49 -5 -5
49 -5 -5
# ave_measured_val[0][0] = 640
49 -5 5
49 -5 5
49 -5 5
49 -5 5
49 -5 5
49 -5 5
49 -5 5
49 -5 5
49 -5 5
49 -5 5
# ave_measured_val[0][1] = 603
49 5 -5
49 5 -5
49 5 -5
49 5 -5
49 5 -5
49 5 -5
49 5 -5
49 5 -5
49 5 -5
49 5 -5
# ave_measured_val[1][0] = 681
49 5 5
49 5 5
49 5 5
49 5 5
49 5 5
49 5 5
49 5 5
49 5 5
49 5 5
49 5 5
# ave_measured_val[1][1] = 645
# hoge
# min_loss : 173  estimate[49] = 0
# min_loss : 135  estimate[49] = 1
# min_loss : 111  estimate[49] = 2
# min_loss : 105  estimate[49] = 3
# min_loss : 79  estimate[49] = 54
# min_loss : 31  estimate[49] = 66
# min_loss : 15  estimate[49] = 70
50 -5 -5
50 -5 -5
50 -5 -5
50 -5 -5
50 -5 -5
50 -5 -5
50 -5 -5
50 -5 -5
50 -5 -5
50 -5 -5
# ave_measured_val[0][0] = 677
50 -5 5
50 -5 5
50 -5 5
50 -5 5
50 -5 5
50 -5 5
50 -5 5
50 -5 5
50 -5 5
50 -5 5
# ave_measured_val[0][1] = 651
50 5 -5
50 5 -5
50 5 -5
50 5 -5
50 5 -5
50 5 -5
50 5 -5
50 5 -5
50 5 -5
50 5 -5
# ave_measured_val[1][0] = 635
50 5 5
50 5 5
50 5 5
50 5 5
50 5 5
50 5 5
50 5 5
50 5 5
50 5 5
50 5 5
# ave_measured_val[1][1] = 613
# hoge
# min_loss : 88  estimate[50] = 0
# min_loss : 74  estimate[50] = 1
# min_loss : 34  estimate[50] = 61
# min_loss : 32  estimate[50] = 64
# min_loss : 24  estimate[50] = 72
51 -5 -5
51 -5 -5
51 -5 -5
51 -5 -5
51 -5 -5
51 -5 -5
51 -5 -5
51 -5 -5
51 -5 -5
51 -5 -5
# ave_measured_val[0][0] = 663
51 -5 5
51 -5 5
51 -5 5
51 -5 5
51 -5 5
51 -5 5
51 -5 5
51 -5 5
51 -5 5
51 -5 5
# ave_measured_val[0][1] = 690
51 5 -5
51 5 -5
51 5 -5
51 5 -5
51 5 -5
51 5 -5
51 5 -5
51 5 -5
51 5 -5
51 5 -5
# ave_measured_val[1][0] = 710
51 5 5
51 5 5
51 5 5
51 5 5
51 5 5
51 5 5
51 5 5
51 5 5
51 5 5
51 5 5
# ave_measured_val[1][1] = 721
# hoge
# min_loss : 158  estimate[51] = 0
# min_loss : 120  estimate[51] = 3
# min_loss : 96  estimate[51] = 11
# min_loss : 72  estimate[51] = 17
# min_loss : 50  estimate[51] = 24
52 -5 -5
52 -5 -5
52 -5 -5
52 -5 -5
52 -5 -5
52 -5 -5
52 -5 -5
52 -5 -5
52 -5 -5
52 -5 -5
# ave_measured_val[0][0] = 641
52 -5 5
52 -5 5
52 -5 5
52 -5 5
52 -5 5
52 -5 5
52 -5 5
52 -5 5
52 -5 5
52 -5 5
# ave_measured_val[0][1] = 680
52 5 -5
52 5 -5
52 5 -5
52 5 -5
52 5 -5
52 5 -5
52 5 -5
52 5 -5
52 5 -5
52 5 -5
# ave_measured_val[1][0] = 614
52 5 5
52 5 5
52 5 5
52 5 5
52 5 5
52 5 5
52 5 5
52 5 5
52 5 5
52 5 5
# ave_measured_val[1][1] = 655
# hoge
# min_loss : 84  estimate[52] = 0
# min_loss : 70  estimate[52] = 1
# min_loss : 28  estimate[52] = 7
53 -5 -5
53 -5 -5
53 -5 -5
53 -5 -5
53 -5 -5
53 -5 -5
53 -5 -5
53 -5 -5
53 -5 -5
53 -5 -5
# ave_measured_val[0][0] = 647
53 -5 5
53 -5 5
53 -5 5
53 -5 5
53 -5 5
53 -5 5
53 -5 5
53 -5 5
53 -5 5
53 -5 5
# ave_measured_val[0][1] = 689
53 5 -5
53 5 -5
53 5 -5
53 5 -5
53 5 -5
53 5 -5
53 5 -5
53 5 -5
53 5 -5
53 5 -5
# ave_measured_val[1][0] = 611
53 5 5
53 5 5
53 5 5
53 5 5
53 5 5
53 5 5
53 5 5
53 5 5
53 5 5
53 5 5
# ave_measured_val[1][1] = 649
# hoge
# min_loss : 68  estimate[53] = 0
# min_loss : 16  estimate[53] = 7
54 -5 -5
54 -5 -5
54 -5 -5
54 -5 -5
54 -5 -5
54 -5 -5
54 -5 -5
54 -5 -5
54 -5 -5
54 -5 -5
# ave_measured_val[0][0] = 652
54 -5 5
54 -5 5
54 -5 5
54 -5 5
54 -5 5
54 -5 5
54 -5 5
54 -5 5
54 -5 5
54 -5 5
# ave_measured_val[0][1] = 665
54 5 -5
54 5 -5
54 5 -5
54 5 -5
54 5 -5
54 5 -5
54 5 -5
54 5 -5
54 5 -5
54 5 -5
# ave_measured_val[1][0] = 674
54 5 5
54 5 5
54 5 5
54 5 5
54 5 5
54 5 5
54 5 5
54 5 5
54 5 5
54 5 5
# ave_measured_val[1][1] = 681
# hoge
# min_loss : 118  estimate[54] = 0
# min_loss : 42  estimate[54] = 3
# min_loss : 32  estimate[54] = 31
# min_loss : 22  estimate[54] = 33
55 -5 -5
55 -5 -5
55 -5 -5
55 -5 -5
55 -5 -5
55 -5 -5
55 -5 -5
55 -5 -5
55 -5 -5
55 -5 -5
# ave_measured_val[0][0] = 717
55 -5 5
55 -5 5
55 -5 5
55 -5 5
55 -5 5
55 -5 5
55 -5 5
55 -5 5
55 -5 5
55 -5 5
# ave_measured_val[0][1] = 676
55 5 -5
55 5 -5
55 5 -5
55 5 -5
55 5 -5
55 5 -5
55 5 -5
55 5 -5
55 5 -5
55 5 -5
# ave_measured_val[1][0] = 724
55 5 5
55 5 5
55 5 5
55 5 5
55 5 5
55 5 5
55 5 5
55 5 5
55 5 5
55 5 5
# ave_measured_val[1][1] = 682
# hoge
# min_loss : 163  estimate[55] = 0
# min_loss : 159  estimate[55] = 3
# min_loss : 147  estimate[55] = 30
# min_loss : 131  estimate[55] = 31
# min_loss : 119  estimate[55] = 33
# min_loss : 93  estimate[55] = 36
# min_loss : 71  estimate[55] = 38
# min_loss : 63  estimate[55] = 40
# min_loss : 41  estimate[55] = 43
# min_loss : 39  estimate[55] = 59
56 -5 -5
56 -5 -5
56 -5 -5
56 -5 -5
56 -5 -5
56 -5 -5
56 -5 -5
56 -5 -5
56 -5 -5
56 -5 -5
# ave_measured_val[0][0] = 685
56 -5 5
56 -5 5
56 -5 5
56 -5 5
56 -5 5
56 -5 5
56 -5 5
56 -5 5
56 -5 5
56 -5 5
# ave_measured_val[0][1] = 644
56 5 -5
56 5 -5
56 5 -5
56 5 -5
56 5 -5
56 5 -5
56 5 -5
56 5 -5
56 5 -5
56 5 -5
# ave_measured_val[1][0] = 688
56 5 5
56 5 5
56 5 5
56 5 5
56 5 5
56 5 5
56 5 5
56 5 5
56 5 5
56 5 5
# ave_measured_val[1][1] = 653
# hoge
# min_loss : 98  estimate[56] = 0
# min_loss : 92  estimate[56] = 33
# min_loss : 76  estimate[56] = 37
# min_loss : 62  estimate[56] = 39
# min_loss : 36  estimate[56] = 54
# min_loss : 26  estimate[56] = 67
57 -5 -5
57 -5 -5
57 -5 -5
57 -5 -5
57 -5 -5
57 -5 -5
57 -5 -5
57 -5 -5
57 -5 -5
57 -5 -5
# ave_measured_val[0][0] = 679
57 -5 5
57 -5 5
57 -5 5
57 -5 5
57 -5 5
57 -5 5
57 -5 5
57 -5 5
57 -5 5
57 -5 5
# ave_measured_val[0][1] = 654
57 5 -5
57 5 -5
57 5 -5
57 5 -5
57 5 -5
57 5 -5
57 5 -5
57 5 -5
57 5 -5
57 5 -5
# ave_measured_val[1][0] = 717
57 5 5
57 5 5
57 5 5
57 5 5
57 5 5
57 5 5
57 5 5
57 5 5
57 5 5
57 5 5
# ave_measured_val[1][1] = 684
# hoge
# min_loss : 148  estimate[57] = 0
# min_loss : 90  estimate[57] = 3
# min_loss : 86  estimate[57] = 33
# min_loss : 58  estimate[57] = 38
# min_loss : 26  estimate[57] = 45
# min_loss : 24  estimate[57] = 49
58 -5 -5
58 -5 -5
58 -5 -5
58 -5 -5
58 -5 -5
58 -5 -5
58 -5 -5
58 -5 -5
58 -5 -5
58 -5 -5
# ave_measured_val[0][0] = 691
58 -5 5
58 -5 5
58 -5 5
58 -5 5
58 -5 5
58 -5 5
58 -5 5
58 -5 5
58 -5 5
58 -5 5
# ave_measured_val[0][1] = 647
58 5 -5
58 5 -5
58 5 -5
58 5 -5
58 5 -5
58 5 -5
58 5 -5
58 5 -5
58 5 -5
58 5 -5
# ave_measured_val[1][0] = 725
58 5 5
58 5 5
58 5 5
58 5 5
58 5 5
58 5 5
58 5 5
58 5 5
58 5 5
58 5 5
# ave_measured_val[1][1] = 685
# hoge
# min_loss : 170  estimate[58] = 0
# min_loss : 116  estimate[58] = 3
# min_loss : 114  estimate[58] = 33
# min_loss : 68  estimate[58] = 38
# min_loss : 22  estimate[58] = 45
59 -5 -5
59 -5 -5
59 -5 -5
59 -5 -5
59 -5 -5
59 -5 -5
59 -5 -5
59 -5 -5
59 -5 -5
59 -5 -5
# ave_measured_val[0][0] = 621
59 -5 5
59 -5 5
59 -5 5
59 -5 5
59 -5 5
59 -5 5
59 -5 5
59 -5 5
59 -5 5
59 -5 5
# ave_measured_val[0][1] = 655
59 5 -5
59 5 -5
59 5 -5
59 5 -5
59 5 -5
59 5 -5
59 5 -5
59 5 -5
59 5 -5
59 5 -5
# ave_measured_val[1][0] = 652
59 5 5
59 5 5
59 5 5
59 5 5
59 5 5
59 5 5
59 5 5
59 5 5
59 5 5
59 5 5
# ave_measured_val[1][1] = 697
# hoge
# min_loss : 153  estimate[59] = 0
# min_loss : 139  estimate[59] = 1
# min_loss : 115  estimate[59] = 2
# min_loss : 47  estimate[59] = 3
# min_loss : 41  estimate[59] = 4
# min_loss : 15  estimate[59] = 5
# min_loss : 13  estimate[59] = 20
60 -5 -5
60 -5 -5
60 -5 -5
60 -5 -5
60 -5 -5
60 -5 -5
60 -5 -5
60 -5 -5
60 -5 -5
60 -5 -5
# ave_measured_val[0][0] = 635
60 -5 5
60 -5 5
60 -5 5
60 -5 5
60 -5 5
60 -5 5
60 -5 5
60 -5 5
60 -5 5
60 -5 5
# ave_measured_val[0][1] = 677
60 5 -5
60 5 -5
60 5 -5
60 5 -5
60 5 -5
60 5 -5
60 5 -5
60 5 -5
60 5 -5
60 5 -5
# ave_measured_val[1][0] = 656
60 5 5
60 5 5
60 5 5
60 5 5
60 5 5
60 5 5
60 5 5
60 5 5
60 5 5
60 5 5
# ave_measured_val[1][1] = 697
# hoge
# min_loss : 121  estimate[60] = 0
# min_loss : 51  estimate[60] = 3
# min_loss : 45  estimate[60] = 5
# min_loss : 39  estimate[60] = 6
# min_loss : 23  estimate[60] = 29
61 -5 -5
61 -5 -5
61 -5 -5
61 -5 -5
61 -5 -5
61 -5 -5
61 -5 -5
61 -5 -5
61 -5 -5
61 -5 -5
# ave_measured_val[0][0] = 652
61 -5 5
61 -5 5
61 -5 5
61 -5 5
61 -5 5
61 -5 5
61 -5 5
61 -5 5
61 -5 5
61 -5 5
# ave_measured_val[0][1] = 615
61 5 -5
61 5 -5
61 5 -5
61 5 -5
61 5 -5
61 5 -5
61 5 -5
61 5 -5
61 5 -5
61 5 -5
# ave_measured_val[1][0] = 690
61 5 5
61 5 5
61 5 5
61 5 5
61 5 5
61 5 5
61 5 5
61 5 5
61 5 5
61 5 5
# ave_measured_val[1][1] = 648
# hoge
# min_loss : 155  estimate[61] = 0
# min_loss : 147  estimate[61] = 1
# min_loss : 123  estimate[61] = 2
# min_loss : 111  estimate[61] = 3
# min_loss : 107  estimate[61] = 49
# min_loss : 43  estimate[61] = 54
# min_loss : 9  estimate[61] = 66
62 -5 -5
62 -5 -5
62 -5 -5
62 -5 -5
62 -5 -5
62 -5 -5
62 -5 -5
62 -5 -5
62 -5 -5
62 -5 -5
# ave_measured_val[0][0] = 669
62 -5 5
62 -5 5
62 -5 5
62 -5 5
62 -5 5
62 -5 5
62 -5 5
62 -5 5
62 -5 5
62 -5 5
# ave_measured_val[0][1] = 654
62 5 -5
62 5 -5
62 5 -5
62 5 -5
62 5 -5
62 5 -5
62 5 -5
62 5 -5
62 5 -5
62 5 -5
# ave_measured_val[1][0] = 703
62 5 5
62 5 5
62 5 5
62 5 5
62 5 5
62 5 5
62 5 5
62 5 5
62 5 5
62 5 5
# ave_measured_val[1][1] = 691
# hoge
# min_loss : 151  estimate[62] = 0
# min_loss : 59  estimate[62] = 3
# min_loss : 43  estimate[62] = 45
63 -5 -5
63 -5 -5
63 -5 -5
63 -5 -5
63 -5 -5
63 -5 -5
63 -5 -5
63 -5 -5
63 -5 -5
63 -5 -5
# ave_measured_val[0][0] = 598
63 -5 5
63 -5 5
63 -5 5
63 -5 5
63 -5 5
63 -5 5
63 -5 5
63 -5 5
63 -5 5
63 -5 5
# ave_measured_val[0][1] = 630
63 5 -5
63 5 -5
63 5 -5
63 5 -5
63 5 -5
63 5 -5
63 5 -5
63 5 -5
63 5 -5
63 5 -5
# ave_measured_val[1][0] = 637
63 5 5
63 5 5
63 5 5
63 5 5
63 5 5
63 5 5
63 5 5
63 5 5
63 5 5
63 5 5
# ave_measured_val[1][1] = 669
# hoge
# min_loss : 168  estimate[63] = 0
# min_loss : 126  estimate[63] = 1
# min_loss : 78  estimate[63] = 2
# min_loss : 50  estimate[63] = 4
# min_loss : 16  estimate[63] = 10
64 -5 -5
64 -5 -5
64 -5 -5
64 -5 -5
64 -5 -5
64 -5 -5
64 -5 -5
64 -5 -5
64 -5 -5
64 -5 -5
# ave_measured_val[0][0] = 670
64 -5 5
64 -5 5
64 -5 5
64 -5 5
64 -5 5
64 -5 5
64 -5 5
64 -5 5
64 -5 5
64 -5 5
# ave_measured_val[0][1] = 667
64 5 -5
64 5 -5
64 5 -5
64 5 -5
64 5 -5
64 5 -5
64 5 -5
64 5 -5
64 5 -5
64 5 -5
# ave_measured_val[1][0] = 669
64 5 5
64 5 5
64 5 5
64 5 5
64 5 5
64 5 5
64 5 5
64 5 5
64 5 5
64 5 5
# ave_measured_val[1][1] = 671
# hoge
# min_loss : 83  estimate[64] = 0
# min_loss : 77  estimate[64] = 3
# min_loss : 49  estimate[64] = 31
# min_loss : 19  estimate[64] = 33
# min_loss : 5  estimate[64] = 37
65 -5 -5
65 -5 -5
65 -5 -5
65 -5 -5
65 -5 -5
65 -5 -5
65 -5 -5
65 -5 -5
65 -5 -5
65 -5 -5
# ave_measured_val[0][0] = 666
65 -5 5
65 -5 5
65 -5 5
65 -5 5
65 -5 5
65 -5 5
65 -5 5
65 -5 5
65 -5 5
65 -5 5
# ave_measured_val[0][1] = 682
65 5 -5
65 5 -5
65 5 -5
65 5 -5
65 5 -5
65 5 -5
65 5 -5
65 5 -5
65 5 -5
65 5 -5
# ave_measured_val[1][0] = 659
65 5 5
65 5 5
65 5 5
65 5 5
65 5 5
65 5 5
65 5 5
65 5 5
65 5 5
65 5 5
# ave_measured_val[1][1] = 676
# hoge
# min_loss : 67  estimate[65] = 0
# min_loss : 47  estimate[65] = 11
# min_loss : 29  estimate[65] = 31
66 -5 -5
66 -5 -5
66 -5 -5
66 -5 -5
66 -5 -5
66 -5 -5
66 -5 -5
66 -5 -5
66 -5 -5
66 -5 -5
# ave_measured_val[0][0] = 645
66 -5 5
66 -5 5
66 -5 5
66 -5 5
66 -5 5
66 -5 5
66 -5 5
66 -5 5
66 -5 5
66 -5 5
# ave_measured_val[0][1] = 684
66 5 -5
66 5 -5
66 5 -5
66 5 -5
66 5 -5
66 5 -5
66 5 -5
66 5 -5
66 5 -5
66 5 -5
# ave_measured_val[1][0] = 688
66 5 5
66 5 5
66 5 5
66 5 5
66 5 5
66 5 5
66 5 5
66 5 5
66 5 5
66 5 5
# ave_measured_val[1][1] = 724
# hoge
# min_loss : 163  estimate[66] = 0
# min_loss : 77  estimate[66] = 3
# min_loss : 67  estimate[66] = 17
# min_loss : 45  estimate[66] = 23
# min_loss : 7  estimate[66] = 24
67 -5 -5
67 -5 -5
67 -5 -5
67 -5 -5
67 -5 -5
67 -5 -5
67 -5 -5
67 -5 -5
67 -5 -5
67 -5 -5
# ave_measured_val[0][0] = 671
67 -5 5
67 -5 5
67 -5 5
67 -5 5
67 -5 5
67 -5 5
67 -5 5
67 -5 5
67 -5 5
67 -5 5
# ave_measured_val[0][1] = 713
67 5 -5
67 5 -5
67 5 -5
67 5 -5
67 5 -5
67 5 -5
67 5 -5
67 5 -5
67 5 -5
67 5 -5
# ave_measured_val[1][0] = 636
67 5 5
67 5 5
67 5 5
67 5 5
67 5 5
67 5 5
67 5 5
67 5 5
67 5 5
67 5 5
# ave_measured_val[1][1] = 675
# hoge
# min_loss : 65  estimate[67] = 0
# min_loss : 47  estimate[67] = 12
# min_loss : 41  estimate[67] = 15
# min_loss : 33  estimate[67] = 18
# min_loss : 31  estimate[67] = 19
68 -5 -5
68 -5 -5
68 -5 -5
68 -5 -5
68 -5 -5
68 -5 -5
68 -5 -5
68 -5 -5
68 -5 -5
68 -5 -5
# ave_measured_val[0][0] = 718
68 -5 5
68 -5 5
68 -5 5
68 -5 5
68 -5 5
68 -5 5
68 -5 5
68 -5 5
68 -5 5
68 -5 5
# ave_measured_val[0][1] = 674
68 5 -5
68 5 -5
68 5 -5
68 5 -5
68 5 -5
68 5 -5
68 5 -5
68 5 -5
68 5 -5
68 5 -5
# ave_measured_val[1][0] = 676
68 5 5
68 5 5
68 5 5
68 5 5
68 5 5
68 5 5
68 5 5
68 5 5
68 5 5
68 5 5
# ave_measured_val[1][1] = 634
# hoge
# min_loss : 102  estimate[68] = 0
# min_loss : 94  estimate[68] = 37
# min_loss : 70  estimate[68] = 39
# min_loss : 54  estimate[68] = 42
# min_loss : 42  estimate[68] = 44
# min_loss : 38  estimate[68] = 53
# min_loss : 6  estimate[68] = 60
69 -5 -5
69 -5 -5
69 -5 -5
69 -5 -5
69 -5 -5
69 -5 -5
69 -5 -5
69 -5 -5
69 -5 -5
69 -5 -5
# ave_measured_val[0][0] = 708
69 -5 5
69 -5 5
69 -5 5
69 -5 5
69 -5 5
69 -5 5
69 -5 5
69 -5 5
69 -5 5
69 -5 5
# ave_measured_val[0][1] = 716
69 5 -5
69 5 -5
69 5 -5
69 5 -5
69 5 -5
69 5 -5
69 5 -5
69 5 -5
69 5 -5
69 5 -5
# ave_measured_val[1][0] = 661
69 5 5
69 5 5
69 5 5
69 5 5
69 5 5
69 5 5
69 5 5
69 5 5
69 5 5
69 5 5
# ave_measured_val[1][1] = 680
# hoge
# min_loss : 101  estimate[69] = 0
# min_loss : 97  estimate[69] = 11
# min_loss : 73  estimate[69] = 15
# min_loss : 57  estimate[69] = 18
# min_loss : 53  estimate[69] = 28
# min_loss : 43  estimate[69] = 36
70 -5 -5
70 -5 -5
70 -5 -5
70 -5 -5
70 -5 -5
70 -5 -5
70 -5 -5
70 -5 -5
70 -5 -5
70 -5 -5
# ave_measured_val[0][0] = 678
70 -5 5
70 -5 5
70 -5 5
70 -5 5
70 -5 5
70 -5 5
70 -5 5
70 -5 5
70 -5 5
70 -5 5
# ave_measured_val[0][1] = 712
70 5 -5
70 5 -5
70 5 -5
70 5 -5
70 5 -5
70 5 -5
70 5 -5
70 5 -5
70 5 -5
70 5 -5
# ave_measured_val[1][0] = 639
70 5 5
70 5 5
70 5 5
70 5 5
70 5 5
70 5 5
70 5 5
70 5 5
70 5 5
70 5 5
# ave_measured_val[1][1] = 678
# hoge
# min_loss : 57  estimate[70] = 0
# min_loss : 41  estimate[70] = 15
# min_loss : 29  estimate[70] = 18
# min_loss : 25  estimate[70] = 32
71 -5 -5
71 -5 -5
71 -5 -5
71 -5 -5
71 -5 -5
71 -5 -5
71 -5 -5
71 -5 -5
71 -5 -5
71 -5 -5
# ave_measured_val[0][0] = 614
71 -5 5
71 -5 5
71 -5 5
71 -5 5
71 -5 5
71 -5 5
71 -5 5
71 -5 5
71 -5 5
71 -5 5
# ave_measured_val[0][1] = 635
71 5 -5
71 5 -5
71 5 -5
71 5 -5
71 5 -5
71 5 -5
71 5 -5
71 5 -5
71 5 -5
71 5 -5
# ave_measured_val[1][0] = 655
71 5 5
71 5 5
71 5 5
71 5 5
71 5 5
71 5 5
71 5 5
71 5 5
71 5 5
71 5 5
# ave_measured_val[1][1] = 674
# hoge
# min_loss : 160  estimate[71] = 0
# min_loss : 128  estimate[71] = 1
# min_loss : 82  estimate[71] = 2
# min_loss : 24  estimate[71] = 4
72 -5 -5
72 -5 -5
72 -5 -5
72 -5 -5
72 -5 -5
72 -5 -5
72 -5 -5
72 -5 -5
72 -5 -5
72 -5 -5
# ave_measured_val[0][0] = 676
72 -5 5
72 -5 5
72 -5 5
72 -5 5
72 -5 5
72 -5 5
72 -5 5
72 -5 5
72 -5 5
72 -5 5
# ave_measured_val[0][1] = 681
72 5 -5
72 5 -5
72 5 -5
72 5 -5
72 5 -5
72 5 -5
72 5 -5
72 5 -5
72 5 -5
72 5 -5
# ave_measured_val[1][0] = 661
72 5 5
72 5 5
72 5 5
72 5 5
72 5 5
72 5 5
72 5 5
72 5 5
72 5 5
72 5 5
# ave_measured_val[1][1] = 659
# hoge
# min_loss : 43  estimate[72] = 0
# min_loss : 27  estimate[72] = 34
# min_loss : 17  estimate[72] = 35
73 -5 -5
73 -5 -5
73 -5 -5
73 -5 -5
73 -5 -5
73 -5 -5
73 -5 -5
73 -5 -5
73 -5 -5
73 -5 -5
# ave_measured_val[0][0] = 678
73 -5 5
73 -5 5
73 -5 5
73 -5 5
73 -5 5
73 -5 5
73 -5 5
73 -5 5
73 -5 5
73 -5 5
# ave_measured_val[0][1] = 717
73 5 -5
73 5 -5
73 5 -5
73 5 -5
73 5 -5
73 5 -5
73 5 -5
73 5 -5
73 5 -5
73 5 -5
# ave_measured_val[1][0] = 639
73 5 5
73 5 5
73 5 5
73 5 5
73 5 5
73 5 5
73 5 5
73 5 5
73 5 5
73 5 5
# ave_measured_val[1][1] = 677
# hoge
# min_loss : 61  estimate[73] = 0
# min_loss : 47  estimate[73] = 15
# min_loss : 31  estimate[73] = 18
# min_loss : 29  estimate[73] = 32
74 -5 -5
74 -5 -5
74 -5 -5
74 -5 -5
74 -5 -5
74 -5 -5
74 -5 -5
74 -5 -5
74 -5 -5
74 -5 -5
# ave_measured_val[0][0] = 739
74 -5 5
74 -5 5
74 -5 5
74 -5 5
74 -5 5
74 -5 5
74 -5 5
74 -5 5
74 -5 5
74 -5 5
# ave_measured_val[0][1] = 696
74 5 -5
74 5 -5
74 5 -5
74 5 -5
74 5 -5
74 5 -5
74 5 -5
74 5 -5
74 5 -5
74 5 -5
# ave_measured_val[1][0] = 707
74 5 5
74 5 5
74 5 5
74 5 5
74 5 5
74 5 5
74 5 5
74 5 5
74 5 5
74 5 5
# ave_measured_val[1][1] = 669
# hoge
# min_loss : 147  estimate[74] = 0
# min_loss : 145  estimate[74] = 30
# min_loss : 129  estimate[74] = 32
# min_loss : 81  estimate[74] = 36
# min_loss : 49  estimate[74] = 41
# min_loss : 23  estimate[74] = 46
75 -5 -5
75 -5 -5
75 -5 -5
75 -5 -5
75 -5 -5
75 -5 -5
75 -5 -5
75 -5 -5
75 -5 -5
75 -5 -5
# ave_measured_val[0][0] = 697
75 -5 5
75 -5 5
75 -5 5
75 -5 5
75 -5 5
75 -5 5
75 -5 5
75 -5 5
75 -5 5
75 -5 5
# ave_measured_val[0][1] = 669
75 5 -5
75 5 -5
75 5 -5
75 5 -5
75 5 -5
75 5 -5
75 5 -5
75 5 -5
75 5 -5
75 5 -5
# ave_measured_val[1][0] = 659
75 5 5
75 5 5
75 5 5
75 5 5
75 5 5
75 5 5
75 5 5
75 5 5
75 5 5
75 5 5
# ave_measured_val[1][1] = 629
# hoge
# min_loss : 74  estimate[75] = 0
# min_loss : 48  estimate[75] = 39
# min_loss : 28  estimate[75] = 42
# min_loss : 24  estimate[75] = 53
# min_loss : 12  estimate[75] = 75
76 -5 -5
76 -5 -5
76 -5 -5
76 -5 -5
76 -5 -5
76 -5 -5
76 -5 -5
76 -5 -5
76 -5 -5
76 -5 -5
# ave_measured_val[0][0] = 682
76 -5 5
76 -5 5
76 -5 5
76 -5 5
76 -5 5
76 -5 5
76 -5 5
76 -5 5
76 -5 5
76 -5 5
# ave_measured_val[0][1] = 659
76 5 -5
76 5 -5
76 5 -5
76 5 -5
76 5 -5
76 5 -5
76 5 -5
76 5 -5
76 5 -5
76 5 -5
# ave_measured_val[1][0] = 688
76 5 5
76 5 5
76 5 5
76 5 5
76 5 5
76 5 5
76 5 5
76 5 5
76 5 5
76 5 5
# ave_measured_val[1][1] = 660
# hoge
# min_loss : 87  estimate[76] = 0
# min_loss : 67  estimate[76] = 33
# min_loss : 51  estimate[76] = 37
# min_loss : 29  estimate[76] = 67
# min_loss : 19  estimate[76] = 77
77 -5 -5
77 -5 -5
77 -5 -5
77 -5 -5
77 -5 -5
77 -5 -5
77 -5 -5
77 -5 -5
77 -5 -5
77 -5 -5
# ave_measured_val[0][0] = 696
77 -5 5
77 -5 5
77 -5 5
77 -5 5
77 -5 5
77 -5 5
77 -5 5
77 -5 5
77 -5 5
77 -5 5
# ave_measured_val[0][1] = 656
77 5 -5
77 5 -5
77 5 -5
77 5 -5
77 5 -5
77 5 -5
77 5 -5
77 5 -5
77 5 -5
77 5 -5
# ave_measured_val[1][0] = 680
77 5 5
77 5 5
77 5 5
77 5 5
77 5 5
77 5 5
77 5 5
77 5 5
77 5 5
77 5 5
# ave_measured_val[1][1] = 636
# hoge
# min_loss : 100  estimate[77] = 0
# min_loss : 84  estimate[77] = 37
# min_loss : 68  estimate[77] = 39
# min_loss : 56  estimate[77] = 42
# min_loss : 28  estimate[77] = 53
78 -5 -5
78 -5 -5
78 -5 -5
78 -5 -5
78 -5 -5
78 -5 -5
78 -5 -5
78 -5 -5
78 -5 -5
78 -5 -5
# ave_measured_val[0][0] = 727
78 -5 5
78 -5 5
78 -5 5
78 -5 5
78 -5 5
78 -5 5
78 -5 5
78 -5 5
78 -5 5
78 -5 5
# ave_measured_val[0][1] = 692
78 5 -5
78 5 -5
78 5 -5
78 5 -5
78 5 -5
78 5 -5
78 5 -5
78 5 -5
78 5 -5
78 5 -5
# ave_measured_val[1][0] = 696
78 5 5
78 5 5
78 5 5
78 5 5
78 5 5
78 5 5
78 5 5
78 5 5
78 5 5
78 5 5
# ave_measured_val[1][1] = 660
# hoge
# min_loss : 111  estimate[78] = 0
# min_loss : 95  estimate[78] = 34
# min_loss : 71  estimate[78] = 36
# min_loss : 39  estimate[78] = 41
# min_loss : 35  estimate[78] = 44
# min_loss : 33  estimate[78] = 46
# min_loss : 17  estimate[78] = 48
79 -5 -5
79 -5 -5
79 -5 -5
79 -5 -5
79 -5 -5
79 -5 -5
79 -5 -5
79 -5 -5
79 -5 -5
79 -5 -5
# ave_measured_val[0][0] = 663
79 -5 5
79 -5 5
79 -5 5
79 -5 5
79 -5 5
79 -5 5
79 -5 5
79 -5 5
79 -5 5
79 -5 5
# ave_measured_val[0][1] = 620
79 5 -5
79 5 -5
79 5 -5
79 5 -5
79 5 -5
79 5 -5
79 5 -5
79 5 -5
79 5 -5
79 5 -5
# ave_measured_val[1][0] = 706
79 5 5
79 5 5
79 5 5
79 5 5
79 5 5
79 5 5
79 5 5
79 5 5
79 5 5
79 5 5
# ave_measured_val[1][1] = 667
# hoge
# min_loss : 170  estimate[79] = 0
# min_loss : 164  estimate[79] = 2
# min_loss : 114  estimate[79] = 3
# min_loss : 98  estimate[79] = 33
# min_loss : 96  estimate[79] = 37
# min_loss : 56  estimate[79] = 49
# min_loss : 42  estimate[79] = 54
# min_loss : 40  estimate[79] = 63
# min_loss : 20  estimate[79] = 71
80 -5 -5
80 -5 -5
80 -5 -5
80 -5 -5
80 -5 -5
80 -5 -5
80 -5 -5
80 -5 -5
80 -5 -5
80 -5 -5
# ave_measured_val[0][0] = 723
80 -5 5
80 -5 5
80 -5 5
80 -5 5
80 -5 5
80 -5 5
80 -5 5
80 -5 5
80 -5 5
80 -5 5
# ave_measured_val[0][1] = 685
80 5 -5
80 5 -5
80 5 -5
80 5 -5
80 5 -5
80 5 -5
80 5 -5
80 5 -5
80 5 -5
80 5 -5
# ave_measured_val[1][0] = 709
80 5 5
80 5 5
80 5 5
80 5 5
80 5 5
80 5 5
80 5 5
80 5 5
80 5 5
80 5 5
# ave_measured_val[1][1] = 673
# hoge
# min_loss : 136  estimate[80] = 0
# min_loss : 128  estimate[80] = 32
# min_loss : 120  estimate[80] = 33
# min_loss : 112  estimate[80] = 35
# min_loss : 74  estimate[80] = 36
# min_loss : 54  estimate[80] = 41
-1 -1 -1
76
61
34
49
67
36
71
29
33
11
48
53
51
73
74
9
8
28
23
1
76
28
53
12
27
5
27
26
5
28
2
12
64
16
77
36
58
14
68
56
27
64
38
79
29
58
30
72
38
70
72
24
7
7
33
59
67
49
45
20
29
66
45
10
37
31
24
19
60
36
32
4
35
32
46
75
77
53
48
71
41
