3840
2470
2902
1288
4208
2683
1614
589
4400
1579
1661
1754
4171
1814
1743
2514
3224
2416
1670
1195
3780
2724
2300
1526
4621
1059
1626
1147
3448
2979
1270
1068
3288
2424
1297
1401
4313
1622
2516
1124
3233
2209
2388
1842
4472
2463
2104
1168
4045
2358
2702
1736
3218
3207
1305
715
3640
2368
1964
802
2916
1072
2308
1563
2831
3018
1983
1489
4606
2700
1648
1638
3674
2589
1868
1576
3246
2553
1604
1462
2766
1867
1612
1473
2635
1823
1453
1059
2054
2230
1782
1178
3237
1960
728
1758
4088
2734
2267
2339
633
1834
3530
