6
7 26 7 27
7 12 8 12
25 10 24 10
9 22 9 21
32 32 31 32
16 4 15 4
142
0 0 0 7
0 7 0 10
0 13 0 15
0 13 6 13
0 15 0 18
0 23 0 30
0 30 1 30
1 9 1 10
1 10 1 11
1 11 4 11
1 20 1 21
1 20 3 20
1 21 1 26
1 28 19 28
2 3 2 7
2 14 9 14
2 15 2 19
2 29 2 31
3 18 3 20
3 21 4 21
4 4 5 4
4 10 7 10
4 15 4 18
4 15 6 15
4 21 4 26
5 0 5 4
5 0 7 0
5 7 6 7
5 18 5 27
5 27 7 27
6 9 7 9
6 13 9 13
6 15 14 15
6 26 8 26
7 0 7 9
7 0 8 0
7 10 11 10
7 27 12 27
8 12 18 12
8 20 8 23
8 26 10 26
8 30 9 30
9 7 12 7
9 11 17 11
9 13 9 14
9 14 13 14
9 23 11 23
9 32 14 32
10 1 10 6
10 1 12 1
10 6 13 6
10 19 10 21
10 26 11 26
10 29 12 29
11 10 12 10
11 30 18 30
12 0 12 1
12 3 13 3
12 4 14 4
12 7 12 10
12 7 13 7
12 18 12 21
12 21 12 24
12 24 14 24
13 3 26 3
13 5 16 5
14 4 15 4
14 15 14 17
14 15 15 15
14 17 15 17
15 7 15 8
15 7 18 7
15 10 16 10
16 10 24 10
16 25 17 25
16 31 18 31
17 13 17 15
17 24 17 25
17 25 18 25
17 26 19 26
18 5 20 5
18 7 19 7
18 12 19 12
18 13 25 13
18 23 18 25
18 25 23 25
19 1 21 1
19 7 23 7
19 17 19 18
19 17 20 17
19 19 21 19
19 24 21 24
19 26 20 26
20 5 21 5
20 20 26 20
20 26 20 29
21 1 25 1
22 2 29 2
22 6 23 6
23 29 23 30
24 6 24 10
24 6 25 6
24 19 29 19
24 21 25 21
25 6 26 6
25 15 25 18
25 15 27 15
25 21 25 27
25 27 25 28
25 27 30 27
26 5 26 6
26 6 26 12
26 6 27 6
26 12 26 13
26 12 27 12
26 13 28 13
26 18 28 18
26 20 26 24
26 20 31 20
26 26 27 26
27 6 31 6
27 25 32 25
27 26 28 26
27 31 29 31
28 3 32 3
28 7 28 13
28 13 28 15
28 15 28 18
28 28 28 29
29 11 29 14
29 30 29 31
29 30 30 30
29 31 29 32
30 7 30 9
30 9 30 19
30 9 31 9
30 30 31 30
31 6 31 7
31 28 31 30
31 28 32 28
32 3 32 10
32 24 32 25
8
7 26 7 27
7 12 8 12
25 10 24 10
9 22 9 21
32 32 31 32
16 4 15 4
2 15 1 15
16 25 15 25
143
0 0 0 7
0 7 0 10
0 13 0 15
0 13 6 13
0 15 0 18
0 23 0 30
0 30 1 30
1 9 1 10
1 10 1 11
1 11 4 11
1 15 1 20
1 20 1 21
1 20 3 20
1 21 1 26
1 28 19 28
2 3 2 7
2 14 9 14
2 29 2 31
3 18 3 20
3 21 4 21
4 4 5 4
4 10 7 10
4 15 4 18
4 15 6 15
4 21 4 26
5 0 5 4
5 0 7 0
5 7 6 7
5 18 5 27
5 27 7 27
6 9 7 9
6 13 9 13
6 15 14 15
6 26 8 26
7 0 7 9
7 0 8 0
7 10 11 10
7 27 12 27
8 12 18 12
8 20 8 23
8 26 10 26
8 30 9 30
9 7 12 7
9 11 17 11
9 13 9 14
9 14 13 14
9 23 11 23
9 32 14 32
10 1 10 6
10 1 12 1
10 6 13 6
10 19 10 21
10 26 11 26
10 29 12 29
11 10 12 10
11 30 18 30
12 0 12 1
12 3 13 3
12 4 14 4
12 7 12 10
12 7 13 7
12 18 12 21
12 21 12 24
12 24 14 24
13 3 26 3
13 5 16 5
14 4 15 4
14 15 14 17
14 15 15 15
14 17 15 17
15 7 15 8
15 7 18 7
15 10 16 10
15 17 15 25
15 25 17 25
16 10 24 10
16 31 18 31
17 13 17 15
17 24 17 25
17 25 18 25
17 26 19 26
18 5 20 5
18 7 19 7
18 12 19 12
18 13 25 13
18 23 18 25
18 25 23 25
19 1 21 1
19 7 23 7
19 17 19 18
19 17 20 17
19 19 21 19
19 24 21 24
19 26 20 26
20 5 21 5
20 20 26 20
20 26 20 29
21 1 25 1
22 2 29 2
22 6 23 6
23 29 23 30
24 6 24 10
24 6 25 6
24 19 29 19
24 21 25 21
25 6 26 6
25 15 25 18
25 15 27 15
25 21 25 27
25 27 25 28
25 27 30 27
26 5 26 6
26 6 26 12
26 6 27 6
26 12 26 13
26 12 27 12
26 13 28 13
26 18 28 18
26 20 26 24
26 20 31 20
26 26 27 26
27 6 31 6
27 25 32 25
27 26 28 26
27 31 29 31
28 3 32 3
28 7 28 13
28 13 28 15
28 15 28 18
28 28 28 29
29 11 29 14
29 30 29 31
29 30 30 30
29 31 29 32
30 7 30 9
30 9 30 19
30 9 31 9
30 30 31 30
31 6 31 7
31 28 31 30
31 28 32 28
32 3 32 10
32 24 32 25
11
7 26 7 27
7 12 8 12
25 10 24 10
9 22 9 21
32 32 31 32
16 4 15 4
2 15 1 15
16 25 15 25
31 6 31 5
1 15 1 16
22 6 21 6
145
0 0 0 7
0 7 0 10
0 13 0 15
0 13 6 13
0 15 0 18
0 15 4 15
0 23 0 30
0 30 1 30
1 9 1 10
1 10 1 11
1 11 4 11
1 16 1 20
1 20 1 21
1 20 3 20
1 21 1 26
1 28 19 28
2 3 2 7
2 14 9 14
2 29 2 31
3 18 3 20
3 21 4 21
4 4 5 4
4 10 7 10
4 15 4 18
4 15 6 15
4 21 4 26
5 0 5 4
5 0 7 0
5 7 6 7
5 18 5 27
5 27 7 27
6 9 7 9
6 13 9 13
6 15 14 15
6 26 8 26
7 0 7 9
7 0 8 0
7 10 11 10
7 27 12 27
8 12 18 12
8 20 8 23
8 26 10 26
8 30 9 30
9 7 12 7
9 11 17 11
9 13 9 14
9 14 13 14
9 23 11 23
9 32 14 32
10 1 10 6
10 1 12 1
10 6 13 6
10 19 10 21
10 26 11 26
10 29 12 29
11 10 12 10
11 30 18 30
12 0 12 1
12 3 13 3
12 4 14 4
12 7 12 10
12 7 13 7
12 18 12 21
12 21 12 24
12 24 14 24
13 3 26 3
13 5 16 5
14 4 15 4
14 15 14 17
14 15 15 15
14 17 15 17
15 7 15 8
15 7 18 7
15 10 16 10
15 17 15 25
15 25 17 25
16 10 24 10
16 31 18 31
17 13 17 15
17 24 17 25
17 25 18 25
17 26 19 26
18 5 20 5
18 7 19 7
18 12 19 12
18 13 25 13
18 23 18 25
18 25 23 25
19 1 21 1
19 7 23 7
19 17 19 18
19 17 20 17
19 19 21 19
19 24 21 24
19 26 20 26
20 5 21 5
20 20 26 20
20 26 20 29
21 1 25 1
21 5 21 6
21 6 23 6
22 2 29 2
23 29 23 30
24 6 24 10
24 6 25 6
24 19 29 19
24 21 25 21
25 6 26 6
25 15 25 18
25 15 27 15
25 21 25 27
25 27 25 28
25 27 30 27
26 5 26 6
26 6 26 12
26 6 27 6
26 12 26 13
26 12 27 12
26 13 28 13
26 18 28 18
26 20 26 24
26 20 31 20
26 26 27 26
27 25 32 25
27 26 28 26
27 31 29 31
28 3 32 3
28 7 28 13
28 13 28 15
28 15 28 18
28 28 28 29
29 5 29 11
29 11 29 14
29 30 29 31
29 30 30 30
29 31 29 32
30 7 30 9
30 9 30 19
30 9 31 9
30 30 31 30
31 5 31 7
31 28 31 30
31 28 32 28
32 3 32 10
32 24 32 25
14
7 26 7 27
7 12 8 12
25 10 24 10
9 22 9 21
32 32 31 32
16 4 15 4
2 15 1 15
16 25 15 25
31 6 31 5
1 15 1 16
22 6 21 6
4 19 5 19
1 28 1 29
28 28 27 28
147
0 0 0 7
0 7 0 10
0 13 0 15
0 13 6 13
0 15 0 18
0 15 4 15
0 23 0 30
0 30 1 30
1 9 1 10
1 10 1 11
1 11 4 11
1 16 1 20
1 20 1 21
1 20 3 20
1 21 1 26
2 3 2 7
2 14 9 14
2 26 2 29
2 29 2 31
3 18 3 20
3 21 4 21
4 4 5 4
4 10 7 10
4 15 4 18
4 15 6 15
4 18 4 21
4 21 4 26
5 0 5 4
5 0 7 0
5 7 6 7
5 18 5 19
5 19 5 27
5 27 7 27
6 9 7 9
6 13 9 13
6 15 14 15
6 26 8 26
7 0 7 9
7 0 8 0
7 10 11 10
7 27 7 29
7 27 12 27
8 12 18 12
8 20 8 23
8 26 10 26
8 30 9 30
9 7 12 7
9 11 17 11
9 13 9 14
9 14 13 14
9 23 11 23
9 32 14 32
10 1 10 6
10 1 12 1
10 6 13 6
10 19 10 21
10 26 11 26
10 29 12 29
11 10 12 10
11 30 18 30
12 0 12 1
12 3 13 3
12 4 14 4
12 7 12 10
12 7 13 7
12 18 12 21
12 21 12 24
12 24 14 24
13 3 26 3
13 5 16 5
14 4 15 4
14 15 14 17
14 15 15 15
14 17 15 17
15 7 15 8
15 7 18 7
15 10 16 10
15 17 15 25
15 25 17 25
16 10 24 10
16 31 18 31
17 13 17 15
17 24 17 25
17 25 18 25
17 26 19 26
18 5 20 5
18 7 19 7
18 12 19 12
18 13 25 13
18 23 18 25
18 25 23 25
19 1 21 1
19 7 23 7
19 17 19 18
19 17 20 17
19 19 21 19
19 24 21 24
19 26 20 26
20 5 21 5
20 20 26 20
20 26 20 29
21 1 25 1
21 5 21 6
21 6 23 6
22 2 29 2
23 29 23 30
24 6 24 10
24 6 25 6
24 19 29 19
24 21 25 21
25 6 26 6
25 15 25 18
25 15 27 15
25 21 25 27
25 27 25 28
25 27 30 27
26 5 26 6
26 6 26 12
26 6 27 6
26 12 26 13
26 12 27 12
26 13 28 13
26 18 28 18
26 20 26 24
26 20 31 20
26 26 27 26
27 25 32 25
27 26 28 26
27 31 29 31
28 3 32 3
28 7 28 13
28 13 28 15
28 15 28 18
29 5 29 11
29 11 29 14
29 30 29 31
29 30 30 30
29 31 29 32
30 7 30 9
30 9 30 19
30 9 31 9
30 30 31 30
31 5 31 7
31 28 31 30
31 28 32 28
32 3 32 10
32 24 32 25
19
7 26 7 27
7 12 8 12
25 10 24 10
9 22 9 21
32 32 31 32
16 4 15 4
2 15 1 15
16 25 15 25
31 6 31 5
1 15 1 16
22 6 21 6
4 19 5 19
1 28 1 29
28 28 27 28
19 23 19 22
20 5 20 6
17 6 17 7
9 25 9 24
27 28 28 28
152
0 0 0 7
0 7 0 10
0 13 0 15
0 13 6 13
0 15 0 18
0 15 4 15
0 23 0 30
0 30 1 30
1 9 1 10
1 10 1 11
1 11 4 11
1 16 1 20
1 20 1 21
1 20 3 20
1 21 1 26
2 3 2 7
2 14 9 14
2 26 2 29
2 29 2 31
3 18 3 20
3 21 4 21
4 4 5 4
4 10 7 10
4 15 4 18
4 15 6 15
4 18 4 21
4 21 4 26
5 0 5 4
5 0 7 0
5 7 6 7
5 18 5 19
5 19 5 27
5 27 7 27
6 9 7 9
6 13 9 13
6 15 14 15
6 26 8 26
7 0 7 9
7 0 8 0
7 10 11 10
7 27 7 29
7 27 12 27
8 12 18 12
8 20 8 23
8 25 15 25
8 26 10 26
8 30 9 30
9 7 12 7
9 11 17 11
9 13 9 14
9 14 13 14
9 23 11 23
9 24 12 24
9 32 14 32
10 1 10 6
10 1 12 1
10 6 13 6
10 19 10 21
10 26 11 26
10 29 12 29
11 10 12 10
11 30 18 30
12 0 12 1
12 3 13 3
12 4 14 4
12 7 12 10
12 7 13 7
12 18 12 21
12 21 12 24
12 24 14 24
13 3 26 3
13 5 16 5
13 6 20 6
14 4 15 4
14 15 14 17
14 15 15 15
14 17 15 17
15 7 15 8
15 7 17 7
15 10 16 10
15 17 15 25
15 25 17 25
16 10 24 10
16 31 18 31
17 7 18 7
17 13 17 15
17 24 17 25
17 25 18 25
17 26 19 26
18 5 21 5
18 7 19 7
18 12 19 12
18 13 25 13
18 23 18 25
18 25 23 25
19 1 21 1
19 7 23 7
19 17 19 18
19 17 20 17
19 19 21 19
19 24 21 24
19 26 20 26
20 6 21 6
20 20 26 20
20 26 20 29
21 1 25 1
21 5 21 6
21 6 23 6
22 2 29 2
23 29 23 30
24 6 24 10
24 6 25 6
24 19 29 19
24 21 25 21
25 6 26 6
25 15 25 18
25 15 27 15
25 21 25 27
25 27 25 28
25 27 30 27
26 5 26 6
26 6 26 12
26 6 27 6
26 12 26 13
26 12 27 12
26 13 28 13
26 18 28 18
26 20 26 24
26 20 31 20
26 26 27 26
27 25 32 25
27 26 28 26
27 31 29 31
28 3 32 3
28 7 28 13
28 13 28 15
28 15 28 18
28 28 28 29
29 5 29 11
29 11 29 14
29 30 29 31
29 30 30 30
29 31 29 32
30 7 30 9
30 9 30 19
30 9 31 9
30 30 31 30
31 5 31 7
31 28 31 30
31 28 32 28
32 3 32 10
32 24 32 25
22
7 26 7 27
7 12 8 12
25 10 24 10
9 22 9 21
32 32 31 32
16 4 15 4
2 15 1 15
16 25 15 25
31 6 31 5
1 15 1 16
22 6 21 6
4 19 5 19
1 28 1 29
28 28 27 28
19 23 19 22
20 5 20 6
17 6 17 7
9 25 9 24
27 28 28 28
4 31 4 32
31 13 30 13
8 12 8 11
156
0 0 0 7
0 7 0 10
0 13 0 15
0 13 6 13
0 15 0 18
0 15 4 15
0 23 0 30
0 30 1 30
1 9 1 10
1 10 1 11
1 11 4 11
1 16 1 20
1 20 1 21
1 20 3 20
1 21 1 26
1 32 4 32
2 3 2 7
2 14 9 14
2 26 2 29
2 29 2 31
3 18 3 20
3 21 4 21
3 31 16 31
4 4 5 4
4 10 7 10
4 15 4 18
4 15 6 15
4 18 4 21
4 21 4 26
5 0 5 4
5 0 7 0
5 7 6 7
5 18 5 19
5 19 5 27
5 27 7 27
6 9 7 9
6 13 9 13
6 15 14 15
6 26 8 26
7 0 7 9
7 0 8 0
7 10 11 10
7 27 7 29
7 27 12 27
8 20 8 23
8 25 15 25
8 26 10 26
8 30 9 30
9 7 12 7
9 11 9 13
9 11 17 11
9 13 9 14
9 14 13 14
9 23 11 23
9 24 12 24
9 32 14 32
10 1 10 6
10 1 12 1
10 6 13 6
10 19 10 21
10 26 11 26
10 29 12 29
11 10 12 10
11 30 18 30
12 0 12 1
12 3 13 3
12 4 14 4
12 7 12 10
12 7 13 7
12 18 12 21
12 21 12 24
12 24 14 24
13 3 26 3
13 5 16 5
13 6 20 6
14 4 15 4
14 15 14 17
14 15 15 15
14 17 15 17
15 7 15 8
15 7 17 7
15 10 16 10
15 17 15 25
15 25 17 25
16 10 24 10
16 31 18 31
17 7 18 7
17 13 17 15
17 24 17 25
17 25 18 25
17 26 19 26
18 5 21 5
18 7 19 7
18 12 19 12
18 13 25 13
18 23 18 25
18 25 23 25
19 1 21 1
19 7 23 7
19 17 19 18
19 17 20 17
19 19 21 19
19 24 21 24
19 26 20 26
20 6 21 6
20 20 26 20
20 26 20 29
21 1 25 1
21 5 21 6
21 6 23 6
22 2 29 2
23 29 23 30
24 6 24 10
24 6 25 6
24 19 29 19
24 21 25 21
25 6 26 6
25 15 25 18
25 15 27 15
25 21 25 27
25 27 25 28
25 27 30 27
26 5 26 6
26 6 26 12
26 6 27 6
26 12 26 13
26 12 27 12
26 13 28 13
26 18 28 18
26 20 26 24
26 20 31 20
26 26 27 26
27 25 32 25
27 26 28 26
27 31 29 31
28 3 32 3
28 7 28 13
28 13 28 15
28 15 28 18
28 28 28 29
29 5 29 11
29 11 29 14
29 30 29 31
29 30 30 30
29 31 29 32
30 7 30 9
30 9 30 13
30 9 31 9
30 13 30 19
30 30 31 30
31 5 31 7
31 10 31 15
31 28 31 30
31 28 32 28
32 3 32 10
32 24 32 25
26
7 26 7 27
7 12 8 12
25 10 24 10
9 22 9 21
32 32 31 32
16 4 15 4
2 15 1 15
16 25 15 25
31 6 31 5
1 15 1 16
22 6 21 6
4 19 5 19
1 28 1 29
28 28 27 28
19 23 19 22
20 5 20 6
17 6 17 7
9 25 9 24
27 28 28 28
4 31 4 32
31 13 30 13
8 12 8 11
9 11 9 12
10 9 9 9
28 5 28 6
23 25 22 25
160
0 0 0 7
0 7 0 10
0 13 0 15
0 13 6 13
0 15 0 18
0 15 4 15
0 23 0 30
0 30 1 30
1 9 1 10
1 10 1 11
1 11 4 11
1 16 1 20
1 20 1 21
1 20 3 20
1 21 1 26
1 32 4 32
2 3 2 7
2 14 9 14
2 26 2 29
2 29 2 31
3 18 3 20
3 21 4 21
3 31 16 31
4 4 5 4
4 10 7 10
4 15 4 18
4 15 6 15
4 18 4 21
4 21 4 26
5 0 5 4
5 0 7 0
5 7 6 7
5 18 5 19
5 19 5 27
5 27 7 27
6 9 7 9
6 13 9 13
6 15 14 15
6 26 8 26
7 0 7 9
7 0 8 0
7 10 11 10
7 27 7 29
7 27 12 27
8 20 8 23
8 25 15 25
8 26 10 26
8 30 9 30
9 7 12 7
9 12 9 13
9 13 9 14
9 14 13 14
9 23 11 23
9 24 12 24
9 32 14 32
10 1 10 6
10 1 12 1
10 6 13 6
10 19 10 21
10 26 11 26
10 29 12 29
11 10 12 10
11 30 18 30
12 0 12 1
12 3 13 3
12 4 14 4
12 7 12 10
12 7 13 7
12 10 12 13
12 18 12 21
12 21 12 24
12 24 14 24
13 3 26 3
13 5 16 5
13 6 20 6
14 4 15 4
14 10 14 15
14 15 14 17
14 15 15 15
14 17 15 17
15 7 15 8
15 7 17 7
15 10 16 10
15 17 15 25
15 25 17 25
16 10 16 17
16 10 24 10
16 31 18 31
17 7 18 7
17 13 17 15
17 24 17 25
17 25 18 25
17 26 19 26
18 5 21 5
18 7 19 7
18 12 19 12
18 13 25 13
18 23 18 25
18 25 22 25
19 1 21 1
19 7 23 7
19 17 19 18
19 17 20 17
19 19 21 19
19 24 21 24
19 26 20 26
20 6 21 6
20 20 26 20
20 26 20 29
21 1 25 1
21 5 21 6
21 6 23 6
22 2 29 2
22 25 22 29
23 29 23 30
24 6 24 10
24 6 25 6
24 19 29 19
24 21 25 21
25 6 26 6
25 15 25 18
25 15 27 15
25 21 25 27
25 27 25 28
25 27 30 27
26 5 26 6
26 5 29 5
26 6 26 12
26 6 27 6
26 12 26 13
26 12 27 12
26 13 28 13
26 18 28 18
26 20 26 24
26 20 31 20
26 26 27 26
27 25 32 25
27 26 28 26
27 31 29 31
28 3 32 3
28 7 28 13
28 13 28 15
28 15 28 18
28 28 28 29
29 5 29 11
29 11 29 14
29 30 29 31
29 30 30 30
29 31 29 32
30 7 30 9
30 9 30 13
30 9 31 9
30 13 30 19
30 30 31 30
31 5 31 7
31 10 31 15
31 28 31 30
31 28 32 28
32 3 32 10
32 24 32 25
29
7 26 7 27
7 12 8 12
25 10 24 10
9 22 9 21
32 32 31 32
16 4 15 4
2 15 1 15
16 25 15 25
31 6 31 5
1 15 1 16
22 6 21 6
4 19 5 19
1 28 1 29
28 28 27 28
19 23 19 22
20 5 20 6
17 6 17 7
9 25 9 24
27 28 28 28
4 31 4 32
31 13 30 13
8 12 8 11
9 11 9 12
10 9 9 9
28 5 28 6
23 25 22 25
17 13 16 13
1 11 0 11
6 15 5 15
161
0 0 0 7
0 7 0 10
0 11 0 13
0 11 4 11
0 13 0 15
0 13 6 13
0 15 0 18
0 15 4 15
0 23 0 30
0 30 1 30
1 9 1 10
1 16 1 20
1 20 1 21
1 20 3 20
1 21 1 26
1 32 4 32
2 3 2 7
2 14 9 14
2 26 2 29
2 29 2 31
3 18 3 20
3 21 4 21
3 31 16 31
4 4 5 4
4 10 7 10
4 15 4 18
4 15 5 15
4 18 4 21
4 21 4 26
5 0 5 4
5 0 7 0
5 7 6 7
5 15 5 16
5 15 14 15
5 18 5 19
5 19 5 27
5 27 7 27
6 9 7 9
6 13 9 13
6 26 8 26
7 0 7 9
7 0 8 0
7 10 11 10
7 27 7 29
7 27 12 27
8 20 8 23
8 25 15 25
8 26 10 26
8 30 9 30
9 7 12 7
9 12 9 13
9 13 9 14
9 14 13 14
9 23 11 23
9 24 12 24
9 32 14 32
10 1 10 6
10 1 12 1
10 6 13 6
10 19 10 21
10 26 11 26
10 29 12 29
11 10 12 10
11 30 18 30
12 0 12 1
12 3 13 3
12 4 14 4
12 7 12 10
12 7 13 7
12 10 12 13
12 18 12 21
12 21 12 24
12 24 14 24
13 3 26 3
13 5 16 5
13 6 20 6
14 4 15 4
14 10 14 15
14 15 14 17
14 15 15 15
14 17 15 17
15 7 15 8
15 7 17 7
15 10 16 10
15 17 15 25
15 25 17 25
16 10 16 13
16 10 24 10
16 13 16 17
16 31 18 31
17 7 18 7
17 24 17 25
17 25 18 25
17 26 19 26
18 5 21 5
18 7 19 7
18 12 19 12
18 13 25 13
18 23 18 25
18 25 22 25
19 1 21 1
19 7 23 7
19 17 19 18
19 17 20 17
19 19 21 19
19 24 21 24
19 26 20 26
20 6 21 6
20 20 26 20
20 26 20 29
21 1 25 1
21 5 21 6
21 6 23 6
22 2 29 2
22 25 22 29
23 29 23 30
24 6 24 10
24 6 25 6
24 19 29 19
24 21 25 21
25 6 26 6
25 15 25 18
25 15 27 15
25 21 25 27
25 27 25 28
25 27 30 27
26 5 26 6
26 5 29 5
26 6 26 12
26 6 27 6
26 12 26 13
26 12 27 12
26 13 28 13
26 18 28 18
26 20 26 24
26 20 31 20
26 26 27 26
27 25 32 25
27 26 28 26
27 31 29 31
28 3 32 3
28 7 28 13
28 13 28 15
28 15 28 18
28 28 28 29
29 5 29 11
29 11 29 14
29 30 29 31
29 30 30 30
29 31 29 32
30 7 30 9
30 9 30 13
30 9 31 9
30 13 30 19
30 30 31 30
31 5 31 7
31 10 31 15
31 28 31 30
31 28 32 28
32 3 32 10
32 24 32 25
32
7 26 7 27
7 12 8 12
25 10 24 10
9 22 9 21
32 32 31 32
16 4 15 4
2 15 1 15
16 25 15 25
31 6 31 5
1 15 1 16
22 6 21 6
4 19 5 19
1 28 1 29
28 28 27 28
19 23 19 22
20 5 20 6
17 6 17 7
9 25 9 24
27 28 28 28
4 31 4 32
31 13 30 13
8 12 8 11
9 11 9 12
10 9 9 9
28 5 28 6
23 25 22 25
17 13 16 13
1 11 0 11
6 15 5 15
31 20 32 20
31 19 31 18
22 2 22 3
161
0 0 0 7
0 7 0 10
0 11 0 13
0 11 4 11
0 13 0 15
0 13 6 13
0 15 0 18
0 15 4 15
0 23 0 30
0 30 1 30
1 9 1 10
1 16 1 20
1 20 1 21
1 20 3 20
1 21 1 26
1 32 4 32
2 3 2 7
2 14 9 14
2 26 2 29
2 29 2 31
3 18 3 20
3 21 4 21
3 31 16 31
4 4 5 4
4 10 7 10
4 15 4 18
4 15 5 15
4 18 4 21
4 21 4 26
5 0 5 4
5 0 7 0
5 7 6 7
5 15 5 16
5 15 14 15
5 18 5 19
5 19 5 27
5 27 7 27
6 9 7 9
6 13 9 13
6 26 8 26
7 0 7 9
7 0 8 0
7 10 11 10
7 27 7 29
7 27 12 27
8 20 8 23
8 25 15 25
8 26 10 26
8 30 9 30
9 7 12 7
9 12 9 13
9 13 9 14
9 14 13 14
9 23 11 23
9 24 12 24
9 32 14 32
10 1 10 6
10 1 12 1
10 6 13 6
10 19 10 21
10 26 11 26
10 29 12 29
11 10 12 10
11 30 18 30
12 0 12 1
12 3 13 3
12 4 14 4
12 7 12 10
12 7 13 7
12 10 12 13
12 18 12 21
12 21 12 24
12 24 14 24
13 5 16 5
13 6 20 6
14 4 15 4
14 10 14 15
14 15 14 17
14 15 15 15
14 17 15 17
15 7 15 8
15 7 17 7
15 10 16 10
15 17 15 25
15 25 17 25
16 10 16 13
16 10 24 10
16 13 16 17
16 31 18 31
17 7 18 7
17 24 17 25
17 25 18 25
17 26 19 26
18 5 21 5
18 7 19 7
18 12 19 12
18 13 25 13
18 23 18 25
18 25 22 25
19 1 21 1
19 7 23 7
19 17 19 18
19 17 20 17
19 19 21 19
19 24 21 24
19 26 20 26
20 6 21 6
20 20 26 20
20 26 20 29
21 1 25 1
21 5 21 6
21 6 23 6
22 25 22 29
23 29 23 30
24 6 24 10
24 6 25 6
24 19 29 19
24 21 25 21
25 1 25 6
25 6 26 6
25 15 25 18
25 15 27 15
25 21 25 27
25 27 25 28
25 27 30 27
26 5 26 6
26 5 29 5
26 6 26 12
26 6 27 6
26 12 26 13
26 12 27 12
26 13 28 13
26 18 28 18
26 20 26 24
26 20 32 20
26 26 27 26
27 25 32 25
27 26 28 26
27 31 29 31
28 3 32 3
28 7 28 13
28 13 28 15
28 15 28 18
28 18 31 18
28 28 28 29
29 5 29 11
29 11 29 14
29 30 29 31
29 30 30 30
29 31 29 32
30 7 30 9
30 9 30 13
30 9 31 9
30 30 31 30
31 5 31 7
31 10 31 15
31 28 31 30
31 28 32 28
32 3 32 10
32 19 32 20
32 24 32 25
33
7 26 7 27
7 12 8 12
25 10 24 10
9 22 9 21
32 32 31 32
16 4 15 4
2 15 1 15
16 25 15 25
31 6 31 5
1 15 1 16
22 6 21 6
4 19 5 19
1 28 1 29
28 28 27 28
19 23 19 22
20 5 20 6
17 6 17 7
9 25 9 24
27 28 28 28
4 31 4 32
31 13 30 13
8 12 8 11
9 11 9 12
10 9 9 9
28 5 28 6
23 25 22 25
17 13 16 13
1 11 0 11
6 15 5 15
31 20 32 20
31 19 31 18
22 2 22 3
31 18 32 18
162
0 0 0 7
0 7 0 10
0 11 0 13
0 11 4 11
0 13 0 15
0 13 6 13
0 15 0 18
0 15 4 15
0 23 0 30
0 30 1 30
1 9 1 10
1 16 1 20
1 20 1 21
1 20 3 20
1 21 1 26
1 32 4 32
2 3 2 7
2 14 9 14
2 26 2 29
2 29 2 31
3 18 3 20
3 21 4 21
3 31 16 31
4 4 5 4
4 10 7 10
4 15 4 18
4 15 5 15
4 18 4 21
4 21 4 26
5 0 5 4
5 0 7 0
5 7 6 7
5 15 5 16
5 15 14 15
5 18 5 19
5 19 5 27
5 27 7 27
6 9 7 9
6 13 9 13
6 26 8 26
7 0 7 9
7 0 8 0
7 10 11 10
7 27 7 29
7 27 12 27
8 20 8 23
8 25 15 25
8 26 10 26
8 30 9 30
9 7 12 7
9 12 9 13
9 13 9 14
9 14 13 14
9 23 11 23
9 24 12 24
9 32 14 32
10 1 10 6
10 1 12 1
10 6 13 6
10 19 10 21
10 26 11 26
10 29 12 29
11 10 12 10
11 30 18 30
12 0 12 1
12 3 13 3
12 4 14 4
12 7 12 10
12 7 13 7
12 10 12 13
12 18 12 21
12 21 12 24
12 24 14 24
13 5 16 5
13 6 20 6
14 4 15 4
14 10 14 15
14 15 14 17
14 15 15 15
14 17 15 17
15 7 15 8
15 7 17 7
15 10 16 10
15 17 15 25
15 25 17 25
16 10 16 13
16 10 24 10
16 13 16 17
16 31 18 31
17 7 18 7
17 24 17 25
17 25 18 25
17 26 19 26
18 5 21 5
18 7 19 7
18 12 19 12
18 13 25 13
18 23 18 25
18 25 22 25
19 1 21 1
19 7 23 7
19 17 19 18
19 17 20 17
19 19 21 19
19 24 21 24
19 26 20 26
20 6 21 6
20 20 26 20
20 26 20 29
21 1 25 1
21 5 21 6
21 6 23 6
22 25 22 29
23 29 23 30
24 6 24 10
24 6 25 6
24 19 29 19
24 21 25 21
25 1 25 6
25 6 26 6
25 15 25 18
25 15 27 15
25 21 25 27
25 27 25 28
25 27 30 27
26 5 26 6
26 5 29 5
26 6 26 12
26 6 27 6
26 12 26 13
26 12 27 12
26 13 28 13
26 18 28 18
26 20 26 24
26 20 32 20
26 26 27 26
27 25 32 25
27 26 28 26
27 31 29 31
28 3 32 3
28 7 28 13
28 13 28 15
28 15 28 18
28 18 32 18
28 28 28 29
29 5 29 11
29 11 29 14
29 30 29 31
29 30 30 30
29 31 29 32
30 7 30 9
30 9 30 13
30 9 31 9
30 30 31 30
31 5 31 7
31 10 31 15
31 28 31 30
31 28 32 28
32 3 32 10
32 10 32 18
32 19 32 20
32 24 32 25
34
7 26 7 27
7 12 8 12
25 10 24 10
9 22 9 21
32 32 31 32
16 4 15 4
2 15 1 15
16 25 15 25
31 6 31 5
1 15 1 16
22 6 21 6
4 19 5 19
1 28 1 29
28 28 27 28
19 23 19 22
20 5 20 6
17 6 17 7
9 25 9 24
27 28 28 28
4 31 4 32
31 13 30 13
8 12 8 11
9 11 9 12
10 9 9 9
28 5 28 6
23 25 22 25
17 13 16 13
1 11 0 11
6 15 5 15
31 20 32 20
31 19 31 18
22 2 22 3
31 18 32 18
20 29 20 30
163
0 0 0 7
0 7 0 10
0 11 0 13
0 11 4 11
0 13 0 15
0 13 6 13
0 15 0 18
0 15 4 15
0 23 0 30
0 30 1 30
1 9 1 10
1 16 1 20
1 20 1 21
1 20 3 20
1 21 1 26
1 32 4 32
2 3 2 7
2 14 9 14
2 26 2 29
2 29 2 31
3 18 3 20
3 21 4 21
3 31 16 31
4 4 5 4
4 10 7 10
4 15 4 18
4 15 5 15
4 18 4 21
4 21 4 26
5 0 5 4
5 0 7 0
5 7 6 7
5 15 5 16
5 15 14 15
5 18 5 19
5 19 5 27
5 27 7 27
6 9 7 9
6 13 9 13
6 26 8 26
7 0 7 9
7 0 8 0
7 10 11 10
7 27 7 29
7 27 12 27
8 20 8 23
8 25 15 25
8 26 10 26
8 30 9 30
9 7 12 7
9 12 9 13
9 13 9 14
9 14 13 14
9 23 11 23
9 24 12 24
9 32 14 32
10 1 10 6
10 1 12 1
10 6 13 6
10 19 10 21
10 26 11 26
10 29 12 29
11 10 12 10
11 30 18 30
12 0 12 1
12 3 13 3
12 4 14 4
12 7 12 10
12 7 13 7
12 10 12 13
12 18 12 21
12 21 12 24
12 24 14 24
12 29 22 29
13 5 16 5
13 6 20 6
14 4 15 4
14 10 14 15
14 15 14 17
14 15 15 15
14 17 15 17
15 7 15 8
15 7 17 7
15 10 16 10
15 17 15 25
15 25 17 25
16 10 16 13
16 10 24 10
16 13 16 17
16 31 18 31
17 7 18 7
17 24 17 25
17 25 18 25
17 26 19 26
18 5 21 5
18 7 19 7
18 12 19 12
18 13 25 13
18 23 18 25
18 25 22 25
19 1 21 1
19 7 23 7
19 17 19 18
19 17 20 17
19 19 21 19
19 24 21 24
19 26 20 26
20 6 21 6
20 20 26 20
20 30 21 30
21 1 25 1
21 5 21 6
21 6 23 6
22 25 22 29
23 29 23 30
24 6 24 10
24 6 25 6
24 19 29 19
24 21 25 21
25 1 25 6
25 6 26 6
25 15 25 18
25 15 27 15
25 21 25 27
25 27 25 28
25 27 30 27
26 5 26 6
26 5 29 5
26 6 26 12
26 6 27 6
26 12 26 13
26 12 27 12
26 13 28 13
26 18 28 18
26 20 26 24
26 20 32 20
26 26 27 26
27 25 32 25
27 26 28 26
27 31 29 31
28 3 32 3
28 7 28 13
28 13 28 15
28 15 28 18
28 18 32 18
28 28 28 29
29 5 29 11
29 11 29 14
29 30 29 31
29 30 30 30
29 31 29 32
30 7 30 9
30 9 30 13
30 9 31 9
30 30 31 30
31 5 31 7
31 10 31 15
31 28 31 30
31 28 32 28
32 3 32 10
32 10 32 18
32 19 32 20
32 24 32 25
38
7 26 7 27
7 12 8 12
25 10 24 10
9 22 9 21
32 32 31 32
16 4 15 4
2 15 1 15
16 25 15 25
31 6 31 5
1 15 1 16
22 6 21 6
4 19 5 19
1 28 1 29
28 28 27 28
19 23 19 22
20 5 20 6
17 6 17 7
9 25 9 24
27 28 28 28
4 31 4 32
31 13 30 13
8 12 8 11
9 11 9 12
10 9 9 9
28 5 28 6
23 25 22 25
17 13 16 13
1 11 0 11
6 15 5 15
31 20 32 20
31 19 31 18
22 2 22 3
31 18 32 18
20 29 20 30
30 13 30 12
18 16 17 16
6 13 5 13
4 15 4 16
165
0 0 0 7
0 7 0 10
0 11 0 13
0 11 4 11
0 13 0 15
0 13 5 13
0 15 0 18
0 15 5 15
0 23 0 30
0 30 1 30
1 9 1 10
1 16 1 20
1 20 1 21
1 20 3 20
1 21 1 26
1 32 4 32
2 3 2 7
2 14 9 14
2 26 2 29
2 29 2 31
3 18 3 20
3 21 4 21
3 31 16 31
4 4 5 4
4 10 7 10
4 16 4 18
4 16 5 16
4 18 4 21
4 21 4 26
5 0 5 4
5 0 7 0
5 7 6 7
5 13 9 13
5 15 5 16
5 15 14 15
5 18 5 19
5 19 5 27
5 27 7 27
6 9 7 9
6 26 8 26
7 0 7 9
7 0 8 0
7 10 11 10
7 27 7 29
7 27 12 27
8 20 8 23
8 25 15 25
8 26 10 26
8 30 9 30
9 7 12 7
9 12 9 13
9 13 9 14
9 14 13 14
9 23 11 23
9 24 12 24
9 32 14 32
10 1 10 6
10 1 12 1
10 6 13 6
10 19 10 21
10 26 11 26
10 29 12 29
11 10 12 10
11 30 18 30
12 0 12 1
12 3 13 3
12 4 14 4
12 7 12 10
12 7 13 7
12 10 12 13
12 18 12 21
12 21 12 24
12 24 14 24
12 29 22 29
13 5 16 5
13 6 20 6
14 4 15 4
14 10 14 15
14 15 14 17
14 15 15 15
14 17 15 17
15 7 15 8
15 7 17 7
15 10 16 10
15 17 15 25
15 25 17 25
16 10 16 13
16 10 24 10
16 13 16 17
16 31 18 31
17 7 18 7
17 16 17 23
17 24 17 25
17 25 18 25
17 26 19 26
18 5 21 5
18 7 19 7
18 12 19 12
18 13 18 23
18 13 25 13
18 23 18 25
18 25 22 25
19 1 21 1
19 7 23 7
19 17 19 18
19 17 20 17
19 19 21 19
19 24 21 24
19 26 20 26
20 6 21 6
20 20 26 20
20 30 21 30
21 1 25 1
21 5 21 6
21 6 23 6
22 25 22 29
23 29 23 30
24 6 24 10
24 6 25 6
24 19 29 19
24 21 25 21
25 1 25 6
25 6 26 6
25 15 25 18
25 15 27 15
25 21 25 27
25 27 25 28
25 27 30 27
26 5 26 6
26 5 29 5
26 6 26 12
26 6 27 6
26 12 26 13
26 12 27 12
26 13 28 13
26 18 28 18
26 20 26 24
26 20 32 20
26 26 27 26
27 25 32 25
27 26 28 26
27 31 29 31
28 3 32 3
28 7 28 13
28 13 28 15
28 15 28 18
28 18 32 18
28 28 28 29
29 5 29 11
29 11 29 14
29 30 29 31
29 30 30 30
29 31 29 32
30 7 30 9
30 9 30 12
30 9 31 9
30 30 31 30
31 5 31 7
31 10 31 15
31 28 31 30
31 28 32 28
32 3 32 10
32 10 32 18
32 19 32 20
32 24 32 25
41
7 26 7 27
7 12 8 12
25 10 24 10
9 22 9 21
32 32 31 32
16 4 15 4
2 15 1 15
16 25 15 25
31 6 31 5
1 15 1 16
22 6 21 6
4 19 5 19
1 28 1 29
28 28 27 28
19 23 19 22
20 5 20 6
17 6 17 7
9 25 9 24
27 28 28 28
4 31 4 32
31 13 30 13
8 12 8 11
9 11 9 12
10 9 9 9
28 5 28 6
23 25 22 25
17 13 16 13
1 11 0 11
6 15 5 15
31 20 32 20
31 19 31 18
22 2 22 3
31 18 32 18
20 29 20 30
30 13 30 12
18 16 17 16
6 13 5 13
4 15 4 16
24 19 25 19
3 31 4 31
20 30 20 31
166
0 0 0 7
0 7 0 10
0 11 0 13
0 11 4 11
0 13 0 15
0 13 5 13
0 15 0 18
0 15 5 15
0 23 0 30
0 30 1 30
1 9 1 10
1 16 1 20
1 20 1 21
1 20 3 20
1 21 1 26
1 32 4 32
2 3 2 7
2 14 9 14
2 26 2 29
2 29 2 31
3 18 3 20
3 21 4 21
4 4 5 4
4 10 7 10
4 16 4 18
4 16 5 16
4 18 4 21
4 21 4 26
4 26 4 31
4 31 16 31
5 0 5 4
5 0 7 0
5 7 6 7
5 13 9 13
5 15 5 16
5 15 14 15
5 18 5 19
5 19 5 27
5 27 7 27
6 9 7 9
6 26 8 26
7 0 7 9
7 0 8 0
7 10 11 10
7 27 7 29
7 27 12 27
8 20 8 23
8 25 15 25
8 26 10 26
8 30 9 30
9 7 12 7
9 12 9 13
9 13 9 14
9 14 13 14
9 23 11 23
9 24 12 24
9 32 14 32
10 1 10 6
10 1 12 1
10 6 13 6
10 19 10 21
10 26 11 26
10 29 12 29
11 10 12 10
11 30 18 30
12 0 12 1
12 3 13 3
12 4 14 4
12 7 12 10
12 7 13 7
12 10 12 13
12 18 12 21
12 21 12 24
12 24 14 24
12 29 22 29
13 5 16 5
13 6 20 6
14 4 15 4
14 10 14 15
14 15 14 17
14 15 15 15
14 17 15 17
15 7 15 8
15 7 17 7
15 10 16 10
15 17 15 25
15 25 17 25
16 10 16 13
16 10 24 10
16 13 16 17
16 31 18 31
17 7 18 7
17 16 17 23
17 24 17 25
17 25 18 25
17 26 19 26
18 5 21 5
18 7 19 7
18 12 19 12
18 13 18 23
18 13 25 13
18 23 18 25
18 25 22 25
19 1 21 1
19 7 23 7
19 17 19 18
19 17 20 17
19 19 21 19
19 24 21 24
19 26 20 26
20 6 21 6
20 20 26 20
21 1 25 1
21 5 21 6
21 6 23 6
22 25 22 29
23 29 23 30
24 6 24 10
24 6 25 6
24 21 25 21
25 1 25 6
25 6 26 6
25 15 25 18
25 15 27 15
25 18 25 19
25 19 29 19
25 21 25 27
25 27 25 28
25 27 30 27
26 5 26 6
26 5 29 5
26 6 26 12
26 6 27 6
26 12 26 13
26 12 27 12
26 13 28 13
26 18 28 18
26 20 26 24
26 20 32 20
26 26 27 26
27 25 32 25
27 26 28 26
27 31 29 31
28 3 32 3
28 7 28 13
28 13 28 15
28 15 28 18
28 18 32 18
28 28 28 29
29 5 29 11
29 11 29 14
29 30 29 31
29 30 30 30
29 31 29 32
30 7 30 9
30 9 30 12
30 9 31 9
30 30 31 30
31 5 31 7
31 10 31 15
31 28 31 30
31 28 32 28
32 3 32 10
32 10 32 18
32 19 32 20
32 24 32 25
42
7 26 7 27
7 12 8 12
25 10 24 10
9 22 9 21
32 32 31 32
16 4 15 4
2 15 1 15
16 25 15 25
31 6 31 5
1 15 1 16
22 6 21 6
4 19 5 19
1 28 1 29
28 28 27 28
19 23 19 22
20 5 20 6
17 6 17 7
9 25 9 24
27 28 28 28
4 31 4 32
31 13 30 13
8 12 8 11
9 11 9 12
10 9 9 9
28 5 28 6
23 25 22 25
17 13 16 13
1 11 0 11
6 15 5 15
31 20 32 20
31 19 31 18
22 2 22 3
31 18 32 18
20 29 20 30
30 13 30 12
18 16 17 16
6 13 5 13
4 15 4 16
24 19 25 19
3 31 4 31
20 30 20 31
9 30 10 30
167
0 0 0 7
0 7 0 10
0 11 0 13
0 11 4 11
0 13 0 15
0 13 5 13
0 15 0 18
0 15 5 15
0 23 0 30
0 30 1 30
1 9 1 10
1 16 1 20
1 20 1 21
1 20 3 20
1 21 1 26
1 32 4 32
2 3 2 7
2 14 9 14
2 26 2 29
2 29 2 31
3 18 3 20
3 21 4 21
4 4 5 4
4 10 7 10
4 16 4 18
4 16 5 16
4 18 4 21
4 21 4 26
4 26 4 31
4 31 16 31
5 0 5 4
5 0 7 0
5 7 6 7
5 13 9 13
5 15 5 16
5 15 14 15
5 18 5 19
5 19 5 27
5 27 7 27
6 9 7 9
6 26 8 26
7 0 7 9
7 0 8 0
7 10 11 10
7 27 7 29
7 27 12 27
8 20 8 23
8 25 15 25
8 26 10 26
8 30 10 30
9 7 12 7
9 12 9 13
9 13 9 14
9 14 13 14
9 23 11 23
9 24 12 24
9 32 14 32
10 1 10 6
10 1 12 1
10 6 13 6
10 19 10 21
10 26 11 26
10 29 10 30
10 29 12 29
11 10 12 10
11 30 18 30
12 0 12 1
12 3 13 3
12 4 14 4
12 7 12 10
12 7 13 7
12 10 12 13
12 18 12 21
12 21 12 24
12 24 14 24
12 29 22 29
13 5 16 5
13 6 20 6
14 4 15 4
14 10 14 15
14 15 14 17
14 15 15 15
14 17 15 17
15 7 15 8
15 7 17 7
15 10 16 10
15 17 15 25
15 25 17 25
16 10 16 13
16 10 24 10
16 13 16 17
16 31 18 31
17 7 18 7
17 16 17 23
17 24 17 25
17 25 18 25
17 26 19 26
18 5 21 5
18 7 19 7
18 12 19 12
18 13 18 23
18 13 25 13
18 23 18 25
18 25 22 25
19 1 21 1
19 7 23 7
19 17 19 18
19 17 20 17
19 19 21 19
19 24 21 24
19 26 20 26
20 6 21 6
20 20 26 20
21 1 25 1
21 5 21 6
21 6 23 6
22 25 22 29
23 29 23 30
24 6 24 10
24 6 25 6
24 21 25 21
25 1 25 6
25 6 26 6
25 15 25 18
25 15 27 15
25 18 25 19
25 19 29 19
25 21 25 27
25 27 25 28
25 27 30 27
26 5 26 6
26 5 29 5
26 6 26 12
26 6 27 6
26 12 26 13
26 12 27 12
26 13 28 13
26 18 28 18
26 20 26 24
26 20 32 20
26 26 27 26
27 25 32 25
27 26 28 26
27 31 29 31
28 3 32 3
28 7 28 13
28 13 28 15
28 15 28 18
28 18 32 18
28 28 28 29
29 5 29 11
29 11 29 14
29 30 29 31
29 30 30 30
29 31 29 32
30 7 30 9
30 9 30 12
30 9 31 9
30 30 31 30
31 5 31 7
31 10 31 15
31 28 31 30
31 28 32 28
32 3 32 10
32 10 32 18
32 19 32 20
32 24 32 25
44
7 26 7 27
7 12 8 12
25 10 24 10
9 22 9 21
32 32 31 32
16 4 15 4
2 15 1 15
16 25 15 25
31 6 31 5
1 15 1 16
22 6 21 6
4 19 5 19
1 28 1 29
28 28 27 28
19 23 19 22
20 5 20 6
17 6 17 7
9 25 9 24
27 28 28 28
4 31 4 32
31 13 30 13
8 12 8 11
9 11 9 12
10 9 9 9
28 5 28 6
23 25 22 25
17 13 16 13
1 11 0 11
6 15 5 15
31 20 32 20
31 19 31 18
22 2 22 3
31 18 32 18
20 29 20 30
30 13 30 12
18 16 17 16
6 13 5 13
4 15 4 16
24 19 25 19
3 31 4 31
20 30 20 31
9 30 10 30
22 12 22 13
13 5 14 5
169
0 0 0 7
0 7 0 10
0 11 0 13
0 11 4 11
0 13 0 15
0 13 5 13
0 15 0 18
0 15 5 15
0 23 0 30
0 30 1 30
1 9 1 10
1 16 1 20
1 20 1 21
1 20 3 20
1 21 1 26
1 32 4 32
2 3 2 7
2 14 9 14
2 26 2 29
2 29 2 31
3 18 3 20
3 21 4 21
4 4 5 4
4 10 7 10
4 16 4 18
4 16 5 16
4 18 4 21
4 21 4 26
4 26 4 31
4 31 16 31
5 0 5 4
5 0 7 0
5 7 6 7
5 13 9 13
5 15 5 16
5 15 14 15
5 18 5 19
5 19 5 27
5 27 7 27
6 9 7 9
6 26 8 26
7 0 7 9
7 0 8 0
7 10 11 10
7 27 7 29
7 27 12 27
8 20 8 23
8 25 15 25
8 26 10 26
8 30 10 30
9 7 12 7
9 12 9 13
9 13 9 14
9 14 13 14
9 23 11 23
9 24 12 24
9 32 14 32
10 1 10 6
10 1 12 1
10 6 13 6
10 19 10 21
10 26 11 26
10 29 10 30
10 29 12 29
11 10 12 10
11 30 18 30
12 0 12 1
12 3 13 3
12 4 14 4
12 7 12 10
12 7 13 7
12 10 12 13
12 18 12 21
12 21 12 24
12 24 14 24
12 29 22 29
13 6 20 6
14 4 15 4
14 5 16 5
14 10 14 15
14 15 14 17
14 15 15 15
14 17 15 17
15 7 15 8
15 7 17 7
15 10 16 10
15 17 15 25
15 25 17 25
16 10 16 13
16 10 24 10
16 13 16 17
16 31 18 31
17 7 18 7
17 16 17 23
17 24 17 25
17 25 18 25
17 26 19 26
18 5 21 5
18 7 19 7
18 12 19 12
18 13 18 23
18 13 22 13
18 23 18 25
18 25 22 25
19 1 21 1
19 7 23 7
19 17 19 18
19 17 20 17
19 19 21 19
19 24 21 24
19 26 20 26
20 6 21 6
20 20 26 20
21 1 25 1
21 5 21 6
21 6 23 6
21 12 23 12
22 13 25 13
22 25 22 29
23 29 23 30
24 6 24 10
24 6 25 6
24 21 25 21
25 1 25 6
25 6 26 6
25 15 25 18
25 15 27 15
25 18 25 19
25 19 29 19
25 21 25 27
25 27 25 28
25 27 30 27
26 5 26 6
26 5 29 5
26 6 26 12
26 6 27 6
26 12 26 13
26 12 27 12
26 13 28 13
26 18 28 18
26 20 26 24
26 20 32 20
26 26 27 26
27 25 32 25
27 26 28 26
27 31 29 31
28 3 32 3
28 7 28 13
28 13 28 15
28 15 28 18
28 18 32 18
28 28 28 29
29 5 29 11
29 11 29 14
29 30 29 31
29 30 30 30
29 31 29 32
30 7 30 9
30 9 30 12
30 9 31 9
30 30 31 30
31 5 31 7
31 10 31 15
31 28 31 30
31 28 32 28
32 3 32 10
32 10 32 18
32 19 32 20
32 24 32 25
47
7 26 7 27
7 12 8 12
25 10 24 10
9 22 9 21
32 32 31 32
16 4 15 4
2 15 1 15
16 25 15 25
31 6 31 5
1 15 1 16
22 6 21 6
4 19 5 19
1 28 1 29
28 28 27 28
19 23 19 22
20 5 20 6
17 6 17 7
9 25 9 24
27 28 28 28
4 31 4 32
31 13 30 13
8 12 8 11
9 11 9 12
10 9 9 9
28 5 28 6
23 25 22 25
17 13 16 13
1 11 0 11
6 15 5 15
31 20 32 20
31 19 31 18
22 2 22 3
31 18 32 18
20 29 20 30
30 13 30 12
18 16 17 16
6 13 5 13
4 15 4 16
24 19 25 19
3 31 4 31
20 30 20 31
9 30 10 30
22 12 22 13
13 5 14 5
30 19 31 19
8 4 9 4
25 9 26 9
172
0 0 0 7
0 7 0 10
0 11 0 13
0 11 4 11
0 13 0 15
0 13 5 13
0 15 0 18
0 15 5 15
0 23 0 30
0 30 1 30
1 9 1 10
1 16 1 20
1 20 1 21
1 20 3 20
1 21 1 26
1 32 4 32
2 3 2 7
2 14 9 14
2 26 2 29
2 29 2 31
3 18 3 20
3 21 4 21
4 4 5 4
4 10 7 10
4 16 4 18
4 16 5 16
4 18 4 21
4 21 4 26
4 26 4 31
4 31 16 31
5 0 5 4
5 0 7 0
5 7 6 7
5 13 9 13
5 15 5 16
5 15 14 15
5 18 5 19
5 19 5 27
5 27 7 27
6 9 7 9
6 26 8 26
7 0 7 9
7 0 8 0
7 10 11 10
7 27 7 29
7 27 12 27
8 1 8 9
8 20 8 23
8 25 15 25
8 26 10 26
8 30 10 30
9 7 12 7
9 12 9 13
9 13 9 14
9 14 13 14
9 23 11 23
9 24 12 24
9 32 14 32
10 1 10 6
10 1 12 1
10 6 13 6
10 19 10 21
10 26 11 26
10 29 10 30
10 29 12 29
11 10 12 10
11 30 18 30
12 0 12 1
12 3 13 3
12 4 14 4
12 7 12 10
12 7 13 7
12 10 12 13
12 18 12 21
12 21 12 24
12 24 14 24
12 29 22 29
13 6 20 6
14 4 15 4
14 5 16 5
14 10 14 15
14 15 14 17
14 15 15 15
14 17 15 17
15 7 15 8
15 7 17 7
15 10 16 10
15 17 15 25
15 25 17 25
16 10 16 13
16 10 24 10
16 13 16 17
16 31 18 31
17 7 18 7
17 16 17 23
17 24 17 25
17 25 18 25
17 26 19 26
18 5 21 5
18 7 19 7
18 12 19 12
18 13 18 23
18 13 22 13
18 23 18 25
18 25 22 25
19 1 21 1
19 7 23 7
19 17 19 18
19 17 20 17
19 19 21 19
19 24 21 24
19 26 20 26
20 6 21 6
20 20 26 20
21 1 25 1
21 5 21 6
21 6 23 6
21 12 23 12
22 13 25 13
22 25 22 29
23 29 23 30
24 6 24 10
24 6 25 6
24 21 25 21
25 1 25 6
25 6 26 6
25 7 25 13
25 15 25 18
25 15 27 15
25 18 25 19
25 19 29 19
25 21 25 27
25 27 25 28
25 27 30 27
26 5 26 6
26 5 29 5
26 6 26 9
26 6 27 6
26 9 26 12
26 12 26 13
26 12 27 12
26 13 28 13
26 18 28 18
26 20 26 24
26 20 32 20
26 26 27 26
27 25 32 25
27 26 28 26
27 31 29 31
28 3 32 3
28 7 28 13
28 13 28 15
28 15 28 18
28 18 32 18
28 28 28 29
29 5 29 11
29 11 29 14
29 30 29 31
29 30 30 30
29 31 29 32
30 7 30 9
30 9 30 12
30 9 31 9
30 30 31 30
31 5 31 7
31 10 31 15
31 28 31 30
31 28 32 28
32 3 32 10
32 10 32 18
32 19 32 20
32 24 32 25
50
7 26 7 27
7 12 8 12
25 10 24 10
9 22 9 21
32 32 31 32
16 4 15 4
2 15 1 15
16 25 15 25
31 6 31 5
1 15 1 16
22 6 21 6
4 19 5 19
1 28 1 29
28 28 27 28
19 23 19 22
20 5 20 6
17 6 17 7
9 25 9 24
27 28 28 28
4 31 4 32
31 13 30 13
8 12 8 11
9 11 9 12
10 9 9 9
28 5 28 6
23 25 22 25
17 13 16 13
1 11 0 11
6 15 5 15
31 20 32 20
31 19 31 18
22 2 22 3
31 18 32 18
20 29 20 30
30 13 30 12
18 16 17 16
6 13 5 13
4 15 4 16
24 19 25 19
3 31 4 31
20 30 20 31
9 30 10 30
22 12 22 13
13 5 14 5
30 19 31 19
8 4 9 4
25 9 26 9
12 13 11 13
19 11 20 11
8 9 8 10
175
0 0 0 7
0 7 0 10
0 11 0 13
0 11 4 11
0 13 0 15
0 13 5 13
0 15 0 18
0 15 5 15
0 23 0 30
0 30 1 30
1 9 1 10
1 16 1 20
1 20 1 21
1 20 3 20
1 21 1 26
1 32 4 32
2 3 2 7
2 14 9 14
2 26 2 29
2 29 2 31
3 18 3 20
3 21 4 21
4 4 5 4
4 10 7 10
4 16 4 18
4 16 5 16
4 18 4 21
4 21 4 26
4 26 4 31
4 31 16 31
5 0 5 4
5 0 7 0
5 7 6 7
5 13 9 13
5 15 5 16
5 15 14 15
5 18 5 19
5 19 5 27
5 27 7 27
6 9 7 9
6 26 8 26
7 0 7 9
7 0 8 0
7 10 8 10
7 27 7 29
7 27 12 27
8 1 8 10
8 10 8 11
8 10 11 10
8 20 8 23
8 25 15 25
8 26 10 26
8 30 10 30
9 7 12 7
9 12 9 13
9 13 9 14
9 14 13 14
9 23 11 23
9 24 12 24
9 32 14 32
10 1 10 6
10 1 12 1
10 6 13 6
10 19 10 21
10 26 11 26
10 29 10 30
10 29 12 29
11 10 11 13
11 10 12 10
11 30 18 30
12 0 12 1
12 3 13 3
12 4 14 4
12 7 12 10
12 7 13 7
12 18 12 21
12 21 12 24
12 24 14 24
12 29 22 29
13 6 20 6
14 4 15 4
14 5 16 5
14 10 14 15
14 15 14 17
14 15 15 15
14 17 15 17
15 7 15 8
15 7 17 7
15 10 16 10
15 17 15 25
15 25 17 25
16 10 16 13
16 10 24 10
16 13 16 17
16 31 18 31
17 7 18 7
17 16 17 23
17 24 17 25
17 25 18 25
17 26 19 26
18 5 21 5
18 7 19 7
18 12 19 12
18 13 18 23
18 13 22 13
18 23 18 25
18 25 22 25
19 1 21 1
19 7 23 7
19 17 19 18
19 17 20 17
19 19 21 19
19 24 21 24
19 26 20 26
20 6 21 6
20 11 20 12
20 20 26 20
21 1 25 1
21 5 21 6
21 6 23 6
21 12 23 12
22 13 25 13
22 25 22 29
23 29 23 30
24 6 24 10
24 6 25 6
24 21 25 21
25 1 25 6
25 6 26 6
25 7 25 13
25 15 25 18
25 15 27 15
25 18 25 19
25 19 29 19
25 21 25 27
25 27 25 28
25 27 30 27
26 5 26 6
26 5 29 5
26 6 26 9
26 6 27 6
26 9 26 12
26 12 26 13
26 12 27 12
26 13 28 13
26 18 28 18
26 20 26 24
26 20 32 20
26 26 27 26
27 25 32 25
27 26 28 26
27 31 29 31
28 3 32 3
28 7 28 13
28 13 28 15
28 15 28 18
28 18 32 18
28 28 28 29
29 5 29 11
29 11 29 14
29 30 29 31
29 30 30 30
29 31 29 32
30 7 30 9
30 9 30 12
30 9 31 9
30 30 31 30
31 5 31 7
31 10 31 15
31 28 31 30
31 28 32 28
32 3 32 10
32 10 32 18
32 19 32 20
32 24 32 25
51
7 26 7 27
7 12 8 12
25 10 24 10
9 22 9 21
32 32 31 32
16 4 15 4
2 15 1 15
16 25 15 25
31 6 31 5
1 15 1 16
22 6 21 6
4 19 5 19
1 28 1 29
28 28 27 28
19 23 19 22
20 5 20 6
17 6 17 7
9 25 9 24
27 28 28 28
4 31 4 32
31 13 30 13
8 12 8 11
9 11 9 12
10 9 9 9
28 5 28 6
23 25 22 25
17 13 16 13
1 11 0 11
6 15 5 15
31 20 32 20
31 19 31 18
22 2 22 3
31 18 32 18
20 29 20 30
30 13 30 12
18 16 17 16
6 13 5 13
4 15 4 16
24 19 25 19
3 31 4 31
20 30 20 31
9 30 10 30
22 12 22 13
13 5 14 5
30 19 31 19
8 4 9 4
25 9 26 9
12 13 11 13
19 11 20 11
8 9 8 10
21 22 21 23
177
0 0 0 7
0 7 0 10
0 11 0 13
0 11 4 11
0 13 0 15
0 13 5 13
0 15 0 18
0 15 5 15
0 23 0 30
0 30 1 30
1 9 1 10
1 16 1 20
1 20 1 21
1 20 3 20
1 21 1 26
1 32 4 32
2 3 2 7
2 14 9 14
2 26 2 29
2 29 2 31
3 18 3 20
3 21 4 21
4 4 5 4
4 10 7 10
4 16 4 18
4 16 5 16
4 18 4 21
4 21 4 26
4 26 4 31
4 31 16 31
5 0 5 4
5 0 7 0
5 7 6 7
5 13 9 13
5 15 5 16
5 15 14 15
5 18 5 19
5 19 5 27
5 27 7 27
6 9 7 9
6 26 8 26
7 0 7 9
7 0 8 0
7 10 8 10
7 27 7 29
7 27 12 27
8 1 8 10
8 10 8 11
8 10 11 10
8 20 8 23
8 25 15 25
8 26 10 26
8 30 10 30
9 7 12 7
9 12 9 13
9 13 9 14
9 14 13 14
9 23 11 23
9 24 12 24
9 32 14 32
10 1 10 6
10 1 12 1
10 6 13 6
10 19 10 21
10 26 11 26
10 29 10 30
10 29 12 29
11 10 11 13
11 10 12 10
11 30 18 30
12 0 12 1
12 3 13 3
12 4 14 4
12 7 12 10
12 7 13 7
12 18 12 21
12 21 12 24
12 24 14 24
12 29 22 29
13 6 20 6
14 4 15 4
14 5 16 5
14 10 14 15
14 15 14 17
14 15 15 15
14 17 15 17
15 7 15 8
15 7 17 7
15 10 16 10
15 17 15 25
15 25 17 25
16 10 16 13
16 10 24 10
16 13 16 17
16 31 18 31
17 7 18 7
17 16 17 23
17 24 17 25
17 25 18 25
17 26 19 26
18 5 21 5
18 7 19 7
18 12 19 12
18 13 18 23
18 13 22 13
18 23 18 25
18 23 21 23
18 25 22 25
19 1 21 1
19 7 23 7
19 17 19 18
19 17 20 17
19 19 21 19
19 22 22 22
19 24 21 24
19 26 20 26
20 6 21 6
20 11 20 12
20 20 26 20
21 1 25 1
21 5 21 6
21 6 23 6
21 12 23 12
22 13 25 13
22 25 22 29
23 29 23 30
24 6 24 10
24 6 25 6
24 21 25 21
25 1 25 6
25 6 26 6
25 7 25 13
25 15 25 18
25 15 27 15
25 18 25 19
25 19 29 19
25 21 25 27
25 27 25 28
25 27 30 27
26 5 26 6
26 5 29 5
26 6 26 9
26 6 27 6
26 9 26 12
26 12 26 13
26 12 27 12
26 13 28 13
26 18 28 18
26 20 26 24
26 20 32 20
26 26 27 26
27 25 32 25
27 26 28 26
27 31 29 31
28 3 32 3
28 7 28 13
28 13 28 15
28 15 28 18
28 18 32 18
28 28 28 29
29 5 29 11
29 11 29 14
29 30 29 31
29 30 30 30
29 31 29 32
30 7 30 9
30 9 30 12
30 9 31 9
30 30 31 30
31 5 31 7
31 10 31 15
31 28 31 30
31 28 32 28
32 3 32 10
32 10 32 18
32 19 32 20
32 24 32 25
54
7 26 7 27
7 12 8 12
25 10 24 10
9 22 9 21
32 32 31 32
16 4 15 4
2 15 1 15
16 25 15 25
31 6 31 5
1 15 1 16
22 6 21 6
4 19 5 19
1 28 1 29
28 28 27 28
19 23 19 22
20 5 20 6
17 6 17 7
9 25 9 24
27 28 28 28
4 31 4 32
31 13 30 13
8 12 8 11
9 11 9 12
10 9 9 9
28 5 28 6
23 25 22 25
17 13 16 13
1 11 0 11
6 15 5 15
31 20 32 20
31 19 31 18
22 2 22 3
31 18 32 18
20 29 20 30
30 13 30 12
18 16 17 16
6 13 5 13
4 15 4 16
24 19 25 19
3 31 4 31
20 30 20 31
9 30 10 30
22 12 22 13
13 5 14 5
30 19 31 19
8 4 9 4
25 9 26 9
12 13 11 13
19 11 20 11
8 9 8 10
21 22 21 23
22 18 21 18
8 30 9 30
30 5 30 6
180
0 0 0 7
0 7 0 10
0 11 0 13
0 11 4 11
0 13 0 15
0 13 5 13
0 15 0 18
0 15 5 15
0 23 0 30
0 30 1 30
1 9 1 10
1 16 1 20
1 20 1 21
1 20 3 20
1 21 1 26
1 32 4 32
2 3 2 7
2 14 9 14
2 26 2 29
2 29 2 31
3 18 3 20
3 21 4 21
4 4 5 4
4 10 7 10
4 16 4 18
4 16 5 16
4 18 4 21
4 21 4 26
4 26 4 31
4 31 16 31
5 0 5 4
5 0 7 0
5 7 6 7
5 13 9 13
5 15 5 16
5 15 14 15
5 18 5 19
5 19 5 27
5 27 7 27
6 9 7 9
6 26 8 26
7 0 7 9
7 0 8 0
7 10 8 10
7 27 7 29
7 27 12 27
8 1 8 10
8 10 8 11
8 10 11 10
8 20 8 23
8 25 15 25
8 26 10 26
9 7 12 7
9 12 9 13
9 13 9 14
9 14 13 14
9 23 11 23
9 24 12 24
9 30 10 30
9 32 14 32
10 1 10 6
10 1 12 1
10 6 13 6
10 19 10 21
10 26 11 26
10 29 10 30
10 29 12 29
11 10 11 13
11 10 12 10
11 30 18 30
12 0 12 1
12 3 13 3
12 4 14 4
12 7 12 10
12 7 13 7
12 18 12 21
12 21 12 24
12 24 14 24
12 29 22 29
13 6 20 6
14 4 15 4
14 5 16 5
14 10 14 15
14 15 14 17
14 15 15 15
14 17 15 17
15 7 15 8
15 7 17 7
15 10 16 10
15 17 15 25
15 25 17 25
16 10 16 13
16 10 24 10
16 13 16 17
16 31 18 31
17 7 18 7
17 16 17 23
17 24 17 25
17 25 18 25
17 26 19 26
18 5 21 5
18 7 19 7
18 12 19 12
18 13 18 23
18 13 22 13
18 23 18 25
18 23 21 23
18 25 22 25
19 1 21 1
19 7 23 7
19 17 19 18
19 17 20 17
19 19 21 19
19 22 22 22
19 24 21 24
19 26 20 26
20 6 21 6
20 11 20 12
20 20 26 20
21 1 25 1
21 5 21 6
21 6 23 6
21 12 23 12
21 18 21 19
22 13 22 19
22 13 25 13
22 25 22 29
23 29 23 30
24 6 24 10
24 6 25 6
24 21 25 21
25 1 25 6
25 6 26 6
25 7 25 13
25 15 25 18
25 15 27 15
25 18 25 19
25 19 29 19
25 21 25 27
25 27 25 28
25 27 30 27
26 5 26 6
26 5 29 5
26 6 26 9
26 6 27 6
26 9 26 12
26 12 26 13
26 12 27 12
26 13 28 13
26 18 28 18
26 20 26 24
26 20 32 20
26 26 27 26
27 25 32 25
27 26 28 26
27 31 29 31
28 3 32 3
28 7 28 13
28 13 28 15
28 15 28 18
28 18 32 18
28 28 28 29
29 5 29 11
29 5 31 5
29 11 29 14
29 30 29 31
29 30 30 30
29 31 29 32
30 7 30 9
30 9 30 12
30 9 31 9
30 30 31 30
31 5 31 7
31 10 31 15
31 28 31 30
31 28 32 28
32 3 32 10
32 10 32 18
32 19 32 20
32 24 32 25
56
7 26 7 27
7 12 8 12
25 10 24 10
9 22 9 21
32 32 31 32
16 4 15 4
2 15 1 15
16 25 15 25
31 6 31 5
1 15 1 16
22 6 21 6
4 19 5 19
1 28 1 29
28 28 27 28
19 23 19 22
20 5 20 6
17 6 17 7
9 25 9 24
27 28 28 28
4 31 4 32
31 13 30 13
8 12 8 11
9 11 9 12
10 9 9 9
28 5 28 6
23 25 22 25
17 13 16 13
1 11 0 11
6 15 5 15
31 20 32 20
31 19 31 18
22 2 22 3
31 18 32 18
20 29 20 30
30 13 30 12
18 16 17 16
6 13 5 13
4 15 4 16
24 19 25 19
3 31 4 31
20 30 20 31
9 30 10 30
22 12 22 13
13 5 14 5
30 19 31 19
8 4 9 4
25 9 26 9
12 13 11 13
19 11 20 11
8 9 8 10
21 22 21 23
22 18 21 18
8 30 9 30
30 5 30 6
15 32 16 32
14 5 13 5
181
0 0 0 7
0 7 0 10
0 11 0 13
0 11 4 11
0 13 0 15
0 13 5 13
0 15 0 18
0 15 5 15
0 23 0 30
0 30 1 30
1 9 1 10
1 16 1 20
1 20 1 21
1 20 3 20
1 21 1 26
1 32 4 32
2 3 2 7
2 14 9 14
2 26 2 29
2 29 2 31
3 18 3 20
3 21 4 21
4 4 5 4
4 10 7 10
4 16 4 18
4 16 5 16
4 18 4 21
4 21 4 26
4 26 4 31
4 31 16 31
5 0 5 4
5 0 7 0
5 7 6 7
5 13 9 13
5 15 5 16
5 15 14 15
5 18 5 19
5 19 5 27
5 27 7 27
6 9 7 9
6 26 8 26
7 0 7 9
7 0 8 0
7 10 8 10
7 27 7 29
7 27 12 27
8 1 8 10
8 10 8 11
8 10 11 10
8 20 8 23
8 25 15 25
8 26 10 26
9 7 12 7
9 12 9 13
9 13 9 14
9 14 13 14
9 23 11 23
9 24 12 24
9 30 10 30
9 32 14 32
10 1 10 6
10 1 12 1
10 6 13 6
10 19 10 21
10 26 11 26
10 29 10 30
10 29 12 29
11 10 11 13
11 10 12 10
11 30 18 30
12 0 12 1
12 3 13 3
12 4 14 4
12 7 12 10
12 7 13 7
12 18 12 21
12 21 12 24
12 24 14 24
12 29 22 29
13 5 16 5
13 6 20 6
14 4 15 4
14 10 14 15
14 15 14 17
14 15 15 15
14 17 15 17
15 7 15 8
15 7 17 7
15 10 16 10
15 17 15 25
15 25 17 25
16 10 16 13
16 10 24 10
16 13 16 17
16 31 16 32
16 31 18 31
17 7 18 7
17 16 17 23
17 24 17 25
17 25 18 25
17 26 19 26
18 5 21 5
18 7 19 7
18 12 19 12
18 13 18 23
18 13 22 13
18 23 18 25
18 23 21 23
18 25 22 25
19 1 21 1
19 7 23 7
19 17 19 18
19 17 20 17
19 19 21 19
19 22 22 22
19 24 21 24
19 26 20 26
20 6 21 6
20 11 20 12
20 20 26 20
21 1 25 1
21 5 21 6
21 6 23 6
21 12 23 12
21 18 21 19
22 13 22 19
22 13 25 13
22 25 22 29
23 29 23 30
24 6 24 10
24 6 25 6
24 21 25 21
25 1 25 6
25 6 26 6
25 7 25 13
25 15 25 18
25 15 27 15
25 18 25 19
25 19 29 19
25 21 25 27
25 27 25 28
25 27 30 27
26 5 26 6
26 5 29 5
26 6 26 9
26 6 27 6
26 9 26 12
26 12 26 13
26 12 27 12
26 13 28 13
26 18 28 18
26 20 26 24
26 20 32 20
26 26 27 26
27 25 32 25
27 26 28 26
27 31 29 31
28 3 32 3
28 7 28 13
28 13 28 15
28 15 28 18
28 18 32 18
28 28 28 29
29 5 29 11
29 5 31 5
29 11 29 14
29 30 29 31
29 30 30 30
29 31 29 32
30 7 30 9
30 9 30 12
30 9 31 9
30 30 31 30
31 5 31 7
31 10 31 15
31 28 31 30
31 28 32 28
32 3 32 10
32 10 32 18
32 19 32 20
32 24 32 25
60
7 26 7 27
7 12 8 12
25 10 24 10
9 22 9 21
32 32 31 32
16 4 15 4
2 15 1 15
16 25 15 25
31 6 31 5
1 15 1 16
22 6 21 6
4 19 5 19
1 28 1 29
28 28 27 28
19 23 19 22
20 5 20 6
17 6 17 7
9 25 9 24
27 28 28 28
4 31 4 32
31 13 30 13
8 12 8 11
9 11 9 12
10 9 9 9
28 5 28 6
23 25 22 25
17 13 16 13
1 11 0 11
6 15 5 15
31 20 32 20
31 19 31 18
22 2 22 3
31 18 32 18
20 29 20 30
30 13 30 12
18 16 17 16
6 13 5 13
4 15 4 16
24 19 25 19
3 31 4 31
20 30 20 31
9 30 10 30
22 12 22 13
13 5 14 5
30 19 31 19
8 4 9 4
25 9 26 9
12 13 11 13
19 11 20 11
8 9 8 10
21 22 21 23
22 18 21 18
8 30 9 30
30 5 30 6
15 32 16 32
14 5 13 5
26 13 27 13
4 16 4 15
5 29 4 29
29 0 30 0
182
0 0 0 7
0 7 0 10
0 11 0 13
0 11 4 11
0 13 0 15
0 13 5 13
0 15 0 18
0 15 4 15
0 23 0 30
0 30 1 30
1 9 1 10
1 16 1 20
1 20 1 21
1 20 3 20
1 21 1 26
1 32 4 32
2 3 2 7
2 14 9 14
2 26 2 29
2 29 2 31
3 18 3 20
3 21 4 21
4 4 5 4
4 10 7 10
4 15 4 18
4 15 5 15
4 18 4 21
4 21 4 26
4 26 4 29
4 29 4 31
4 31 16 31
5 0 5 4
5 0 7 0
5 7 6 7
5 13 9 13
5 15 5 16
5 15 14 15
5 18 5 19
5 19 5 27
5 27 7 27
6 9 7 9
6 26 8 26
7 0 7 9
7 0 8 0
7 10 8 10
7 27 7 29
7 27 12 27
8 1 8 10
8 10 8 11
8 10 11 10
8 20 8 23
8 25 15 25
8 26 10 26
9 7 12 7
9 12 9 13
9 13 9 14
9 14 13 14
9 23 11 23
9 24 12 24
9 30 10 30
9 32 14 32
10 1 10 6
10 1 12 1
10 6 13 6
10 19 10 21
10 26 11 26
10 29 10 30
10 29 12 29
11 10 11 13
11 10 12 10
11 30 18 30
12 0 12 1
12 3 13 3
12 4 14 4
12 7 12 10
12 7 13 7
12 18 12 21
12 21 12 24
12 24 14 24
12 29 22 29
13 5 16 5
13 6 20 6
14 4 15 4
14 10 14 15
14 15 14 17
14 15 15 15
14 17 15 17
15 7 15 8
15 7 17 7
15 10 16 10
15 17 15 25
15 25 17 25
16 10 16 13
16 10 24 10
16 13 16 17
16 31 16 32
16 31 18 31
17 7 18 7
17 16 17 23
17 24 17 25
17 25 18 25
17 26 19 26
18 5 21 5
18 7 19 7
18 12 19 12
18 13 18 23
18 13 22 13
18 23 18 25
18 23 21 23
18 25 22 25
19 1 21 1
19 7 23 7
19 17 19 18
19 17 20 17
19 19 21 19
19 22 22 22
19 24 21 24
19 26 20 26
20 6 21 6
20 11 20 12
20 20 26 20
21 1 25 1
21 5 21 6
21 6 23 6
21 12 23 12
21 18 21 19
22 13 22 19
22 13 25 13
22 25 22 29
23 29 23 30
24 6 24 10
24 6 25 6
24 21 25 21
25 1 25 6
25 6 26 6
25 7 25 13
25 15 25 18
25 15 27 15
25 18 25 19
25 19 29 19
25 21 25 27
25 27 25 28
25 27 30 27
26 5 26 6
26 5 29 5
26 6 26 9
26 6 27 6
26 9 26 12
26 12 27 12
26 18 28 18
26 20 26 24
26 20 32 20
26 26 27 26
27 12 27 13
27 13 28 13
27 25 32 25
27 26 28 26
27 31 29 31
28 3 32 3
28 7 28 13
28 13 28 15
28 15 28 18
28 18 32 18
28 28 28 29
29 5 29 11
29 5 31 5
29 11 29 14
29 30 29 31
29 30 30 30
29 31 29 32
30 7 30 9
30 9 30 12
30 9 31 9
30 30 31 30
31 5 31 7
31 10 31 15
31 28 31 30
31 28 32 28
32 3 32 10
32 10 32 18
32 19 32 20
32 24 32 25
64
7 26 7 27
7 12 8 12
25 10 24 10
9 22 9 21
32 32 31 32
16 4 15 4
2 15 1 15
16 25 15 25
31 6 31 5
1 15 1 16
22 6 21 6
4 19 5 19
1 28 1 29
28 28 27 28
19 23 19 22
20 5 20 6
17 6 17 7
9 25 9 24
27 28 28 28
4 31 4 32
31 13 30 13
8 12 8 11
9 11 9 12
10 9 9 9
28 5 28 6
23 25 22 25
17 13 16 13
1 11 0 11
6 15 5 15
31 20 32 20
31 19 31 18
22 2 22 3
31 18 32 18
20 29 20 30
30 13 30 12
18 16 17 16
6 13 5 13
4 15 4 16
24 19 25 19
3 31 4 31
20 30 20 31
9 30 10 30
22 12 22 13
13 5 14 5
30 19 31 19
8 4 9 4
25 9 26 9
12 13 11 13
19 11 20 11
8 9 8 10
21 22 21 23
22 18 21 18
8 30 9 30
30 5 30 6
15 32 16 32
14 5 13 5
26 13 27 13
4 16 4 15
5 29 4 29
29 0 30 0
19 15 18 15
30 12 30 13
1 26 0 26
3 6 4 6
185
0 0 0 7
0 7 0 10
0 11 0 13
0 11 4 11
0 13 0 15
0 13 5 13
0 15 0 18
0 15 4 15
0 23 0 26
0 26 0 30
0 30 1 30
1 9 1 10
1 16 1 20
1 20 1 21
1 20 3 20
1 32 4 32
2 3 2 7
2 14 9 14
2 26 2 29
2 29 2 31
3 18 3 20
3 21 4 21
4 4 5 4
4 6 4 10
4 10 7 10
4 15 4 18
4 15 5 15
4 18 4 21
4 21 4 26
4 26 4 29
4 29 4 31
4 31 16 31
5 0 5 4
5 0 7 0
5 7 6 7
5 13 9 13
5 15 5 16
5 15 14 15
5 18 5 19
5 19 5 27
5 27 7 27
6 9 7 9
6 26 8 26
7 0 7 9
7 0 8 0
7 10 8 10
7 27 7 29
7 27 12 27
8 1 8 10
8 10 8 11
8 10 11 10
8 20 8 23
8 25 15 25
8 26 10 26
9 7 12 7
9 12 9 13
9 13 9 14
9 14 13 14
9 23 11 23
9 24 12 24
9 30 10 30
9 32 14 32
10 1 10 6
10 1 12 1
10 6 13 6
10 19 10 21
10 26 11 26
10 29 10 30
10 29 12 29
11 10 11 13
11 10 12 10
11 30 18 30
12 0 12 1
12 3 13 3
12 4 14 4
12 7 12 10
12 7 13 7
12 18 12 21
12 21 12 24
12 24 14 24
12 29 22 29
13 5 16 5
13 6 20 6
14 4 15 4
14 10 14 15
14 15 14 17
14 15 15 15
14 17 15 17
15 7 15 8
15 7 17 7
15 10 16 10
15 17 15 25
15 25 17 25
16 10 16 13
16 10 24 10
16 13 16 17
16 31 16 32
16 31 18 31
17 7 18 7
17 16 17 23
17 24 17 25
17 25 18 25
17 26 19 26
18 5 21 5
18 7 19 7
18 12 19 12
18 13 18 15
18 13 22 13
18 15 18 23
18 23 18 25
18 23 21 23
18 25 22 25
19 1 21 1
19 7 23 7
19 14 19 17
19 17 19 18
19 17 20 17
19 19 21 19
19 22 22 22
19 24 21 24
19 26 20 26
20 6 21 6
20 11 20 12
20 20 26 20
21 1 25 1
21 5 21 6
21 6 23 6
21 12 23 12
21 18 21 19
22 13 22 19
22 13 25 13
22 25 22 29
23 29 23 30
24 6 24 10
24 6 25 6
24 21 25 21
25 1 25 6
25 6 26 6
25 7 25 13
25 15 25 18
25 15 27 15
25 18 25 19
25 19 29 19
25 21 25 27
25 27 25 28
25 27 30 27
26 5 26 6
26 5 29 5
26 6 26 9
26 6 27 6
26 9 26 12
26 12 27 12
26 18 28 18
26 20 26 24
26 20 32 20
26 26 27 26
27 12 27 13
27 13 28 13
27 25 32 25
27 26 28 26
27 31 29 31
28 3 32 3
28 7 28 13
28 13 28 15
28 15 28 18
28 18 32 18
28 28 28 29
29 5 29 11
29 5 31 5
29 11 29 14
29 30 29 31
29 30 30 30
29 31 29 32
30 7 30 9
30 9 30 13
30 9 31 9
30 30 31 30
31 5 31 7
31 10 31 15
31 28 31 30
31 28 32 28
32 3 32 10
32 10 32 18
32 19 32 20
32 24 32 25
65
7 26 7 27
7 12 8 12
25 10 24 10
9 22 9 21
32 32 31 32
16 4 15 4
2 15 1 15
16 25 15 25
31 6 31 5
1 15 1 16
22 6 21 6
4 19 5 19
1 28 1 29
28 28 27 28
19 23 19 22
20 5 20 6
17 6 17 7
9 25 9 24
27 28 28 28
4 31 4 32
31 13 30 13
8 12 8 11
9 11 9 12
10 9 9 9
28 5 28 6
23 25 22 25
17 13 16 13
1 11 0 11
6 15 5 15
31 20 32 20
31 19 31 18
22 2 22 3
31 18 32 18
20 29 20 30
30 13 30 12
18 16 17 16
6 13 5 13
4 15 4 16
24 19 25 19
3 31 4 31
20 30 20 31
9 30 10 30
22 12 22 13
13 5 14 5
30 19 31 19
8 4 9 4
25 9 26 9
12 13 11 13
19 11 20 11
8 9 8 10
21 22 21 23
22 18 21 18
8 30 9 30
30 5 30 6
15 32 16 32
14 5 13 5
26 13 27 13
4 16 4 15
5 29 4 29
29 0 30 0
19 15 18 15
30 12 30 13
1 26 0 26
3 6 4 6
20 11 20 10
186
0 0 0 7
0 7 0 10
0 11 0 13
0 11 4 11
0 13 0 15
0 13 5 13
0 15 0 18
0 15 4 15
0 23 0 26
0 26 0 30
0 30 1 30
1 9 1 10
1 16 1 20
1 20 1 21
1 20 3 20
1 32 4 32
2 3 2 7
2 14 9 14
2 26 2 29
2 29 2 31
3 18 3 20
3 21 4 21
4 4 5 4
4 6 4 10
4 10 7 10
4 15 4 18
4 15 5 15
4 18 4 21
4 21 4 26
4 26 4 29
4 29 4 31
4 31 16 31
5 0 5 4
5 0 7 0
5 7 6 7
5 13 9 13
5 15 5 16
5 15 14 15
5 18 5 19
5 19 5 27
5 27 7 27
6 9 7 9
6 26 8 26
7 0 7 9
7 0 8 0
7 10 8 10
7 27 7 29
7 27 12 27
8 1 8 10
8 10 8 11
8 10 11 10
8 20 8 23
8 25 15 25
8 26 10 26
9 7 12 7
9 12 9 13
9 13 9 14
9 14 13 14
9 23 11 23
9 24 12 24
9 30 10 30
9 32 14 32
10 1 10 6
10 1 12 1
10 6 13 6
10 19 10 21
10 26 11 26
10 29 10 30
10 29 12 29
11 10 11 13
11 10 12 10
11 30 18 30
12 0 12 1
12 3 13 3
12 4 14 4
12 7 12 10
12 7 13 7
12 18 12 21
12 21 12 24
12 24 14 24
12 29 22 29
13 5 16 5
13 6 20 6
14 4 15 4
14 10 14 15
14 15 14 17
14 15 15 15
14 17 15 17
15 7 15 8
15 7 17 7
15 10 16 10
15 17 15 25
15 25 17 25
16 10 16 13
16 10 20 10
16 13 16 17
16 31 16 32
16 31 18 31
17 7 18 7
17 11 24 11
17 16 17 23
17 24 17 25
17 25 18 25
17 26 19 26
18 5 21 5
18 7 19 7
18 12 19 12
18 13 18 15
18 13 22 13
18 15 18 23
18 23 18 25
18 23 21 23
18 25 22 25
19 1 21 1
19 7 23 7
19 14 19 17
19 17 19 18
19 17 20 17
19 19 21 19
19 22 22 22
19 24 21 24
19 26 20 26
20 6 21 6
20 10 24 10
20 20 26 20
21 1 25 1
21 5 21 6
21 6 23 6
21 12 23 12
21 18 21 19
22 13 22 19
22 13 25 13
22 25 22 29
23 29 23 30
24 6 24 10
24 6 25 6
24 21 25 21
25 1 25 6
25 6 26 6
25 7 25 13
25 15 25 18
25 15 27 15
25 18 25 19
25 19 29 19
25 21 25 27
25 27 25 28
25 27 30 27
26 5 26 6
26 5 29 5
26 6 26 9
26 6 27 6
26 9 26 12
26 12 27 12
26 18 28 18
26 20 26 24
26 20 32 20
26 26 27 26
27 12 27 13
27 13 28 13
27 25 32 25
27 26 28 26
27 31 29 31
28 3 32 3
28 7 28 13
28 13 28 15
28 15 28 18
28 18 32 18
28 28 28 29
29 5 29 11
29 5 31 5
29 11 29 14
29 30 29 31
29 30 30 30
29 31 29 32
30 7 30 9
30 9 30 13
30 9 31 9
30 30 31 30
31 5 31 7
31 10 31 15
31 28 31 30
31 28 32 28
32 3 32 10
32 10 32 18
32 19 32 20
32 24 32 25
69
7 26 7 27
7 12 8 12
25 10 24 10
9 22 9 21
32 32 31 32
16 4 15 4
2 15 1 15
16 25 15 25
31 6 31 5
1 15 1 16
22 6 21 6
4 19 5 19
1 28 1 29
28 28 27 28
19 23 19 22
20 5 20 6
17 6 17 7
9 25 9 24
27 28 28 28
4 31 4 32
31 13 30 13
8 12 8 11
9 11 9 12
10 9 9 9
28 5 28 6
23 25 22 25
17 13 16 13
1 11 0 11
6 15 5 15
31 20 32 20
31 19 31 18
22 2 22 3
31 18 32 18
20 29 20 30
30 13 30 12
18 16 17 16
6 13 5 13
4 15 4 16
24 19 25 19
3 31 4 31
20 30 20 31
9 30 10 30
22 12 22 13
13 5 14 5
30 19 31 19
8 4 9 4
25 9 26 9
12 13 11 13
19 11 20 11
8 9 8 10
21 22 21 23
22 18 21 18
8 30 9 30
30 5 30 6
15 32 16 32
14 5 13 5
26 13 27 13
4 16 4 15
5 29 4 29
29 0 30 0
19 15 18 15
30 12 30 13
1 26 0 26
3 6 4 6
20 11 20 10
29 32 30 32
7 27 7 28
11 2 11 1
1 10 1 11
185
0 0 0 7
0 7 0 10
0 10 4 10
0 11 0 13
0 11 1 11
0 13 0 15
0 13 5 13
0 15 0 18
0 15 4 15
0 23 0 26
0 26 0 30
0 30 1 30
1 11 4 11
1 16 1 20
1 20 1 21
1 20 3 20
1 32 4 32
2 3 2 7
2 14 9 14
2 26 2 29
2 29 2 31
3 18 3 20
3 21 4 21
4 4 5 4
4 6 4 10
4 10 7 10
4 15 4 18
4 15 5 15
4 18 4 21
4 21 4 26
4 26 4 29
4 29 4 31
4 31 16 31
5 0 5 4
5 0 7 0
5 7 6 7
5 13 9 13
5 15 5 16
5 15 14 15
5 18 5 19
5 19 5 27
5 27 12 27
6 9 7 9
6 26 8 26
7 0 7 9
7 0 8 0
7 10 8 10
7 28 7 29
8 1 8 10
8 10 8 11
8 10 11 10
8 20 8 23
8 25 15 25
8 26 10 26
9 7 12 7
9 12 9 13
9 13 9 14
9 14 13 14
9 23 11 23
9 24 12 24
9 30 10 30
9 32 14 32
10 1 10 6
10 6 13 6
10 19 10 21
10 26 11 26
10 29 10 30
10 29 12 29
11 10 11 13
11 10 12 10
11 30 18 30
12 0 12 1
12 3 13 3
12 4 14 4
12 7 12 10
12 7 13 7
12 18 12 21
12 21 12 24
12 24 14 24
12 29 22 29
13 5 16 5
13 6 20 6
14 4 15 4
14 10 14 15
14 15 14 17
14 15 15 15
14 17 15 17
15 7 15 8
15 7 17 7
15 10 16 10
15 17 15 25
15 25 17 25
16 10 16 13
16 10 20 10
16 13 16 17
16 31 16 32
16 31 18 31
17 7 18 7
17 11 24 11
17 16 17 23
17 24 17 25
17 25 18 25
17 26 19 26
18 5 21 5
18 7 19 7
18 12 19 12
18 13 18 15
18 13 22 13
18 15 18 23
18 23 18 25
18 23 21 23
18 25 22 25
19 1 21 1
19 7 23 7
19 14 19 17
19 17 19 18
19 17 20 17
19 19 21 19
19 22 22 22
19 24 21 24
19 26 20 26
20 6 21 6
20 10 24 10
20 20 26 20
21 1 25 1
21 5 21 6
21 6 23 6
21 12 23 12
21 18 21 19
22 13 22 19
22 13 25 13
22 25 22 29
23 29 23 30
24 6 24 10
24 6 25 6
24 21 25 21
25 1 25 6
25 6 26 6
25 7 25 13
25 15 25 18
25 15 27 15
25 18 25 19
25 19 29 19
25 21 25 27
25 27 25 28
25 27 30 27
26 5 26 6
26 5 29 5
26 6 26 9
26 6 27 6
26 9 26 12
26 12 27 12
26 18 28 18
26 20 26 24
26 20 32 20
26 26 27 26
27 12 27 13
27 13 28 13
27 25 32 25
27 26 28 26
27 31 29 31
28 3 32 3
28 7 28 13
28 13 28 15
28 15 28 18
28 18 32 18
28 28 28 29
29 5 29 11
29 5 31 5
29 11 29 14
29 30 29 31
29 30 30 30
30 7 30 9
30 9 30 13
30 9 31 9
30 30 30 32
30 30 31 30
31 5 31 7
31 10 31 15
31 28 31 30
31 28 32 28
32 3 32 10
32 10 32 18
32 19 32 20
32 24 32 25
71
7 26 7 27
7 12 8 12
25 10 24 10
9 22 9 21
32 32 31 32
16 4 15 4
2 15 1 15
16 25 15 25
31 6 31 5
1 15 1 16
22 6 21 6
4 19 5 19
1 28 1 29
28 28 27 28
19 23 19 22
20 5 20 6
17 6 17 7
9 25 9 24
27 28 28 28
4 31 4 32
31 13 30 13
8 12 8 11
9 11 9 12
10 9 9 9
28 5 28 6
23 25 22 25
17 13 16 13
1 11 0 11
6 15 5 15
31 20 32 20
31 19 31 18
22 2 22 3
31 18 32 18
20 29 20 30
30 13 30 12
18 16 17 16
6 13 5 13
4 15 4 16
24 19 25 19
3 31 4 31
20 30 20 31
9 30 10 30
22 12 22 13
13 5 14 5
30 19 31 19
8 4 9 4
25 9 26 9
12 13 11 13
19 11 20 11
8 9 8 10
21 22 21 23
22 18 21 18
8 30 9 30
30 5 30 6
15 32 16 32
14 5 13 5
26 13 27 13
4 16 4 15
5 29 4 29
29 0 30 0
19 15 18 15
30 12 30 13
1 26 0 26
3 6 4 6
20 11 20 10
29 32 30 32
7 27 7 28
11 2 11 1
1 10 1 11
26 14 25 14
24 21 23 21
186
0 0 0 7
0 7 0 10
0 10 4 10
0 11 0 13
0 11 1 11
0 13 0 15
0 13 5 13
0 15 0 18
0 15 4 15
0 23 0 26
0 26 0 30
0 30 1 30
1 11 4 11
1 16 1 20
1 20 1 21
1 20 3 20
1 32 4 32
2 3 2 7
2 14 9 14
2 26 2 29
2 29 2 31
3 18 3 20
3 21 4 21
4 4 5 4
4 6 4 10
4 10 7 10
4 15 4 18
4 15 5 15
4 18 4 21
4 21 4 26
4 26 4 29
4 29 4 31
4 31 16 31
5 0 5 4
5 0 7 0
5 7 6 7
5 13 9 13
5 15 5 16
5 15 14 15
5 18 5 19
5 19 5 27
5 27 12 27
6 9 7 9
6 26 8 26
7 0 7 9
7 0 8 0
7 10 8 10
7 28 7 29
8 1 8 10
8 10 8 11
8 10 11 10
8 20 8 23
8 25 15 25
8 26 10 26
9 7 12 7
9 12 9 13
9 13 9 14
9 14 13 14
9 23 11 23
9 24 12 24
9 30 10 30
9 32 14 32
10 1 10 6
10 6 13 6
10 19 10 21
10 26 11 26
10 29 10 30
10 29 12 29
11 10 11 13
11 10 12 10
11 30 18 30
12 0 12 1
12 3 13 3
12 4 14 4
12 7 12 10
12 7 13 7
12 18 12 21
12 21 12 24
12 24 14 24
12 29 22 29
13 5 16 5
13 6 20 6
14 4 15 4
14 10 14 15
14 15 14 17
14 15 15 15
14 17 15 17
15 7 15 8
15 7 17 7
15 10 16 10
15 17 15 25
15 25 17 25
16 10 16 13
16 10 20 10
16 13 16 17
16 31 16 32
16 31 18 31
17 7 18 7
17 11 24 11
17 16 17 23
17 24 17 25
17 25 18 25
17 26 19 26
18 5 21 5
18 7 19 7
18 12 19 12
18 13 18 15
18 13 22 13
18 15 18 23
18 23 18 25
18 23 21 23
18 25 22 25
19 1 21 1
19 7 23 7
19 14 19 17
19 17 19 18
19 17 20 17
19 19 21 19
19 22 22 22
19 24 21 24
19 26 20 26
20 6 21 6
20 10 24 10
20 20 26 20
21 1 25 1
21 5 21 6
21 6 23 6
21 12 23 12
21 18 21 19
22 13 22 19
22 13 25 13
22 25 22 29
23 21 25 21
23 29 23 30
24 6 24 10
24 6 25 6
25 1 25 6
25 6 26 6
25 7 25 13
25 13 25 14
25 15 25 18
25 15 27 15
25 18 25 19
25 19 29 19
25 21 25 27
25 27 25 28
25 27 30 27
26 5 26 6
26 5 29 5
26 6 26 9
26 6 27 6
26 9 26 12
26 12 27 12
26 18 28 18
26 20 26 24
26 20 32 20
26 26 27 26
27 12 27 13
27 13 28 13
27 25 32 25
27 26 28 26
27 31 29 31
28 3 32 3
28 7 28 13
28 13 28 15
28 15 28 18
28 18 32 18
28 28 28 29
29 5 29 11
29 5 31 5
29 11 29 14
29 30 29 31
29 30 30 30
30 7 30 9
30 9 30 13
30 9 31 9
30 30 30 32
30 30 31 30
31 5 31 7
31 10 31 15
31 28 31 30
31 28 32 28
32 3 32 10
32 10 32 18
32 19 32 20
32 24 32 25
73
7 26 7 27
7 12 8 12
25 10 24 10
9 22 9 21
32 32 31 32
16 4 15 4
2 15 1 15
16 25 15 25
31 6 31 5
1 15 1 16
22 6 21 6
4 19 5 19
1 28 1 29
28 28 27 28
19 23 19 22
20 5 20 6
17 6 17 7
9 25 9 24
27 28 28 28
4 31 4 32
31 13 30 13
8 12 8 11
9 11 9 12
10 9 9 9
28 5 28 6
23 25 22 25
17 13 16 13
1 11 0 11
6 15 5 15
31 20 32 20
31 19 31 18
22 2 22 3
31 18 32 18
20 29 20 30
30 13 30 12
18 16 17 16
6 13 5 13
4 15 4 16
24 19 25 19
3 31 4 31
20 30 20 31
9 30 10 30
22 12 22 13
13 5 14 5
30 19 31 19
8 4 9 4
25 9 26 9
12 13 11 13
19 11 20 11
8 9 8 10
21 22 21 23
22 18 21 18
8 30 9 30
30 5 30 6
15 32 16 32
14 5 13 5
26 13 27 13
4 16 4 15
5 29 4 29
29 0 30 0
19 15 18 15
30 12 30 13
1 26 0 26
3 6 4 6
20 11 20 10
29 32 30 32
7 27 7 28
11 2 11 1
1 10 1 11
26 14 25 14
24 21 23 21
14 7 14 6
11 13 12 13
187
0 0 0 7
0 7 0 10
0 10 4 10
0 11 0 13
0 11 1 11
0 13 0 15
0 13 5 13
0 15 0 18
0 15 4 15
0 23 0 26
0 26 0 30
0 30 1 30
1 11 4 11
1 16 1 20
1 20 1 21
1 20 3 20
1 32 4 32
2 3 2 7
2 14 9 14
2 26 2 29
2 29 2 31
3 18 3 20
3 21 4 21
4 4 5 4
4 6 4 10
4 10 7 10
4 15 4 18
4 15 5 15
4 18 4 21
4 21 4 26
4 26 4 29
4 29 4 31
4 31 16 31
5 0 5 4
5 0 7 0
5 7 6 7
5 13 9 13
5 15 5 16
5 15 14 15
5 18 5 19
5 19 5 27
5 27 12 27
6 9 7 9
6 26 8 26
7 0 7 9
7 0 8 0
7 10 8 10
7 28 7 29
8 1 8 10
8 10 8 11
8 10 11 10
8 20 8 23
8 25 15 25
8 26 10 26
9 7 12 7
9 12 9 13
9 13 9 14
9 14 13 14
9 23 11 23
9 24 12 24
9 30 10 30
9 32 14 32
10 1 10 6
10 6 13 6
10 19 10 21
10 26 11 26
10 29 10 30
10 29 12 29
11 10 12 10
11 30 18 30
12 0 12 1
12 3 13 3
12 4 14 4
12 7 12 10
12 7 13 7
12 10 12 13
12 18 12 21
12 21 12 24
12 24 14 24
12 29 22 29
13 5 16 5
13 7 15 7
14 4 15 4
14 10 14 15
14 15 14 17
14 15 15 15
14 17 15 17
15 7 15 8
15 7 17 7
15 10 16 10
15 17 15 25
15 25 17 25
16 10 16 13
16 10 20 10
16 13 16 17
16 31 16 32
16 31 18 31
17 2 17 7
17 7 18 7
17 11 24 11
17 16 17 23
17 24 17 25
17 25 18 25
17 26 19 26
18 5 21 5
18 7 19 7
18 12 19 12
18 13 18 15
18 13 22 13
18 15 18 23
18 23 18 25
18 23 21 23
18 25 22 25
19 1 21 1
19 7 23 7
19 14 19 17
19 17 19 18
19 17 20 17
19 19 21 19
19 22 22 22
19 24 21 24
19 26 20 26
20 6 21 6
20 10 24 10
20 20 26 20
21 1 25 1
21 5 21 6
21 6 23 6
21 12 23 12
21 18 21 19
22 13 22 19
22 13 25 13
22 25 22 29
23 21 25 21
23 29 23 30
24 6 24 10
24 6 25 6
25 1 25 6
25 6 26 6
25 7 25 13
25 13 25 14
25 15 25 18
25 15 27 15
25 18 25 19
25 19 29 19
25 21 25 27
25 27 25 28
25 27 30 27
26 5 26 6
26 5 29 5
26 6 26 9
26 6 27 6
26 9 26 12
26 12 27 12
26 18 28 18
26 20 26 24
26 20 32 20
26 26 27 26
27 12 27 13
27 13 28 13
27 25 32 25
27 26 28 26
27 31 29 31
28 3 32 3
28 7 28 13
28 13 28 15
28 15 28 18
28 18 32 18
28 28 28 29
29 5 29 11
29 5 31 5
29 11 29 14
29 30 29 31
29 30 30 30
30 7 30 9
30 9 30 13
30 9 31 9
30 30 30 32
30 30 31 30
31 5 31 7
31 10 31 15
31 28 31 30
31 28 32 28
32 3 32 10
32 10 32 18
32 19 32 20
32 24 32 25
77
7 26 7 27
7 12 8 12
25 10 24 10
9 22 9 21
32 32 31 32
16 4 15 4
2 15 1 15
16 25 15 25
31 6 31 5
1 15 1 16
22 6 21 6
4 19 5 19
1 28 1 29
28 28 27 28
19 23 19 22
20 5 20 6
17 6 17 7
9 25 9 24
27 28 28 28
4 31 4 32
31 13 30 13
8 12 8 11
9 11 9 12
10 9 9 9
28 5 28 6
23 25 22 25
17 13 16 13
1 11 0 11
6 15 5 15
31 20 32 20
31 19 31 18
22 2 22 3
31 18 32 18
20 29 20 30
30 13 30 12
18 16 17 16
6 13 5 13
4 15 4 16
24 19 25 19
3 31 4 31
20 30 20 31
9 30 10 30
22 12 22 13
13 5 14 5
30 19 31 19
8 4 9 4
25 9 26 9
12 13 11 13
19 11 20 11
8 9 8 10
21 22 21 23
22 18 21 18
8 30 9 30
30 5 30 6
15 32 16 32
14 5 13 5
26 13 27 13
4 16 4 15
5 29 4 29
29 0 30 0
19 15 18 15
30 12 30 13
1 26 0 26
3 6 4 6
20 11 20 10
29 32 30 32
7 27 7 28
11 2 11 1
1 10 1 11
26 14 25 14
24 21 23 21
14 7 14 6
11 13 12 13
31 15 31 14
9 24 10 24
31 32 32 32
23 18 22 18
188
0 0 0 7
0 7 0 10
0 10 4 10
0 11 0 13
0 11 1 11
0 13 0 15
0 13 5 13
0 15 0 18
0 15 4 15
0 23 0 26
0 26 0 30
0 30 1 30
1 11 4 11
1 16 1 20
1 20 1 21
1 20 3 20
1 32 4 32
2 3 2 7
2 14 9 14
2 26 2 29
2 29 2 31
3 18 3 20
3 21 4 21
4 4 5 4
4 6 4 10
4 10 7 10
4 15 4 18
4 15 5 15
4 18 4 21
4 21 4 26
4 26 4 29
4 29 4 31
4 31 16 31
5 0 5 4
5 0 7 0
5 7 6 7
5 13 9 13
5 15 5 16
5 15 14 15
5 18 5 19
5 19 5 27
5 27 12 27
6 9 7 9
6 26 8 26
7 0 7 9
7 0 8 0
7 10 8 10
7 28 7 29
8 1 8 10
8 10 8 11
8 10 11 10
8 20 8 23
8 25 15 25
8 26 10 26
9 7 12 7
9 12 9 13
9 13 9 14
9 14 13 14
9 23 11 23
9 30 10 30
9 32 14 32
10 1 10 6
10 6 13 6
10 19 10 21
10 24 12 24
10 26 11 26
10 29 10 30
10 29 12 29
11 10 12 10
11 30 18 30
12 0 12 1
12 3 13 3
12 4 14 4
12 7 12 10
12 7 13 7
12 10 12 13
12 18 12 21
12 21 12 24
12 24 14 24
12 29 22 29
13 5 16 5
13 7 15 7
14 4 15 4
14 10 14 15
14 15 14 17
14 15 15 15
14 17 15 17
15 7 15 8
15 7 17 7
15 10 16 10
15 17 15 25
15 25 17 25
16 10 16 13
16 10 20 10
16 13 16 17
16 31 16 32
16 31 18 31
17 2 17 7
17 7 18 7
17 11 24 11
17 16 17 23
17 24 17 25
17 25 18 25
17 26 19 26
18 5 21 5
18 7 19 7
18 12 19 12
18 13 18 15
18 13 22 13
18 15 18 23
18 23 18 25
18 23 21 23
18 25 22 25
19 1 21 1
19 7 23 7
19 14 19 17
19 17 19 18
19 17 20 17
19 19 21 19
19 22 22 22
19 24 21 24
19 26 20 26
20 6 21 6
20 10 24 10
20 20 26 20
21 1 25 1
21 5 21 6
21 6 23 6
21 12 23 12
21 18 21 19
22 13 22 18
22 13 25 13
22 18 22 19
22 25 22 29
23 21 25 21
23 29 23 30
24 6 24 10
24 6 25 6
25 1 25 6
25 6 26 6
25 7 25 13
25 13 25 14
25 15 25 18
25 15 27 15
25 18 25 19
25 19 29 19
25 21 25 27
25 27 25 28
25 27 30 27
26 5 26 6
26 5 29 5
26 6 26 9
26 6 27 6
26 9 26 12
26 12 27 12
26 18 28 18
26 20 26 24
26 20 32 20
26 26 27 26
27 12 27 13
27 13 28 13
27 25 32 25
27 26 28 26
27 31 29 31
28 3 32 3
28 7 28 13
28 13 28 15
28 15 28 18
28 18 32 18
28 28 28 29
29 5 29 11
29 5 31 5
29 11 29 14
29 30 29 31
29 30 30 30
30 7 30 9
30 9 30 13
30 9 31 9
30 30 30 32
30 30 31 30
31 5 31 7
31 10 31 14
31 28 31 30
31 28 32 28
32 3 32 10
32 10 32 18
32 19 32 20
32 24 32 25
81
7 26 7 27
7 12 8 12
25 10 24 10
9 22 9 21
32 32 31 32
16 4 15 4
2 15 1 15
16 25 15 25
31 6 31 5
1 15 1 16
22 6 21 6
4 19 5 19
1 28 1 29
28 28 27 28
19 23 19 22
20 5 20 6
17 6 17 7
9 25 9 24
27 28 28 28
4 31 4 32
31 13 30 13
8 12 8 11
9 11 9 12
10 9 9 9
28 5 28 6
23 25 22 25
17 13 16 13
1 11 0 11
6 15 5 15
31 20 32 20
31 19 31 18
22 2 22 3
31 18 32 18
20 29 20 30
30 13 30 12
18 16 17 16
6 13 5 13
4 15 4 16
24 19 25 19
3 31 4 31
20 30 20 31
9 30 10 30
22 12 22 13
13 5 14 5
30 19 31 19
8 4 9 4
25 9 26 9
12 13 11 13
19 11 20 11
8 9 8 10
21 22 21 23
22 18 21 18
8 30 9 30
30 5 30 6
15 32 16 32
14 5 13 5
26 13 27 13
4 16 4 15
5 29 4 29
29 0 30 0
19 15 18 15
30 12 30 13
1 26 0 26
3 6 4 6
20 11 20 10
29 32 30 32
7 27 7 28
11 2 11 1
1 10 1 11
26 14 25 14
24 21 23 21
14 7 14 6
11 13 12 13
31 15 31 14
9 24 10 24
31 32 32 32
23 18 22 18
30 27 29 27
8 25 9 25
32 28 32 27
32 27 32 28
190
0 0 0 7
0 7 0 10
0 10 4 10
0 11 0 13
0 11 1 11
0 13 0 15
0 13 5 13
0 15 0 18
0 15 4 15
0 23 0 26
0 26 0 30
0 30 1 30
1 11 4 11
1 16 1 20
1 20 1 21
1 20 3 20
1 32 4 32
2 3 2 7
2 14 9 14
2 26 2 29
2 29 2 31
3 18 3 20
3 21 4 21
4 4 5 4
4 6 4 10
4 10 7 10
4 15 4 18
4 15 5 15
4 18 4 21
4 21 4 26
4 26 4 29
4 29 4 31
4 31 16 31
5 0 5 4
5 0 7 0
5 7 6 7
5 13 9 13
5 15 5 16
5 15 14 15
5 18 5 19
5 19 5 27
5 27 12 27
6 9 7 9
6 26 8 26
7 0 7 9
7 0 8 0
7 10 8 10
7 28 7 29
8 1 8 10
8 10 8 11
8 10 11 10
8 20 8 23
8 26 10 26
9 7 12 7
9 12 9 13
9 13 9 14
9 14 13 14
9 23 9 25
9 23 11 23
9 25 15 25
9 30 10 30
9 32 14 32
10 1 10 6
10 6 13 6
10 19 10 21
10 24 12 24
10 26 11 26
10 29 10 30
10 29 12 29
11 10 12 10
11 30 18 30
12 0 12 1
12 3 13 3
12 4 14 4
12 7 12 10
12 7 13 7
12 10 12 13
12 18 12 21
12 21 12 24
12 24 14 24
12 29 22 29
13 5 16 5
13 7 15 7
14 4 15 4
14 10 14 15
14 15 14 17
14 15 15 15
14 17 15 17
15 7 15 8
15 7 17 7
15 10 16 10
15 17 15 25
15 25 17 25
16 10 16 13
16 10 20 10
16 13 16 17
16 31 16 32
16 31 18 31
17 2 17 7
17 7 18 7
17 11 24 11
17 16 17 23
17 24 17 25
17 25 18 25
17 26 19 26
18 5 21 5
18 7 19 7
18 12 19 12
18 13 18 15
18 13 22 13
18 15 18 23
18 23 18 25
18 23 21 23
18 25 22 25
19 1 21 1
19 7 23 7
19 14 19 17
19 17 19 18
19 17 20 17
19 19 21 19
19 22 22 22
19 24 21 24
19 26 20 26
20 6 21 6
20 10 24 10
20 20 26 20
21 1 25 1
21 5 21 6
21 6 23 6
21 12 23 12
21 18 21 19
22 13 22 18
22 13 25 13
22 18 22 19
22 25 22 29
23 21 25 21
23 29 23 30
24 6 24 10
24 6 25 6
25 1 25 6
25 6 26 6
25 7 25 13
25 13 25 14
25 15 25 18
25 15 27 15
25 18 25 19
25 19 29 19
25 21 25 27
25 27 25 28
25 27 29 27
26 5 26 6
26 5 29 5
26 6 26 9
26 6 27 6
26 9 26 12
26 12 27 12
26 18 28 18
26 20 26 24
26 20 32 20
26 26 27 26
27 12 27 13
27 13 28 13
27 25 32 25
27 26 28 26
27 31 29 31
28 3 32 3
28 7 28 13
28 13 28 15
28 15 28 18
28 18 32 18
28 28 28 29
29 5 29 11
29 5 31 5
29 11 29 14
29 30 29 31
29 30 30 30
30 7 30 9
30 9 30 13
30 9 31 9
30 26 30 30
30 30 30 32
30 30 31 30
31 5 31 7
31 10 31 14
31 28 31 30
31 28 32 28
32 3 32 10
32 10 32 18
32 19 32 20
32 24 32 25
84
7 26 7 27
7 12 8 12
25 10 24 10
9 22 9 21
32 32 31 32
16 4 15 4
2 15 1 15
16 25 15 25
31 6 31 5
1 15 1 16
22 6 21 6
4 19 5 19
1 28 1 29
28 28 27 28
19 23 19 22
20 5 20 6
17 6 17 7
9 25 9 24
27 28 28 28
4 31 4 32
31 13 30 13
8 12 8 11
9 11 9 12
10 9 9 9
28 5 28 6
23 25 22 25
17 13 16 13
1 11 0 11
6 15 5 15
31 20 32 20
31 19 31 18
22 2 22 3
31 18 32 18
20 29 20 30
30 13 30 12
18 16 17 16
6 13 5 13
4 15 4 16
24 19 25 19
3 31 4 31
20 30 20 31
9 30 10 30
22 12 22 13
13 5 14 5
30 19 31 19
8 4 9 4
25 9 26 9
12 13 11 13
19 11 20 11
8 9 8 10
21 22 21 23
22 18 21 18
8 30 9 30
30 5 30 6
15 32 16 32
14 5 13 5
26 13 27 13
4 16 4 15
5 29 4 29
29 0 30 0
19 15 18 15
30 12 30 13
1 26 0 26
3 6 4 6
20 11 20 10
29 32 30 32
7 27 7 28
11 2 11 1
1 10 1 11
26 14 25 14
24 21 23 21
14 7 14 6
11 13 12 13
31 15 31 14
9 24 10 24
31 32 32 32
23 18 22 18
30 27 29 27
8 25 9 25
32 28 32 27
32 27 32 28
30 24 31 24
22 13 22 14
21 26 22 26
192
0 0 0 7
0 7 0 10
0 10 4 10
0 11 0 13
0 11 1 11
0 13 0 15
0 13 5 13
0 15 0 18
0 15 4 15
0 23 0 26
0 26 0 30
0 30 1 30
1 11 4 11
1 16 1 20
1 20 1 21
1 20 3 20
1 32 4 32
2 3 2 7
2 14 9 14
2 26 2 29
2 29 2 31
3 18 3 20
3 21 4 21
4 4 5 4
4 6 4 10
4 10 7 10
4 15 4 18
4 15 5 15
4 18 4 21
4 21 4 26
4 26 4 29
4 29 4 31
4 31 16 31
5 0 5 4
5 0 7 0
5 7 6 7
5 13 9 13
5 15 5 16
5 15 14 15
5 18 5 19
5 19 5 27
5 27 12 27
6 9 7 9
6 26 8 26
7 0 7 9
7 0 8 0
7 10 8 10
7 28 7 29
8 1 8 10
8 10 8 11
8 10 11 10
8 20 8 23
8 26 10 26
9 7 12 7
9 12 9 13
9 13 9 14
9 14 13 14
9 23 9 25
9 23 11 23
9 25 15 25
9 30 10 30
9 32 14 32
10 1 10 6
10 6 13 6
10 19 10 21
10 24 12 24
10 26 11 26
10 29 10 30
10 29 12 29
11 10 12 10
11 30 18 30
12 0 12 1
12 3 13 3
12 4 14 4
12 7 12 10
12 7 13 7
12 10 12 13
12 18 12 21
12 21 12 24
12 24 14 24
12 29 22 29
13 5 16 5
13 7 15 7
14 4 15 4
14 10 14 15
14 15 14 17
14 15 15 15
14 17 15 17
15 7 15 8
15 7 17 7
15 10 16 10
15 17 15 25
15 25 17 25
16 10 16 13
16 10 20 10
16 13 16 17
16 31 16 32
16 31 18 31
17 2 17 7
17 7 18 7
17 11 24 11
17 16 17 23
17 24 17 25
17 25 18 25
17 26 19 26
18 5 21 5
18 7 19 7
18 12 19 12
18 13 18 15
18 13 25 13
18 15 18 23
18 23 18 25
18 23 21 23
18 25 22 25
19 1 21 1
19 7 23 7
19 14 19 17
19 17 19 18
19 17 20 17
19 19 21 19
19 22 22 22
19 24 21 24
19 26 20 26
20 6 21 6
20 10 24 10
20 20 26 20
21 1 25 1
21 5 21 6
21 6 23 6
21 12 23 12
21 18 21 19
22 14 22 18
22 14 25 14
22 18 22 19
22 25 22 26
22 26 22 29
23 21 25 21
23 29 23 30
24 6 24 10
24 6 25 6
25 1 25 6
25 6 26 6
25 7 25 13
25 13 25 14
25 15 25 18
25 15 27 15
25 18 25 19
25 19 29 19
25 21 25 27
25 27 25 28
25 27 29 27
26 5 26 6
26 5 29 5
26 6 26 9
26 6 27 6
26 9 26 12
26 12 27 12
26 18 28 18
26 20 26 24
26 20 32 20
26 26 27 26
27 12 27 13
27 13 28 13
27 25 32 25
27 26 28 26
27 31 29 31
28 3 32 3
28 7 28 13
28 13 28 15
28 15 28 18
28 18 32 18
28 28 28 29
29 5 29 11
29 5 31 5
29 11 29 14
29 30 29 31
29 30 30 30
30 7 30 9
30 9 30 13
30 9 31 9
30 26 30 30
30 30 30 32
30 30 31 30
31 5 31 7
31 10 31 14
31 21 31 24
31 28 31 30
31 28 32 28
32 3 32 10
32 10 32 18
32 19 32 20
32 24 32 25
87
7 26 7 27
7 12 8 12
25 10 24 10
9 22 9 21
32 32 31 32
16 4 15 4
2 15 1 15
16 25 15 25
31 6 31 5
1 15 1 16
22 6 21 6
4 19 5 19
1 28 1 29
28 28 27 28
19 23 19 22
20 5 20 6
17 6 17 7
9 25 9 24
27 28 28 28
4 31 4 32
31 13 30 13
8 12 8 11
9 11 9 12
10 9 9 9
28 5 28 6
23 25 22 25
17 13 16 13
1 11 0 11
6 15 5 15
31 20 32 20
31 19 31 18
22 2 22 3
31 18 32 18
20 29 20 30
30 13 30 12
18 16 17 16
6 13 5 13
4 15 4 16
24 19 25 19
3 31 4 31
20 30 20 31
9 30 10 30
22 12 22 13
13 5 14 5
30 19 31 19
8 4 9 4
25 9 26 9
12 13 11 13
19 11 20 11
8 9 8 10
21 22 21 23
22 18 21 18
8 30 9 30
30 5 30 6
15 32 16 32
14 5 13 5
26 13 27 13
4 16 4 15
5 29 4 29
29 0 30 0
19 15 18 15
30 12 30 13
1 26 0 26
3 6 4 6
20 11 20 10
29 32 30 32
7 27 7 28
11 2 11 1
1 10 1 11
26 14 25 14
24 21 23 21
14 7 14 6
11 13 12 13
31 15 31 14
9 24 10 24
31 32 32 32
23 18 22 18
30 27 29 27
8 25 9 25
32 28 32 27
32 27 32 28
30 24 31 24
22 13 22 14
21 26 22 26
31 1 31 0
29 2 29 3
18 31 18 32
194
0 0 0 7
0 7 0 10
0 10 4 10
0 11 0 13
0 11 1 11
0 13 0 15
0 13 5 13
0 15 0 18
0 15 4 15
0 23 0 26
0 26 0 30
0 30 1 30
1 11 4 11
1 16 1 20
1 20 1 21
1 20 3 20
1 32 4 32
2 3 2 7
2 14 9 14
2 26 2 29
2 29 2 31
3 18 3 20
3 21 4 21
4 4 5 4
4 6 4 10
4 10 7 10
4 15 4 18
4 15 5 15
4 18 4 21
4 21 4 26
4 26 4 29
4 29 4 31
4 31 16 31
5 0 5 4
5 0 7 0
5 7 6 7
5 13 9 13
5 15 5 16
5 15 14 15
5 18 5 19
5 19 5 27
5 27 12 27
6 9 7 9
6 26 8 26
7 0 7 9
7 0 8 0
7 10 8 10
7 28 7 29
8 1 8 10
8 10 8 11
8 10 11 10
8 20 8 23
8 26 10 26
9 7 12 7
9 12 9 13
9 13 9 14
9 14 13 14
9 23 9 25
9 23 11 23
9 25 15 25
9 30 10 30
9 32 14 32
10 1 10 6
10 6 13 6
10 19 10 21
10 24 12 24
10 26 11 26
10 29 10 30
10 29 12 29
11 10 12 10
11 30 18 30
12 0 12 1
12 3 13 3
12 4 14 4
12 7 12 10
12 7 13 7
12 10 12 13
12 18 12 21
12 21 12 24
12 24 14 24
12 29 22 29
13 5 16 5
13 7 15 7
14 4 15 4
14 10 14 15
14 15 14 17
14 15 15 15
14 17 15 17
15 7 15 8
15 7 17 7
15 10 16 10
15 17 15 25
15 25 17 25
16 10 16 13
16 10 20 10
16 13 16 17
16 31 16 32
16 32 18 32
17 2 17 7
17 7 18 7
17 11 24 11
17 16 17 23
17 24 17 25
17 25 18 25
17 26 19 26
18 5 21 5
18 7 19 7
18 12 19 12
18 13 18 15
18 13 25 13
18 15 18 23
18 23 18 25
18 23 21 23
18 25 22 25
19 1 21 1
19 7 23 7
19 14 19 17
19 17 19 18
19 17 20 17
19 19 21 19
19 22 22 22
19 24 21 24
19 26 20 26
20 6 21 6
20 10 24 10
20 20 26 20
21 1 25 1
21 5 21 6
21 6 23 6
21 12 23 12
21 18 21 19
22 14 22 18
22 14 25 14
22 18 22 19
22 25 22 26
22 26 22 29
23 21 25 21
23 29 23 30
24 6 24 10
24 6 25 6
25 1 25 6
25 6 26 6
25 7 25 13
25 13 25 14
25 15 25 18
25 15 27 15
25 18 25 19
25 19 29 19
25 21 25 27
25 27 25 28
25 27 29 27
26 5 26 6
26 5 29 5
26 6 26 9
26 6 27 6
26 9 26 12
26 12 27 12
26 18 28 18
26 20 26 24
26 20 32 20
26 26 27 26
27 12 27 13
27 13 28 13
27 25 32 25
27 26 28 26
27 31 29 31
28 3 29 3
28 7 28 13
28 13 28 15
28 15 28 18
28 18 32 18
28 28 28 29
29 3 32 3
29 5 29 11
29 5 31 5
29 11 29 14
29 30 29 31
29 30 30 30
30 0 31 0
30 7 30 9
30 9 30 13
30 9 31 9
30 26 30 30
30 30 30 32
30 30 31 30
31 5 31 7
31 10 31 14
31 21 31 24
31 28 31 30
31 28 32 28
32 3 32 10
32 10 32 18
32 19 32 20
32 24 32 25
91
7 26 7 27
7 12 8 12
25 10 24 10
9 22 9 21
32 32 31 32
16 4 15 4
2 15 1 15
16 25 15 25
31 6 31 5
1 15 1 16
22 6 21 6
4 19 5 19
1 28 1 29
28 28 27 28
19 23 19 22
20 5 20 6
17 6 17 7
9 25 9 24
27 28 28 28
4 31 4 32
31 13 30 13
8 12 8 11
9 11 9 12
10 9 9 9
28 5 28 6
23 25 22 25
17 13 16 13
1 11 0 11
6 15 5 15
31 20 32 20
31 19 31 18
22 2 22 3
31 18 32 18
20 29 20 30
30 13 30 12
18 16 17 16
6 13 5 13
4 15 4 16
24 19 25 19
3 31 4 31
20 30 20 31
9 30 10 30
22 12 22 13
13 5 14 5
30 19 31 19
8 4 9 4
25 9 26 9
12 13 11 13
19 11 20 11
8 9 8 10
21 22 21 23
22 18 21 18
8 30 9 30
30 5 30 6
15 32 16 32
14 5 13 5
26 13 27 13
4 16 4 15
5 29 4 29
29 0 30 0
19 15 18 15
30 12 30 13
1 26 0 26
3 6 4 6
20 11 20 10
29 32 30 32
7 27 7 28
11 2 11 1
1 10 1 11
26 14 25 14
24 21 23 21
14 7 14 6
11 13 12 13
31 15 31 14
9 24 10 24
31 32 32 32
23 18 22 18
30 27 29 27
8 25 9 25
32 28 32 27
32 27 32 28
30 24 31 24
22 13 22 14
21 26 22 26
31 1 31 0
29 2 29 3
18 31 18 32
28 28 28 27
4 10 3 10
24 11 25 11
19 28 18 28
193
0 0 0 7
0 7 0 10
0 10 3 10
0 11 0 13
0 11 1 11
0 13 0 15
0 13 5 13
0 15 0 18
0 15 4 15
0 23 0 26
0 26 0 30
0 30 1 30
1 11 4 11
1 16 1 20
1 20 1 21
1 20 3 20
1 32 4 32
2 3 2 7
2 14 9 14
2 26 2 29
2 29 2 31
3 10 7 10
3 18 3 20
3 21 4 21
4 4 5 4
4 15 4 18
4 15 5 15
4 18 4 21
4 21 4 26
4 26 4 29
4 29 4 31
4 31 16 31
5 0 5 4
5 0 7 0
5 7 6 7
5 13 9 13
5 15 5 16
5 15 14 15
5 18 5 19
5 19 5 27
5 27 12 27
6 9 7 9
6 26 8 26
7 0 7 9
7 0 8 0
7 10 8 10
7 28 7 29
8 1 8 10
8 10 8 11
8 10 11 10
8 20 8 23
8 26 10 26
9 7 12 7
9 12 9 13
9 13 9 14
9 14 13 14
9 23 9 25
9 23 11 23
9 25 15 25
9 30 10 30
9 32 14 32
10 1 10 6
10 6 13 6
10 19 10 21
10 24 12 24
10 26 11 26
10 29 10 30
10 29 12 29
11 10 12 10
11 30 18 30
12 0 12 1
12 3 13 3
12 4 14 4
12 7 12 10
12 7 13 7
12 10 12 13
12 18 12 21
12 21 12 24
12 24 14 24
12 29 22 29
13 5 16 5
13 7 15 7
14 4 15 4
14 10 14 15
14 15 14 17
14 15 15 15
14 17 15 17
15 7 15 8
15 7 17 7
15 10 16 10
15 17 15 25
15 25 17 25
16 10 16 13
16 10 20 10
16 13 16 17
16 31 16 32
16 32 18 32
17 2 17 7
17 7 18 7
17 11 25 11
17 16 17 23
17 24 17 25
17 25 18 25
17 26 19 26
18 5 21 5
18 7 19 7
18 12 19 12
18 13 18 15
18 13 25 13
18 15 18 23
18 23 18 25
18 23 21 23
18 25 22 25
19 1 21 1
19 7 23 7
19 14 19 17
19 17 19 18
19 17 20 17
19 19 21 19
19 22 22 22
19 24 21 24
19 26 20 26
20 6 21 6
20 10 24 10
20 20 26 20
21 1 25 1
21 5 21 6
21 6 23 6
21 12 23 12
21 18 21 19
22 14 22 18
22 14 25 14
22 18 22 19
22 25 22 26
22 26 22 29
23 21 25 21
23 29 23 30
24 6 24 10
24 6 25 6
25 1 25 6
25 6 26 6
25 7 25 11
25 11 25 13
25 13 25 14
25 15 25 18
25 15 27 15
25 18 25 19
25 19 29 19
25 21 25 27
25 27 25 28
26 5 26 6
26 5 29 5
26 6 26 9
26 6 27 6
26 9 26 12
26 12 27 12
26 18 28 18
26 20 26 24
26 20 32 20
26 26 27 26
27 12 27 13
27 13 28 13
27 25 32 25
27 26 28 26
27 31 29 31
28 3 29 3
28 7 28 13
28 13 28 15
28 15 28 18
28 18 32 18
28 27 28 29
29 3 32 3
29 5 29 11
29 5 31 5
29 11 29 14
29 30 29 31
29 30 30 30
30 0 31 0
30 7 30 9
30 9 30 13
30 9 31 9
30 26 30 30
30 30 30 32
30 30 31 30
31 5 31 7
31 10 31 14
31 21 31 24
31 28 31 30
31 28 32 28
32 3 32 10
32 10 32 18
32 19 32 20
32 24 32 25
93
7 26 7 27
7 12 8 12
25 10 24 10
9 22 9 21
32 32 31 32
16 4 15 4
2 15 1 15
16 25 15 25
31 6 31 5
1 15 1 16
22 6 21 6
4 19 5 19
1 28 1 29
28 28 27 28
19 23 19 22
20 5 20 6
17 6 17 7
9 25 9 24
27 28 28 28
4 31 4 32
31 13 30 13
8 12 8 11
9 11 9 12
10 9 9 9
28 5 28 6
23 25 22 25
17 13 16 13
1 11 0 11
6 15 5 15
31 20 32 20
31 19 31 18
22 2 22 3
31 18 32 18
20 29 20 30
30 13 30 12
18 16 17 16
6 13 5 13
4 15 4 16
24 19 25 19
3 31 4 31
20 30 20 31
9 30 10 30
22 12 22 13
13 5 14 5
30 19 31 19
8 4 9 4
25 9 26 9
12 13 11 13
19 11 20 11
8 9 8 10
21 22 21 23
22 18 21 18
8 30 9 30
30 5 30 6
15 32 16 32
14 5 13 5
26 13 27 13
4 16 4 15
5 29 4 29
29 0 30 0
19 15 18 15
30 12 30 13
1 26 0 26
3 6 4 6
20 11 20 10
29 32 30 32
7 27 7 28
11 2 11 1
1 10 1 11
26 14 25 14
24 21 23 21
14 7 14 6
11 13 12 13
31 15 31 14
9 24 10 24
31 32 32 32
23 18 22 18
30 27 29 27
8 25 9 25
32 28 32 27
32 27 32 28
30 24 31 24
22 13 22 14
21 26 22 26
31 1 31 0
29 2 29 3
18 31 18 32
28 28 28 27
4 10 3 10
24 11 25 11
19 28 18 28
2 14 1 14
22 26 22 27
194
0 0 0 7
0 7 0 10
0 10 3 10
0 11 0 13
0 11 1 11
0 13 0 15
0 13 5 13
0 15 0 18
0 15 4 15
0 23 0 26
0 26 0 30
0 30 1 30
1 11 4 11
1 14 9 14
1 16 1 20
1 20 1 21
1 20 3 20
1 32 4 32
2 3 2 7
2 26 2 29
2 29 2 31
3 10 7 10
3 18 3 20
3 21 4 21
4 4 5 4
4 15 4 18
4 15 5 15
4 18 4 21
4 21 4 26
4 26 4 29
4 29 4 31
4 31 16 31
5 0 5 4
5 0 7 0
5 7 6 7
5 13 9 13
5 15 5 16
5 15 14 15
5 18 5 19
5 19 5 27
5 27 12 27
6 9 7 9
6 26 8 26
7 0 7 9
7 0 8 0
7 10 8 10
7 28 7 29
8 1 8 10
8 10 8 11
8 10 11 10
8 20 8 23
8 26 10 26
9 7 12 7
9 12 9 13
9 13 9 14
9 14 13 14
9 23 9 25
9 23 11 23
9 25 15 25
9 30 10 30
9 32 14 32
10 1 10 6
10 6 13 6
10 19 10 21
10 24 12 24
10 26 11 26
10 29 10 30
10 29 12 29
11 10 12 10
11 30 18 30
12 0 12 1
12 3 13 3
12 4 14 4
12 7 12 10
12 7 13 7
12 10 12 13
12 18 12 21
12 21 12 24
12 24 14 24
12 29 22 29
13 5 16 5
13 7 15 7
14 4 15 4
14 10 14 15
14 15 14 17
14 15 15 15
14 17 15 17
15 7 15 8
15 7 17 7
15 10 16 10
15 17 15 25
15 25 17 25
16 10 16 13
16 10 20 10
16 13 16 17
16 31 16 32
16 32 18 32
17 2 17 7
17 7 18 7
17 11 25 11
17 16 17 23
17 24 17 25
17 25 18 25
17 26 19 26
18 5 21 5
18 7 19 7
18 12 19 12
18 13 18 15
18 13 25 13
18 15 18 23
18 23 18 25
18 23 21 23
18 25 22 25
19 1 21 1
19 7 23 7
19 14 19 17
19 17 19 18
19 17 20 17
19 19 21 19
19 22 22 22
19 24 21 24
19 26 20 26
20 6 21 6
20 10 24 10
20 20 26 20
21 1 25 1
21 5 21 6
21 6 23 6
21 12 23 12
21 18 21 19
22 14 22 18
22 14 25 14
22 18 22 19
22 25 22 27
22 27 22 29
22 27 24 27
23 21 25 21
23 29 23 30
24 6 24 10
24 6 25 6
25 1 25 6
25 6 26 6
25 7 25 11
25 11 25 13
25 13 25 14
25 15 25 18
25 15 27 15
25 18 25 19
25 19 29 19
25 21 25 27
25 27 25 28
26 5 26 6
26 5 29 5
26 6 26 9
26 6 27 6
26 9 26 12
26 12 27 12
26 18 28 18
26 20 26 24
26 20 32 20
26 26 27 26
27 12 27 13
27 13 28 13
27 25 32 25
27 26 28 26
27 31 29 31
28 3 29 3
28 7 28 13
28 13 28 15
28 15 28 18
28 18 32 18
28 27 28 29
29 3 32 3
29 5 29 11
29 5 31 5
29 11 29 14
29 30 29 31
29 30 30 30
30 0 31 0
30 7 30 9
30 9 30 13
30 9 31 9
30 26 30 30
30 30 30 32
30 30 31 30
31 5 31 7
31 10 31 14
31 21 31 24
31 28 31 30
31 28 32 28
32 3 32 10
32 10 32 18
32 19 32 20
32 24 32 25
98
7 26 7 27
7 12 8 12
25 10 24 10
9 22 9 21
32 32 31 32
16 4 15 4
2 15 1 15
16 25 15 25
31 6 31 5
1 15 1 16
22 6 21 6
4 19 5 19
1 28 1 29
28 28 27 28
19 23 19 22
20 5 20 6
17 6 17 7
9 25 9 24
27 28 28 28
4 31 4 32
31 13 30 13
8 12 8 11
9 11 9 12
10 9 9 9
28 5 28 6
23 25 22 25
17 13 16 13
1 11 0 11
6 15 5 15
31 20 32 20
31 19 31 18
22 2 22 3
31 18 32 18
20 29 20 30
30 13 30 12
18 16 17 16
6 13 5 13
4 15 4 16
24 19 25 19
3 31 4 31
20 30 20 31
9 30 10 30
22 12 22 13
13 5 14 5
30 19 31 19
8 4 9 4
25 9 26 9
12 13 11 13
19 11 20 11
8 9 8 10
21 22 21 23
22 18 21 18
8 30 9 30
30 5 30 6
15 32 16 32
14 5 13 5
26 13 27 13
4 16 4 15
5 29 4 29
29 0 30 0
19 15 18 15
30 12 30 13
1 26 0 26
3 6 4 6
20 11 20 10
29 32 30 32
7 27 7 28
11 2 11 1
1 10 1 11
26 14 25 14
24 21 23 21
14 7 14 6
11 13 12 13
31 15 31 14
9 24 10 24
31 32 32 32
23 18 22 18
30 27 29 27
8 25 9 25
32 28 32 27
32 27 32 28
30 24 31 24
22 13 22 14
21 26 22 26
31 1 31 0
29 2 29 3
18 31 18 32
28 28 28 27
4 10 3 10
24 11 25 11
19 28 18 28
2 14 1 14
22 26 22 27
10 6 11 6
2 31 2 32
11 19 11 20
27 15 26 15
17 26 17 27
194
0 0 0 7
0 7 0 10
0 10 3 10
0 11 0 13
0 11 1 11
0 13 0 15
0 13 5 13
0 15 0 18
0 15 4 15
0 23 0 26
0 26 0 30
0 30 1 30
1 11 4 11
1 14 9 14
1 16 1 20
1 20 1 21
1 20 3 20
1 32 2 32
2 3 2 7
2 26 2 29
2 29 2 32
2 32 4 32
3 10 7 10
3 18 3 20
3 21 4 21
4 4 5 4
4 15 4 18
4 15 5 15
4 18 4 21
4 21 4 26
4 26 4 29
4 29 4 31
4 31 16 31
5 0 5 4
5 0 7 0
5 7 6 7
5 13 9 13
5 15 5 16
5 15 14 15
5 18 5 19
5 19 5 27
5 27 12 27
6 9 7 9
6 26 8 26
7 0 7 9
7 0 8 0
7 10 8 10
7 28 7 29
8 1 8 10
8 10 8 11
8 10 11 10
8 20 8 23
8 26 10 26
9 7 12 7
9 12 9 13
9 13 9 14
9 14 13 14
9 23 9 25
9 23 11 23
9 25 15 25
9 30 10 30
9 32 14 32
10 19 10 21
10 19 14 19
10 24 12 24
10 26 11 26
10 29 10 30
10 29 12 29
11 6 13 6
11 10 12 10
11 30 18 30
12 0 12 1
12 3 13 3
12 4 14 4
12 7 12 10
12 7 13 7
12 10 12 13
12 21 12 24
12 24 14 24
12 29 22 29
13 5 16 5
13 7 15 7
14 4 15 4
14 10 14 15
14 15 14 17
14 15 15 15
14 17 15 17
15 7 15 8
15 7 17 7
15 10 16 10
15 17 15 25
15 25 17 25
16 10 16 13
16 10 20 10
16 13 16 17
16 31 16 32
16 32 18 32
17 2 17 7
17 7 18 7
17 11 25 11
17 16 17 23
17 24 17 25
17 25 18 25
18 5 21 5
18 7 19 7
18 12 19 12
18 13 18 15
18 13 25 13
18 15 18 23
18 23 18 25
18 23 21 23
18 25 18 28
18 25 22 25
19 1 21 1
19 7 23 7
19 14 19 17
19 17 19 18
19 17 20 17
19 19 21 19
19 22 22 22
19 24 21 24
19 26 20 26
20 6 21 6
20 10 24 10
20 20 26 20
21 1 25 1
21 5 21 6
21 6 23 6
21 12 23 12
21 18 21 19
22 14 22 18
22 14 25 14
22 18 22 19
22 25 22 27
22 27 22 29
22 27 24 27
23 21 25 21
23 29 23 30
24 6 24 10
24 6 25 6
25 1 25 6
25 6 26 6
25 7 25 11
25 11 25 13
25 13 25 14
25 15 25 18
25 15 26 15
25 18 25 19
25 19 29 19
25 21 25 27
25 27 25 28
26 5 26 6
26 5 29 5
26 6 26 9
26 6 27 6
26 9 26 12
26 12 27 12
26 18 28 18
26 20 26 24
26 20 32 20
26 26 27 26
27 12 27 13
27 13 28 13
27 25 32 25
27 26 28 26
27 31 29 31
28 3 29 3
28 7 28 13
28 13 28 15
28 15 28 18
28 18 32 18
28 27 28 29
29 3 32 3
29 5 29 11
29 5 31 5
29 11 29 14
29 30 29 31
29 30 30 30
30 0 31 0
30 7 30 9
30 9 30 13
30 9 31 9
30 26 30 30
30 30 30 32
30 30 31 30
31 5 31 7
31 10 31 14
31 21 31 24
31 28 31 30
31 28 32 28
32 3 32 10
32 10 32 18
32 19 32 20
32 24 32 25
102
7 26 7 27
7 12 8 12
25 10 24 10
9 22 9 21
32 32 31 32
16 4 15 4
2 15 1 15
16 25 15 25
31 6 31 5
1 15 1 16
22 6 21 6
4 19 5 19
1 28 1 29
28 28 27 28
19 23 19 22
20 5 20 6
17 6 17 7
9 25 9 24
27 28 28 28
4 31 4 32
31 13 30 13
8 12 8 11
9 11 9 12
10 9 9 9
28 5 28 6
23 25 22 25
17 13 16 13
1 11 0 11
6 15 5 15
31 20 32 20
31 19 31 18
22 2 22 3
31 18 32 18
20 29 20 30
30 13 30 12
18 16 17 16
6 13 5 13
4 15 4 16
24 19 25 19
3 31 4 31
20 30 20 31
9 30 10 30
22 12 22 13
13 5 14 5
30 19 31 19
8 4 9 4
25 9 26 9
12 13 11 13
19 11 20 11
8 9 8 10
21 22 21 23
22 18 21 18
8 30 9 30
30 5 30 6
15 32 16 32
14 5 13 5
26 13 27 13
4 16 4 15
5 29 4 29
29 0 30 0
19 15 18 15
30 12 30 13
1 26 0 26
3 6 4 6
20 11 20 10
29 32 30 32
7 27 7 28
11 2 11 1
1 10 1 11
26 14 25 14
24 21 23 21
14 7 14 6
11 13 12 13
31 15 31 14
9 24 10 24
31 32 32 32
23 18 22 18
30 27 29 27
8 25 9 25
32 28 32 27
32 27 32 28
30 24 31 24
22 13 22 14
21 26 22 26
31 1 31 0
29 2 29 3
18 31 18 32
28 28 28 27
4 10 3 10
24 11 25 11
19 28 18 28
2 14 1 14
22 26 22 27
10 6 11 6
2 31 2 32
11 19 11 20
27 15 26 15
17 26 17 27
32 23 31 23
9 29 9 28
16 5 17 5
11 1 11 0
198
0 0 0 7
0 7 0 10
0 10 3 10
0 11 0 13
0 11 1 11
0 13 0 15
0 13 5 13
0 15 0 18
0 15 4 15
0 23 0 26
0 26 0 30
0 30 1 30
1 11 4 11
1 14 9 14
1 16 1 20
1 20 1 21
1 20 3 20
1 32 2 32
2 3 2 7
2 26 2 29
2 29 2 32
2 32 4 32
3 10 7 10
3 18 3 20
3 21 4 21
4 4 5 4
4 15 4 18
4 15 5 15
4 18 4 21
4 21 4 26
4 26 4 29
4 29 4 31
4 31 16 31
5 0 5 4
5 0 7 0
5 7 6 7
5 13 9 13
5 15 5 16
5 15 14 15
5 18 5 19
5 19 5 27
5 27 12 27
6 9 7 9
6 26 8 26
7 0 7 9
7 0 8 0
7 10 8 10
7 28 7 29
8 1 8 10
8 10 8 11
8 10 11 10
8 20 8 23
8 26 10 26
9 7 12 7
9 12 9 13
9 13 9 14
9 14 13 14
9 23 9 25
9 23 11 23
9 25 15 25
9 30 10 30
9 32 14 32
10 1 12 1
10 19 10 21
10 19 14 19
10 24 12 24
10 26 11 26
10 29 10 30
10 29 12 29
11 6 13 6
11 10 12 10
11 30 18 30
12 0 12 1
12 3 13 3
12 4 14 4
12 7 12 10
12 7 13 7
12 10 12 13
12 21 12 24
12 24 14 24
12 29 22 29
13 5 17 5
13 7 15 7
14 4 15 4
14 10 14 15
14 15 14 17
14 15 15 15
14 17 15 17
15 7 15 8
15 7 17 7
15 10 16 10
15 17 15 25
15 25 17 25
16 10 16 13
16 10 20 10
16 13 16 17
16 31 16 32
16 32 18 32
17 2 17 5
17 5 17 7
17 7 18 7
17 11 25 11
17 16 17 23
17 24 17 25
17 25 18 25
18 5 21 5
18 7 19 7
18 12 19 12
18 13 18 15
18 13 25 13
18 15 18 23
18 23 18 25
18 23 21 23
18 25 18 28
18 25 22 25
19 1 21 1
19 7 23 7
19 14 19 17
19 17 19 18
19 17 20 17
19 19 21 19
19 22 22 22
19 24 21 24
19 26 20 26
20 6 21 6
20 10 24 10
20 20 26 20
21 1 25 1
21 5 21 6
21 6 23 6
21 12 23 12
21 18 21 19
22 14 22 18
22 14 25 14
22 18 22 19
22 25 22 27
22 27 22 29
22 27 24 27
23 21 25 21
23 29 23 30
24 6 24 10
24 6 25 6
25 1 25 6
25 6 26 6
25 7 25 11
25 11 25 13
25 13 25 14
25 15 25 18
25 15 26 15
25 18 25 19
25 19 29 19
25 21 25 27
25 27 25 28
26 5 26 6
26 5 29 5
26 6 26 9
26 6 27 6
26 9 26 12
26 12 27 12
26 18 28 18
26 20 26 24
26 20 32 20
26 26 27 26
27 12 27 13
27 13 28 13
27 25 32 25
27 26 28 26
27 31 29 31
28 3 29 3
28 7 28 13
28 13 28 15
28 15 28 18
28 18 32 18
28 27 28 29
29 3 32 3
29 5 29 11
29 5 31 5
29 11 29 14
29 30 29 31
29 30 30 30
30 0 31 0
30 7 30 9
30 9 30 13
30 9 31 9
30 26 30 30
30 30 30 32
30 30 31 30
31 5 31 7
31 10 31 14
31 21 31 23
31 23 31 24
31 28 31 30
31 28 32 28
32 3 32 10
32 10 32 18
32 19 32 20
32 20 32 24
32 24 32 25
102
7 26 7 27
7 12 8 12
25 10 24 10
9 22 9 21
32 32 31 32
16 4 15 4
2 15 1 15
16 25 15 25
31 6 31 5
1 15 1 16
22 6 21 6
4 19 5 19
1 28 1 29
28 28 27 28
19 23 19 22
20 5 20 6
17 6 17 7
9 25 9 24
27 28 28 28
4 31 4 32
31 13 30 13
8 12 8 11
9 11 9 12
10 9 9 9
28 5 28 6
23 25 22 25
17 13 16 13
1 11 0 11
6 15 5 15
31 20 32 20
31 19 31 18
22 2 22 3
31 18 32 18
20 29 20 30
30 13 30 12
18 16 17 16
6 13 5 13
4 15 4 16
24 19 25 19
3 31 4 31
20 30 20 31
9 30 10 30
22 12 22 13
13 5 14 5
30 19 31 19
8 4 9 4
25 9 26 9
12 13 11 13
19 11 20 11
8 9 8 10
21 22 21 23
22 18 21 18
8 30 9 30
30 5 30 6
15 32 16 32
14 5 13 5
26 13 27 13
4 16 4 15
5 29 4 29
29 0 30 0
19 15 18 15
30 12 30 13
1 26 0 26
3 6 4 6
20 11 20 10
29 32 30 32
7 27 7 28
11 2 11 1
1 10 1 11
26 14 25 14
24 21 23 21
14 7 14 6
11 13 12 13
31 15 31 14
9 24 10 24
31 32 32 32
23 18 22 18
30 27 29 27
8 25 9 25
32 28 32 27
32 27 32 28
30 24 31 24
22 13 22 14
21 26 22 26
31 1 31 0
29 2 29 3
18 31 18 32
28 28 28 27
4 10 3 10
24 11 25 11
19 28 18 28
2 14 1 14
22 26 22 27
10 6 11 6
2 31 2 32
11 19 11 20
27 15 26 15
17 26 17 27
32 23 31 23
9 29 9 28
16 5 17 5
11 1 11 0
198
0 0 0 7
0 7 0 10
0 10 3 10
0 11 0 13
0 11 1 11
0 13 0 15
0 13 5 13
0 15 0 18
0 15 4 15
0 23 0 26
0 26 0 30
0 30 1 30
1 11 4 11
1 14 9 14
1 16 1 20
1 20 1 21
1 20 3 20
1 32 2 32
2 3 2 7
2 26 2 29
2 29 2 32
2 32 4 32
3 10 7 10
3 18 3 20
3 21 4 21
4 4 5 4
4 15 4 18
4 15 5 15
4 18 4 21
4 21 4 26
4 26 4 29
4 29 4 31
4 31 16 31
5 0 5 4
5 0 7 0
5 7 6 7
5 13 9 13
5 15 5 16
5 15 14 15
5 18 5 19
5 19 5 27
5 27 12 27
6 9 7 9
6 26 8 26
7 0 7 9
7 0 8 0
7 10 8 10
7 28 7 29
8 1 8 10
8 10 8 11
8 10 11 10
8 20 8 23
8 26 10 26
9 7 12 7
9 12 9 13
9 13 9 14
9 14 13 14
9 23 9 25
9 23 11 23
9 25 15 25
9 30 10 30
9 32 14 32
10 1 12 1
10 19 10 21
10 19 14 19
10 24 12 24
10 26 11 26
10 29 10 30
10 29 12 29
11 6 13 6
11 10 12 10
11 30 18 30
12 0 12 1
12 3 13 3
12 4 14 4
12 7 12 10
12 7 13 7
12 10 12 13
12 21 12 24
12 24 14 24
12 29 22 29
13 5 17 5
13 7 15 7
14 4 15 4
14 10 14 15
14 15 14 17
14 15 15 15
14 17 15 17
15 7 15 8
15 7 17 7
15 10 16 10
15 17 15 25
15 25 17 25
16 10 16 13
16 10 20 10
16 13 16 17
16 31 16 32
16 32 18 32
17 2 17 5
17 5 17 7
17 7 18 7
17 11 25 11
17 16 17 23
17 24 17 25
17 25 18 25
18 5 21 5
18 7 19 7
18 12 19 12
18 13 18 15
18 13 25 13
18 15 18 23
18 23 18 25
18 23 21 23
18 25 18 28
18 25 22 25
19 1 21 1
19 7 23 7
19 14 19 17
19 17 19 18
19 17 20 17
19 19 21 19
19 22 22 22
19 24 21 24
19 26 20 26
20 6 21 6
20 10 24 10
20 20 26 20
21 1 25 1
21 5 21 6
21 6 23 6
21 12 23 12
21 18 21 19
22 14 22 18
22 14 25 14
22 18 22 19
22 25 22 27
22 27 22 29
22 27 24 27
23 21 25 21
23 29 23 30
24 6 24 10
24 6 25 6
25 1 25 6
25 6 26 6
25 7 25 11
25 11 25 13
25 13 25 14
25 15 25 18
25 15 26 15
25 18 25 19
25 19 29 19
25 21 25 27
25 27 25 28
26 5 26 6
26 5 29 5
26 6 26 9
26 6 27 6
26 9 26 12
26 12 27 12
26 18 28 18
26 20 26 24
26 20 32 20
26 26 27 26
27 12 27 13
27 13 28 13
27 25 32 25
27 26 28 26
27 31 29 31
28 3 29 3
28 7 28 13
28 13 28 15
28 15 28 18
28 18 32 18
28 27 28 29
29 3 32 3
29 5 29 11
29 5 31 5
29 11 29 14
29 30 29 31
29 30 30 30
30 0 31 0
30 7 30 9
30 9 30 13
30 9 31 9
30 26 30 30
30 30 30 32
30 30 31 30
31 5 31 7
31 10 31 14
31 21 31 23
31 23 31 24
31 28 31 30
31 28 32 28
32 3 32 10
32 10 32 18
32 19 32 20
32 20 32 24
32 24 32 25
