q 39 0 2 1 6 1 9 1 10 1 11 2 1 2 5 2 10 3 6 3 7 4 0 4 7 5 1 6 3 6 4 6 5 6 7 6 9 7 4 7 8 7 12 8 4 8 12 9 2 9 3 9 8 9 11 10 2 10 4 10 5 10 9 10 11 11 3 11 5 11 12 12 0 12 1 12 3 12 10
#0.0005020078159584874
#c 0 2 red
#c 2 7 red
q 44 0 4 0 11 0 12 1 0 1 3 1 6 1 11 2 0 2 10 3 5 3 8 3 11 4 5 4 7 4 11 5 0 5 2 6 1 6 3 6 7 6 9 6 10 7 6 7 9 7 12 8 1 8 2 8 5 8 8 9 3 9 5 9 6 10 1 10 6 10 10 10 12 11 0 11 8 11 9 12 0 12 2 12 4 12 6 12 9
#0.0006933755881979736
#c 2 2 red
#c 2 0 red
q 52 0 0 0 1 0 2 0 6 0 7 0 8 0 10 0 11 1 5 1 9 1 10 1 12 2 6 2 7 2 8 2 11 2 12 3 5 3 6 3 7 4 3 4 4 4 9 4 10 4 12 5 2 5 4 5 5 5 7 5 9 6 0 6 1 6 2 6 6 7 0 7 6 7 8 8 0 8 8 8 10 9 5 10 0 10 1 10 4 10 5 10 6 11 5 11 6 11 9 12 1 12 4 12 6
#0.0007083534335075988
#c 2 2 red
#c 1 5 red
q 44 0 0 0 3 0 4 0 5 0 8 1 0 1 2 1 8 2 10 2 11 2 12 3 4 3 8 4 1 4 5 4 8 4 9 5 9 5 10 5 11 5 12 6 3 6 8 6 12 7 1 7 2 7 8 7 11 8 6 8 10 9 2 9 4 9 11 10 6 10 8 11 0 11 2 11 11 11 12 12 3 12 4 12 8 12 10 12 11
#0.0007733172220400337
#c 0 1 red
#c 2 7 red
q 45 0 0 0 1 0 3 1 2 1 3 1 4 1 6 1 7 1 10 2 2 2 10 3 2 3 9 3 11 4 0 4 1 4 2 4 8 4 9 4 11 5 3 5 4 5 5 6 9 6 12 7 3 8 2 9 1 9 5 9 6 9 10 9 12 10 3 10 5 10 6 10 9 10 11 11 3 11 4 11 8 11 9 11 12 12 5 12 6 12 11
#0.000775630150051856
#c 2 2 red
#c 1 5 red
q 47 0 0 0 3 0 6 0 7 1 3 1 4 2 5 2 9 2 11 3 3 3 6 3 7 3 9 4 0 4 3 4 12 5 0 5 1 5 2 5 3 5 6 5 8 6 0 6 1 6 6 7 4 7 10 7 11 8 1 8 6 9 2 9 4 9 6 9 8 9 9 10 1 10 6 10 11 11 0 11 5 11 8 11 11 12 1 12 7 12 8 12 9 12 12
#0.0007339073557568819
#c 2 2 red
#c 1 5 red
q 39 0 2 0 6 0 10 0 12 1 4 1 11 2 3 3 0 3 7 3 12 4 3 4 6 4 7 4 9 4 10 5 4 5 5 5 7 6 0 6 6 7 8 7 9 7 11 8 1 8 2 8 5 9 2 9 3 9 4 9 6 10 2 10 4 10 10 10 11 11 1 11 2 11 10 12 3 12 7
#0.0007298527956561057
#c 2 2 red
#c 1 5 red
q 37 0 3 0 4 0 5 0 8 1 6 2 3 2 7 2 9 3 0 3 4 3 5 3 6 3 11 3 12 4 2 4 4 5 5 5 12 6 3 6 12 7 0 7 1 7 11 7 12 8 7 8 10 9 7 10 7 10 12 11 2 11 9 11 11 11 12 12 5 12 7 12 8 12 12
#0.0007661523492595844
#c 0 2 red
#c 2 7 red
q 54 0 4 0 7 0 12 1 0 1 3 1 4 1 6 1 9 2 1 2 2 2 7 2 8 2 11 3 11 4 0 4 2 4 5 4 7 4 10 4 12 5 0 5 1 5 3 6 0 6 5 6 10 6 11 6 12 7 8 7 10 7 12 8 0 8 7 8 10 9 1 9 5 9 9 9 10 9 12 10 0 10 1 10 3 10 4 10 5 10 7 10 12 11 3 11 4 11 6 11 8 11 10 12 4 12 10 12 11
#0.0007865528323594113
#c 0 2 red
#c 2 7 red
q 38 0 4 0 7 0 11 0 12 1 3 1 7 1 12 2 0 2 9 2 11 3 4 3 7 3 8 4 0 4 2 4 3 4 4 4 8 5 4 5 12 6 1 6 3 6 4 6 8 6 10 7 3 8 6 8 11 8 12 9 0 9 1 9 3 9 4 10 4 11 6 11 11 12 0 12 6
#0.000773843464272901
#c 0 2 red
#c 2 7 red
q 38 0 2 0 3 0 7 0 8 0 9 0 10 1 6 2 6 2 11 3 1 3 4 3 7 3 10 4 1 4 9 5 0 5 1 5 8 5 9 6 3 6 12 7 6 7 7 7 8 8 0 8 2 8 3 8 8 9 5 9 11 10 7 10 9 11 2 11 6 11 9 11 10 12 5 12 8
#0.000814277867515168
#c 0 2 red
#c 2 7 red
q 48 0 2 0 3 0 4 0 5 1 1 1 6 1 8 1 10 1 11 2 0 2 2 2 4 2 5 2 10 2 12 3 6 3 7 3 10 4 0 4 4 4 10 4 11 4 12 5 0 5 2 5 3 5 12 6 7 6 10 7 1 7 2 7 7 7 8 7 9 8 3 8 5 8 7 9 9 9 10 10 1 10 2 10 4 10 5 10 6 11 12 12 0 12 5 12 7
#0.0008314148840443461
#c 0 2 red
#c 2 7 red
q 47 0 3 0 5 0 7 0 10 0 12 1 2 1 6 1 7 1 10 1 11 2 12 3 1 3 3 3 9 4 2 4 6 4 7 5 4 5 9 6 2 6 10 7 0 7 1 7 2 7 3 7 4 7 5 7 7 7 8 7 11 8 1 9 2 9 5 9 9 9 10 9 12 10 0 10 2 10 4 10 6 11 0 11 7 12 3 12 4 12 5 12 10 12 11
#0.0008552084260088776
#c 2 0 red
#c 4 6 red
q 37 0 1 0 6 1 2 1 4 1 5 1 8 2 0 2 3 2 4 2 12 3 5 3 8 4 5 4 10 6 1 6 7 7 0 7 2 7 6 7 7 7 10 7 11 8 0 9 6 9 7 9 12 10 0 10 4 10 5 10 6 10 11 10 12 11 3 11 9 12 1 12 9 12 11
#0.0008860272416180956
#c 2 0 red
#c 4 6 red
q 47 0 4 1 0 1 6 1 8 1 12 2 2 2 4 3 1 3 9 3 10 3 11 4 11 5 0 5 1 5 3 5 5 5 10 6 0 6 1 6 2 6 6 7 0 7 6 7 7 7 9 8 0 8 3 8 5 8 8 8 11 9 1 9 2 9 3 9 10 10 0 10 2 10 7 10 11 10 12 11 1 11 6 11 9 11 11 12 0 12 4 12 5 12 9
#0.0008771366653511833
#c 2 0 red
#c 4 6 red
q 41 0 0 0 5 0 12 1 1 1 5 1 6 2 6 2 11 3 0 3 1 3 8 4 0 4 3 4 5 4 6 4 7 4 9 4 12 5 5 5 6 6 1 6 6 6 10 7 3 7 6 7 7 8 0 8 2 8 6 8 10 8 12 9 0 9 1 9 8 10 1 10 5 10 11 11 4 11 7 11 11 12 2
#0.0008692254362496256
#c 2 0 red
#c 4 6 red
q 46 0 0 0 7 0 10 1 5 1 8 2 0 2 1 2 2 2 7 2 11 3 0 3 12 4 1 4 6 4 8 4 11 5 1 5 5 5 8 6 1 6 2 6 6 6 7 6 9 7 4 7 6 8 1 8 3 8 7 8 9 8 10 9 2 9 6 9 8 9 9 9 11 9 12 10 11 11 0 11 5 11 6 11 7 11 11 11 12 12 4 12 8
#0.0008845593032869032
#c 0 2 red
#c 2 7 red
q 39 0 0 0 1 0 2 0 4 1 1 1 3 1 10 2 2 2 3 2 4 2 5 2 9 3 5 3 10 4 0 4 3 4 7 4 8 4 11 5 6 7 1 7 5 9 0 9 3 9 7 9 8 9 9 9 10 10 3 10 4 10 5 10 10 11 0 11 5 11 10 11 11 12 5 12 6 12 12
#0.0008983251945456265
#c 2 0 red
#c 4 6 red
q 49 0 5 0 12 1 2 1 5 1 8 2 2 2 5 2 7 3 5 3 6 3 7 4 4 4 7 5 5 5 6 5 7 5 9 5 10 5 12 6 3 6 6 6 9 7 0 7 1 7 3 7 4 7 6 7 7 7 9 7 10 7 11 8 4 8 5 8 7 8 8 9 8 9 9 9 10 9 11 10 2 10 5 10 8 10 9 10 10 11 9 11 10 11 12 12 6 12 11
#0.0009321339146706233
#c 2 0 red
#c 4 6 red
q 55 0 2 0 11 0 12 1 3 1 5 1 9 1 10 2 1 2 2 2 3 2 4 2 6 2 7 2 11 3 0 3 1 3 3 3 7 3 8 3 9 4 0 4 1 4 5 5 5 5 8 5 10 5 11 6 1 6 2 6 6 6 9 7 0 7 4 7 6 7 10 8 5 8 6 8 7 8 8 8 9 8 10 8 12 9 0 9 1 9 2 10 0 10 2 10 9 10 11 11 5 11 6 11 7 11 12 12 1 12 4
#0.0009468169621247214
#c 0 2 red
#c 2 7 red
q 45 0 7 0 8 0 10 0 12 1 0 1 1 1 7 1 11 2 6 2 7 3 1 3 6 3 8 3 11 4 0 4 3 4 4 4 7 4 9 4 10 4 12 5 1 5 8 6 5 6 9 7 5 8 3 8 4 9 1 9 4 9 6 9 7 10 0 10 4 10 7 10 8 10 10 11 3 11 4 11 10 11 12 12 5 12 8 12 9 12 11
#0.000940664509444174
#c 0 2 red
#c 2 7 red
q 39 0 4 1 2 1 5 1 8 1 11 2 4 2 7 2 11 3 2 3 4 3 6 4 4 4 6 4 12 5 1 5 12 6 1 6 3 6 6 6 10 6 11 6 12 7 0 7 2 7 5 7 9 8 3 8 7 9 0 9 8 9 10 9 11 10 1 10 9 10 10 11 6 12 0 12 5 12 7
#0.000958855927328735
#c 0 2 red
#c 2 7 red
q 41 0 9 0 12 1 2 1 5 1 8 2 1 2 4 2 5 2 10 3 5 3 7 3 9 3 10 3 11 4 4 4 9 4 11 4 12 5 4 5 5 5 7 6 1 6 2 6 5 7 1 7 3 7 7 7 10 8 0 8 1 8 3 8 6 8 9 10 4 10 9 10 11 11 0 11 2 11 9 11 12 12 12
#0.0009624829636032404
#c 0 2 red
#c 2 7 red
q 38 0 0 0 1 0 2 0 7 0 11 1 0 1 3 1 8 1 12 2 9 2 10 2 12 3 1 3 10 4 1 4 4 6 3 6 9 6 11 6 12 7 2 8 10 8 11 9 4 9 6 9 10 10 1 10 3 10 6 10 10 10 11 11 0 11 2 11 3 11 9 11 10 12 3 12 6
#0.00090944452125039
#c 0 2 red
#c 2 7 red
q 41 0 1 0 2 0 4 0 5 0 9 0 11 1 0 1 1 1 6 2 2 2 12 3 3 3 8 3 12 4 3 4 4 4 9 4 12 5 1 5 6 6 0 6 1 6 6 7 6 7 12 8 3 8 5 9 1 9 4 9 9 9 11 10 1 10 3 10 5 11 0 11 8 12 6 12 8 12 9 12 10 12 11
#0.0008721848113031977
#c 0 2 red
#c 2 7 red
q 41 0 0 0 6 0 12 1 1 2 10 3 2 3 5 3 7 3 11 3 12 4 2 4 3 4 4 5 5 5 6 5 7 5 8 5 12 6 0 6 3 6 5 7 2 7 10 8 0 8 1 8 9 8 10 9 0 9 3 9 7 9 8 9 11 10 2 10 6 10 12 11 5 11 8 11 11 12 2 12 6 12 8
#0.0008906973329542547
#c 0 2 red
#c 2 7 red
q 44 0 1 0 6 1 3 2 0 2 2 2 4 2 7 2 10 2 12 3 1 3 2 3 6 4 2 4 4 4 6 4 11 5 6 5 12 6 0 6 1 6 5 6 11 7 2 7 5 7 6 7 7 7 8 7 9 8 0 8 2 8 6 9 0 9 1 9 2 9 3 9 5 9 7 9 8 10 2 10 4 11 7 11 8 12 3 12 8
#0.0008523225860072243
#c 0 2 red
#c 2 7 red
q 33 0 0 0 8 1 1 1 4 1 10 1 12 2 0 2 3 2 4 2 12 3 1 3 4 3 8 4 3 4 11 5 0 5 2 5 6 6 1 7 1 7 2 7 3 7 5 7 10 8 5 8 9 9 1 9 5 10 2 10 10 11 8 12 1 12 2
#0.0008570846375529744
#c 0 2 red
#c 2 7 red
q 47 0 10 1 2 1 5 1 8 1 10 2 2 2 4 2 9 3 1 3 2 3 3 3 4 3 11 4 6 4 8 4 9 5 4 5 5 5 11 6 3 6 9 6 10 6 11 7 3 7 10 8 2 8 3 8 9 8 11 9 0 9 4 9 9 9 10 9 12 10 0 10 1 10 2 10 3 10 8 10 9 10 10 10 12 11 1 11 4 11 12 12 6 12 7
#0.0008464508527237646
#c 0 2 red
#c 2 7 red
q 47 0 2 0 8 0 10 0 11 1 3 1 5 1 11 1 12 2 0 2 7 2 10 2 12 3 1 3 4 3 6 3 9 3 11 4 2 4 6 4 10 5 3 5 7 6 4 6 5 6 11 7 1 7 3 7 11 8 2 8 6 9 1 9 2 9 5 9 10 9 11 9 12 10 2 10 3 10 5 10 6 10 8 10 11 11 12 12 1 12 6 12 10 12 11
#0.0008537619585069373
#c 0 2 red
#c 2 7 red
q 43 0 4 0 12 1 3 1 6 1 7 1 10 2 0 2 2 2 3 2 6 2 9 2 10 2 11 3 3 3 5 3 6 4 4 4 6 5 5 5 6 5 9 6 2 6 3 6 4 6 5 6 12 7 1 7 3 7 5 8 0 8 6 8 8 8 12 9 3 9 4 9 10 9 11 10 9 10 11 10 12 11 9 12 4 12 10
#0.0008510948749561568
#c 0 2 red
#c 2 7 red
q 46 0 1 0 8 0 9 1 0 1 5 1 7 1 9 1 12 2 0 2 5 2 8 3 2 3 3 3 8 3 9 3 12 4 0 4 11 5 1 5 5 5 7 5 12 6 1 6 3 6 5 6 8 7 0 7 4 8 9 9 3 9 4 9 5 9 11 10 0 10 3 10 7 10 8 10 12 11 0 11 2 11 5 11 7 11 8 11 9 12 1 12 2
#0.0008647881124694039
#c 0 2 red
#c 2 7 red
q 45 0 2 0 3 0 6 0 8 0 10 1 1 1 9 1 12 2 3 2 6 2 7 3 4 3 8 4 0 4 2 4 5 5 3 5 5 5 11 6 0 6 1 6 5 7 0 7 2 7 5 7 9 7 10 7 11 7 12 8 1 8 11 8 12 9 6 9 12 10 3 10 4 10 6 10 10 10 12 11 5 11 6 11 8 12 4 12 7 12 9
#0.0008619896278024534
#c 0 2 red
#c 2 7 red
q 35 0 3 0 5 0 7 0 10 2 9 2 10 2 12 3 0 3 2 3 4 3 6 4 2 4 6 5 2 5 7 5 8 5 10 5 12 6 3 6 9 6 10 7 0 7 6 8 0 8 2 8 5 8 8 9 2 9 5 10 1 10 8 10 9 11 3 11 5 12 0
#0.0008530838809222667
#c 0 2 red
#c 2 7 red
q 47 0 9 0 12 1 1 1 3 1 11 2 0 2 4 2 6 2 7 2 9 2 10 3 5 3 6 3 8 3 10 3 11 4 0 4 2 4 3 4 7 4 10 5 8 5 12 6 0 6 3 7 0 7 1 7 12 8 1 8 4 8 5 8 10 8 12 9 2 9 4 9 6 9 8 9 10 10 9 11 1 11 4 11 7 11 10 12 5 12 6 12 8 12 10
#0.0008577764154042605
#c 0 2 red
#c 2 7 red
q 39 0 4 0 6 0 7 1 4 1 10 1 11 3 9 3 11 4 1 4 6 5 2 5 9 5 11 5 12 6 0 6 5 6 9 6 10 7 1 7 2 7 3 7 4 7 9 8 6 9 3 9 6 9 7 9 8 10 4 10 5 10 7 10 10 10 11 10 12 11 6 12 0 12 1 12 7 12 11
#0.0008643348252839437
#c 0 2 red
#c 2 7 red
q 43 0 0 0 2 0 6 0 8 1 5 2 2 2 12 3 0 3 1 3 2 3 9 3 11 4 7 4 8 4 9 5 0 5 6 5 9 6 2 6 3 6 5 6 9 6 11 6 12 7 1 7 11 8 4 8 6 8 10 8 11 8 12 10 0 10 3 10 10 10 11 11 2 11 5 11 7 11 10 11 12 12 0 12 2 12 7
#0.0008714928544718567
#c 0 2 red
#c 2 7 red
q 41 0 0 0 5 0 10 1 8 2 6 2 10 3 2 3 3 3 4 3 7 3 9 4 0 4 3 4 7 4 11 4 12 5 2 5 11 6 0 6 1 6 2 6 3 6 8 6 12 7 5 7 9 8 3 8 4 8 7 9 1 9 8 9 9 10 2 10 7 10 11 11 0 11 1 11 3 11 9 12 3 12 7
#0.0008808402304321953
#c 0 2 red
#c 2 7 red
q 40 0 3 0 7 0 11 1 7 1 8 1 12 2 1 2 2 2 8 2 10 3 6 4 2 4 5 4 9 4 10 5 0 5 5 5 7 5 8 5 9 5 11 5 12 6 6 6 9 6 10 6 11 7 2 7 9 7 11 8 0 8 3 8 9 9 9 9 11 10 2 10 7 11 0 11 7 11 12 12 0
#0.0008726694126533053
#c 0 2 red
#c 2 7 red
q 44 0 3 1 5 1 7 2 2 2 4 2 8 2 9 3 0 3 2 3 3 4 6 4 9 4 11 5 3 5 4 5 6 5 8 6 0 6 2 6 3 6 8 6 11 7 0 7 3 7 8 8 0 8 2 8 9 9 0 9 1 9 8 9 9 9 11 9 12 10 2 10 6 10 8 10 10 10 11 10 12 11 2 11 8 11 9 12 3
#0.0008750021436533306
#c 0 2 red
#c 2 7 red
q 43 0 2 0 8 1 0 1 1 1 4 1 5 1 8 2 1 2 7 2 10 2 12 3 3 3 4 3 5 3 6 3 7 3 10 3 12 5 0 5 3 5 4 5 5 5 7 6 3 6 10 7 1 7 12 8 1 8 2 8 3 8 10 8 12 9 1 9 3 10 0 11 1 11 3 11 9 11 10 11 12 12 2 12 9 12 10
#0.0008714965824235277
#c 0 2 red
#c 2 7 red
q 46 0 0 0 1 0 12 1 2 1 11 2 1 2 2 2 7 2 8 2 11 3 1 3 3 3 4 3 7 3 10 4 2 4 3 4 4 4 9 5 0 5 8 5 12 6 4 6 6 6 7 6 10 6 12 7 2 7 11 8 1 8 10 9 1 9 4 9 8 9 9 9 10 9 11 10 3 10 6 10 7 11 4 11 6 11 8 11 11 12 7 12 9
#0.0008819037175052199
#c 0 2 red
#c 2 7 red
q 38 0 0 0 7 0 8 0 9 0 11 0 12 2 5 2 10 3 0 3 2 3 5 3 10 3 11 4 8 5 6 5 9 5 12 6 1 6 3 6 4 6 11 7 2 7 5 7 6 8 0 8 6 9 8 9 10 9 11 9 12 10 1 10 2 11 1 11 2 11 3 12 1 12 8 12 12
#0.0008957544883887328
#c 0 2 red
#c 2 7 red
q 41 0 0 0 3 0 4 0 8 1 5 1 11 2 7 3 4 3 8 3 9 4 0 4 3 4 6 5 1 5 3 5 7 5 10 6 0 6 2 6 11 7 5 7 6 7 8 7 10 8 0 8 3 8 8 8 12 9 2 9 6 9 7 10 3 10 4 10 9 11 1 11 2 11 3 11 5 11 6 11 8 12 0
#0.0009374980982946822
#c 0 2 red
#c 2 7 red
q 38 0 2 1 3 1 5 1 6 2 0 2 12 3 1 3 3 3 5 3 6 3 9 4 0 4 4 5 1 5 7 6 6 6 8 6 9 7 0 7 5 7 6 7 8 7 11 8 5 8 8 8 12 9 1 9 12 10 1 10 4 10 7 11 5 11 10 12 0 12 7 12 8 12 9 12 12
#0.0009362382452019801
#c 0 2 red
#c 2 7 red
q 32 0 2 0 5 0 7 0 8 1 7 2 0 2 2 2 5 2 11 3 3 3 7 3 11 4 5 5 0 5 3 5 4 6 4 6 5 7 6 8 1 9 5 9 7 9 9 10 6 10 7 10 10 10 11 11 4 11 6 12 2 12 3 12 5
#0.0009247142552495715
#c 0 2 red
#c 2 7 red
q 41 0 0 0 8 0 11 1 0 1 7 1 9 2 3 2 6 2 8 3 5 3 7 3 11 3 12 4 0 4 5 4 7 5 4 6 0 6 4 6 8 7 3 7 6 7 10 8 0 8 3 8 6 8 7 8 9 9 1 9 5 9 7 9 8 9 9 9 11 11 2 11 3 11 7 11 9 11 12 12 4 12 6
#0.0009130492567736518
#c 0 2 red
#c 2 7 red
q 39 0 1 0 5 0 6 0 7 1 1 1 9 1 11 1 12 2 0 2 1 2 11 3 8 3 12 4 5 5 3 5 6 5 9 5 12 6 3 6 4 6 11 7 3 7 4 7 7 8 5 8 6 8 9 8 12 9 5 9 9 10 4 10 8 11 0 11 2 11 7 11 8 12 2 12 4 12 11
#0.0009049733410846034
#c 0 2 red
#c 2 7 red
q 41 0 8 0 9 0 11 1 1 2 1 2 2 2 3 2 7 2 12 3 1 3 2 3 7 3 9 3 12 4 3 4 4 4 6 4 11 5 3 5 5 5 6 6 0 6 3 6 4 7 0 8 2 8 4 8 9 8 12 9 4 9 6 9 8 9 9 9 10 11 1 11 8 12 0 12 1 12 4 12 7 12 10
#0.0008982398715096775
#c 0 2 red
#c 2 7 red
q 49 0 1 0 3 0 6 0 11 1 3 1 4 1 6 2 0 2 10 2 12 3 2 3 5 3 10 3 12 4 1 4 3 4 8 5 1 5 5 5 8 5 12 6 11 6 12 7 0 7 3 7 6 7 7 7 10 7 12 8 0 8 1 8 8 8 11 9 1 9 2 9 8 10 1 10 4 10 5 10 7 10 10 10 12 11 8 11 12 12 1 12 5 12 8 12 10 12 11
#0.0009034297150197353
#c 0 2 red
#c 2 7 red
q 50 0 0 0 3 0 5 0 6 0 9 1 0 1 2 1 3 1 11 1 12 2 3 2 8 2 10 2 12 3 1 3 7 3 12 4 2 4 8 4 10 5 1 5 3 5 7 5 10 5 12 6 1 6 2 6 3 7 1 7 4 7 8 8 3 8 6 8 7 8 10 8 11 9 2 9 5 9 10 9 11 10 3 10 5 10 11 11 0 11 6 12 2 12 3 12 6 12 8 12 9
#0.0009035102180153105
#c 0 2 red
#c 2 7 red
q 40 0 1 0 5 0 7 0 9 1 9 1 12 2 4 2 9 4 7 4 12 5 1 5 2 5 3 5 5 5 6 5 10 6 3 6 4 6 10 6 11 7 4 7 8 8 4 8 7 8 11 8 12 9 3 9 5 9 10 9 12 10 2 10 3 10 10 11 9 11 10 11 11 12 5 12 6 12 8 12 9
#0.0009039407923946892
#c 0 2 red
#c 2 7 red
q 33 0 6 0 7 1 4 1 5 1 10 2 10 3 2 3 3 3 11 4 8 5 4 5 11 6 2 6 5 6 9 6 12 7 1 7 4 7 7 7 12 8 4 8 12 9 0 9 12 10 3 10 6 10 8 10 12 11 1 11 6 11 11 12 3 12 4
#0.0009043556672052282
#c 0 2 red
#c 2 7 red
q 46 0 12 1 2 1 3 1 4 1 7 2 3 2 7 2 9 2 11 3 2 3 3 3 5 3 7 3 8 4 1 4 6 4 11 5 2 5 4 5 5 5 8 5 9 5 11 6 2 6 3 6 9 6 12 7 3 7 9 8 1 9 5 9 6 9 7 9 9 9 10 9 11 10 3 10 8 10 9 11 0 11 2 11 9 11 11 11 12 12 0 12 6
#0.0009078491379719524
#c 0 2 red
#c 2 7 red
q 40 0 12 1 5 1 11 2 1 2 2 2 4 2 6 3 0 3 1 3 4 3 7 3 8 4 2 4 4 4 5 4 8 5 1 5 2 5 4 5 7 6 0 6 1 6 6 6 7 7 7 7 8 7 10 8 0 8 4 8 5 8 8 8 10 9 5 10 2 10 9 11 1 11 4 11 8 11 10 12 0
#0.0009088802033464047
#c 0 2 red
#c 2 7 red
q 29 0 0 0 8 2 3 2 10 2 11 3 7 3 9 3 11 4 0 4 1 4 5 4 12 5 0 5 4 5 10 6 8 6 9 6 10 6 11 7 2 7 7 9 0 9 1 9 4 10 2 10 4 10 7 11 7 12 5
#0.0008844050029233042
#c 0 2 red
#c 2 7 red
q 37 0 4 1 0 1 6 1 9 1 10 2 6 2 12 3 1 3 9 3 10 4 6 4 11 4 12 5 5 7 3 7 4 7 5 7 7 8 0 8 2 8 3 8 9 8 12 9 0 9 5 9 6 9 12 10 1 10 3 11 0 11 1 11 10 11 12 12 3 12 8 12 10 12 12
#0.0008776216468860341
#c 0 2 red
#c 2 7 red
q 48 0 8 0 9 0 11 0 12 1 0 1 1 1 3 1 5 1 10 1 12 2 1 2 3 2 8 3 1 4 2 4 3 4 8 5 3 5 8 5 9 5 10 5 11 5 12 6 3 6 7 6 10 6 11 7 0 7 1 7 7 8 1 8 6 8 7 8 9 9 2 10 4 10 5 10 9 11 0 11 1 11 4 11 6 11 7 11 11 12 1 12 3 12 4 12 8
#0.0008758493806844184
#c 0 2 red
#c 2 7 red
q 45 0 0 0 11 1 4 1 9 1 10 1 11 2 0 2 9 3 6 3 7 4 1 4 4 4 5 4 10 5 1 5 3 5 4 5 9 6 3 6 9 6 11 6 12 7 3 7 6 7 8 7 9 7 11 8 0 8 1 8 2 8 10 9 4 9 6 9 7 9 8 10 5 10 10 10 12 11 1 11 2 11 11 11 12 12 1 12 2 12 5
#0.0008735117284620859
#c 0 2 red
#c 2 7 red
q 39 0 3 0 6 0 7 1 0 1 2 1 6 2 7 2 11 3 0 3 2 3 5 3 6 4 5 4 7 5 0 5 4 5 5 5 9 6 1 6 6 6 7 6 10 6 12 7 0 7 5 7 9 7 11 8 1 8 4 8 5 8 6 8 7 8 8 8 9 10 2 10 8 11 0 11 3 12 1
#0.0008760407333144578
#c 0 2 red
#c 2 7 red
q 50 0 1 0 2 0 3 0 5 0 6 0 7 0 10 1 6 1 8 1 9 2 0 2 3 2 7 2 12 3 2 3 5 3 7 3 8 3 9 4 0 4 2 4 12 5 6 5 10 6 0 6 2 6 3 7 1 7 4 7 5 7 9 8 0 8 2 8 8 8 11 9 0 9 1 9 3 9 4 9 8 9 12 10 8 10 11 11 3 11 5 11 12 12 0 12 4 12 7 12 9
#0.0008746754628591917
#c 0 2 red
#c 2 7 red
q 54 0 1 0 2 0 3 0 4 0 7 0 10 0 11 1 2 1 6 1 8 1 10 2 2 2 5 3 1 3 2 3 4 3 7 3 11 4 3 4 4 4 5 4 11 5 0 5 7 5 12 6 1 6 3 6 4 6 7 6 11 7 7 7 8 7 9 8 0 8 1 9 0 9 2 9 3 9 6 9 9 9 12 10 0 10 8 10 9 11 3 11 7 11 9 11 11 12 4 12 5 12 6 12 7 12 10 12 12
#0.0008751079216257981
#c 0 2 red
#c 2 7 red
q 43 0 0 0 2 0 3 0 8 1 4 1 10 1 12 2 1 2 4 2 7 3 6 3 7 3 8 3 10 3 11 4 1 4 6 4 7 5 2 5 8 5 9 6 7 6 8 6 12 7 3 7 12 8 2 8 8 8 10 8 12 9 1 9 3 9 9 9 10 10 1 10 4 10 12 11 5 11 9 11 10 11 12 12 1 12 3
#0.0008710730175769011
#c 0 2 red
#c 2 7 red
q 39 0 6 0 9 0 10 1 2 1 5 1 9 2 9 2 11 3 5 4 1 4 2 4 7 4 9 4 12 5 2 5 3 5 9 5 11 5 12 6 2 6 4 6 5 6 11 7 2 7 4 7 9 7 12 8 0 8 2 8 9 9 5 9 10 9 11 10 7 10 8 11 6 12 3 12 7 12 11
#0.0008711878589484094
#c 0 2 red
#c 2 7 red
q 36 0 2 0 3 0 6 1 4 1 8 1 10 2 3 2 4 2 8 3 5 3 10 3 11 4 2 4 6 5 1 5 6 5 7 6 6 6 10 7 3 8 0 8 2 8 6 8 7 8 8 9 4 9 5 9 6 10 2 10 5 10 12 11 8 11 11 12 0 12 1 12 10
#0.0008723681725117964
#c 0 2 red
#c 2 7 red
q 38 0 2 0 3 0 5 0 7 1 1 1 3 1 4 1 10 2 1 2 5 2 10 2 11 3 3 3 11 4 2 4 11 4 12 6 5 6 9 6 10 7 2 7 3 8 1 8 6 9 3 9 4 9 5 9 12 10 0 10 1 10 5 10 12 11 0 11 8 12 1 12 3 12 6 12 8
#0.0008638207009434151
#c 0 2 red
#c 2 7 red
q 30 0 0 0 9 0 12 1 0 1 1 1 6 2 0 2 2 2 9 2 12 4 4 4 7 4 10 5 0 5 6 6 4 6 6 7 4 7 8 8 2 8 4 8 7 8 9 8 10 9 7 9 9 10 4 10 9 12 4 12 5
#0.000867785839063957
#c 0 2 red
#c 2 7 red
q 42 0 5 0 6 1 4 1 11 1 12 2 1 2 4 2 7 2 11 3 0 3 1 3 4 3 5 3 6 3 7 4 2 4 5 4 11 4 12 5 0 5 9 5 12 6 1 6 7 6 11 7 0 7 1 7 3 7 4 7 10 7 11 8 8 9 0 9 1 9 5 9 8 9 10 9 12 10 0 12 1 12 3 12 6
#0.000870568764853293
#c 0 2 red
#c 2 7 red
q 45 0 1 0 7 0 8 1 2 1 5 1 7 1 9 1 11 2 10 3 7 3 8 3 11 4 0 4 3 4 7 4 9 5 1 5 10 6 2 6 8 6 10 6 11 7 3 7 9 7 11 8 0 8 2 8 3 8 8 8 12 9 0 9 1 9 4 9 5 9 6 9 7 9 11 10 1 10 11 11 0 11 1 11 10 11 12 12 8 12 11
#0.0008745487285662215
#c 0 2 red
#c 2 7 red
q 42 0 4 0 9 0 11 1 1 1 3 2 2 2 4 2 5 3 0 3 4 3 7 4 3 4 6 4 11 4 12 5 1 5 3 5 7 5 11 6 5 6 9 6 11 6 12 7 8 7 10 8 4 8 7 8 9 9 0 9 3 9 4 9 5 10 8 11 1 11 5 11 7 11 8 11 9 12 4 12 7 12 8 12 11
#0.0008775947997847539
#c 0 2 red
#c 2 7 red
q 42 0 4 0 10 0 11 1 6 1 9 1 12 2 2 3 8 3 9 4 5 4 10 5 9 6 4 6 7 6 9 7 0 7 2 7 11 8 1 8 4 8 5 8 7 8 10 9 0 9 3 9 5 9 7 9 11 10 0 10 2 10 5 10 6 11 0 11 3 11 5 11 7 11 8 11 12 12 0 12 2 12 3 12 5
#0.0008728270518640666
#c 0 2 red
#c 2 7 red
q 42 0 3 0 7 0 12 1 5 2 0 2 3 2 5 2 11 3 0 3 3 3 12 4 9 4 10 4 11 5 2 5 5 6 5 6 10 6 11 6 12 7 1 7 3 7 6 7 9 7 10 7 11 7 12 8 5 9 4 9 5 9 9 9 10 9 11 10 8 10 11 11 1 11 3 11 6 12 4 12 5 12 7 12 8
#0.0008750990653746413
#c 0 2 red
#c 2 7 red
q 30 0 11 0 12 1 0 1 9 2 11 3 4 3 8 3 12 4 2 4 9 5 2 5 5 6 1 6 10 6 11 7 0 7 5 7 10 8 4 8 6 8 10 9 8 9 11 10 0 10 2 10 7 11 3 11 4 11 11 12 11
#0.0008785196745490696
#c 0 2 red
#c 2 7 red
q 39 0 7 1 4 2 0 2 1 2 3 2 5 2 9 2 12 3 0 3 1 3 3 3 7 4 1 4 8 4 10 4 11 5 7 6 11 7 6 7 11 8 3 8 5 8 7 8 10 8 12 9 0 9 4 9 10 10 2 10 9 10 10 10 11 11 0 11 3 11 10 12 1 12 6 12 7 12 9
#0.0008763196765882724
#c 0 2 red
#c 2 7 red
q 32 0 10 1 2 1 5 1 6 1 7 2 1 2 2 2 11 3 4 4 6 4 11 5 3 5 10 6 7 6 12 7 3 8 0 8 3 8 8 8 11 9 4 9 9 9 11 10 5 10 7 11 1 11 2 11 10 12 0 12 4 12 9 12 10
#0.0008792153196785726
#c 0 2 red
#c 2 7 red
q 41 0 7 1 3 1 4 1 6 1 10 1 12 2 1 2 2 2 3 2 5 2 7 2 8 2 9 2 10 2 12 3 4 3 7 4 1 4 2 4 5 4 6 4 12 5 5 6 3 6 4 7 7 7 10 8 6 9 0 9 3 9 6 9 8 11 3 11 7 11 11 11 12 12 1 12 5 12 7 12 8 12 12
#0.0008816081435944859
#c 0 2 red
#c 2 7 red
q 36 0 1 0 3 0 5 0 6 0 10 1 1 1 6 1 10 1 11 2 8 3 2 3 3 3 6 3 7 3 9 4 0 4 3 4 8 4 9 4 11 4 12 5 6 6 1 6 4 6 7 6 9 6 11 7 1 7 2 8 0 8 1 8 9 9 4 10 7 11 9 12 9
#0.0008838741222551746
#c 0 2 red
#c 2 7 red
q 49 0 0 0 1 0 11 1 3 1 5 1 8 1 10 1 12 2 2 2 3 2 4 2 7 2 9 2 10 2 11 3 0 3 4 3 12 4 10 5 3 5 5 5 7 5 9 5 11 6 9 6 10 7 2 7 6 7 9 7 11 7 12 8 0 9 3 9 5 9 7 9 8 9 12 10 1 10 5 10 6 10 9 11 4 11 9 12 1 12 3 12 5 12 7 12 9 12 12
#0.0008838953429172253
#c 0 2 red
#c 2 7 red
q 38 0 0 0 1 0 11 1 2 1 8 1 12 2 2 2 6 2 7 2 8 3 0 4 4 4 8 4 9 5 0 5 2 5 6 5 8 6 0 6 2 6 6 6 10 7 1 7 4 7 5 7 11 7 12 8 1 9 2 9 4 10 0 10 2 10 8 11 5 11 8 11 10 12 0 12 2
#0.0008825883955539716
#c 0 2 red
#c 2 7 red
q 34 0 2 0 3 0 7 1 1 1 5 1 10 2 6 2 9 2 10 3 3 3 7 3 8 3 9 3 10 4 3 5 2 5 3 5 6 5 7 6 0 6 1 6 2 6 4 7 0 7 2 7 12 8 5 8 9 9 0 10 6 10 12 11 10 12 2 12 6
#0.0008868232149521668
#c 0 2 red
#c 2 7 red
q 37 0 0 0 2 0 5 0 6 0 7 0 10 0 12 1 0 1 7 1 12 2 5 2 8 3 5 4 6 4 7 5 4 5 6 5 11 6 7 6 11 6 12 7 0 7 4 7 8 8 0 8 10 9 0 9 1 9 6 10 8 10 10 10 12 11 0 11 4 11 9 12 0 12 8
#0.0008829009037334529
#c 0 2 red
#c 2 7 red
q 41 0 2 0 5 0 9 0 10 1 4 1 8 2 1 2 3 2 4 2 5 2 7 2 11 3 0 3 2 3 8 3 11 4 1 4 3 4 7 5 5 5 9 5 11 6 7 6 10 7 0 7 1 7 7 7 8 8 2 8 3 9 1 9 9 9 10 10 4 10 5 10 7 11 4 11 7 11 10 11 12 12 11
#0.0008906668291077095
#c 0 2 red
#c 2 7 red
q 39 0 0 0 6 0 8 0 9 1 9 2 0 2 8 2 9 2 11 3 2 3 3 3 7 3 11 4 9 5 2 5 4 5 6 5 8 5 11 5 12 6 2 6 3 6 5 6 7 6 8 6 11 7 1 8 2 8 11 9 6 10 0 10 1 10 7 10 10 11 5 11 7 11 12 12 3 12 5
#0.0008937807948694177
#c 0 2 red
#c 2 7 red
q 42 0 10 0 12 1 6 1 8 2 2 2 4 2 6 2 8 3 0 3 3 3 4 3 5 4 1 4 6 4 7 4 8 5 5 5 9 6 2 7 0 7 2 7 12 8 7 8 12 9 2 9 12 10 2 10 7 10 8 10 10 10 12 11 2 11 3 11 5 11 6 11 9 11 10 11 12 12 0 12 1 12 5 12 12
#0.0008934481409830222
#c 0 2 red
#c 2 7 red
q 42 0 8 1 1 1 4 1 7 1 9 1 11 2 6 2 10 3 0 3 2 3 9 3 11 4 2 4 5 4 8 5 0 5 6 5 9 5 11 7 3 7 8 8 0 8 1 8 6 8 10 9 3 9 5 9 7 9 8 10 0 10 1 10 3 10 4 10 7 10 8 10 9 10 10 10 12 11 0 11 8 11 9 12 9
#0.0008876324024722524
#c 0 2 red
#c 2 7 red
q 49 0 1 0 2 0 7 1 1 1 4 1 6 1 9 1 10 1 12 2 4 2 8 2 10 3 0 3 1 3 7 3 10 4 0 4 6 4 10 5 3 5 4 5 5 5 9 5 10 5 12 6 6 6 7 6 11 6 12 7 2 7 4 7 5 7 8 8 4 8 7 8 10 8 11 9 0 9 1 9 6 9 12 10 1 10 4 10 7 10 10 11 2 11 3 11 7 12 6
#0.0008884201780392771
#c 0 2 red
#c 2 7 red
q 52 0 3 0 5 0 11 1 0 1 6 1 8 1 9 1 11 1 12 2 3 2 6 3 0 3 2 3 3 3 5 3 6 3 8 3 9 3 10 4 2 4 5 5 8 5 10 6 7 6 11 7 3 7 7 7 11 7 12 8 0 8 3 8 5 8 7 8 8 8 10 8 11 9 1 9 8 9 10 10 0 10 3 10 8 10 9 10 11 11 0 11 1 11 10 12 0 12 7 12 8 12 9 12 12
#0.0008866640800571854
#c 0 2 red
#c 2 7 red
q 39 0 4 0 5 0 11 2 2 2 4 2 6 2 7 3 6 4 4 4 6 4 11 5 4 5 5 6 3 6 5 6 7 6 12 7 0 7 4 7 5 7 6 7 9 7 11 8 3 8 6 8 11 9 1 10 1 10 7 10 9 10 10 11 3 11 4 11 5 11 6 12 0 12 4 12 8 12 9
#0.0008789861174526513
#c 0 2 red
#c 2 7 red
q 40 0 1 0 2 0 3 0 10 1 0 1 1 1 5 1 10 2 8 3 3 4 4 4 6 4 7 6 4 6 7 6 11 6 12 7 0 7 5 7 6 7 12 8 6 8 7 9 4 9 5 9 7 9 9 9 11 10 1 10 6 10 7 11 1 11 5 11 9 12 1 12 3 12 5 12 6 12 7 12 9
#0.0008743033366338012
#c 0 2 red
#c 2 7 red
q 42 0 3 0 8 0 10 1 5 1 8 2 4 2 6 2 9 3 4 3 5 3 6 3 8 3 11 4 0 4 2 4 4 4 7 4 9 4 11 4 12 5 1 5 2 6 0 6 4 6 10 6 11 6 12 7 1 7 3 7 4 7 11 8 1 8 5 8 7 9 2 9 4 10 2 11 1 11 5 11 9 12 2 12 11
#0.0008904096043190437
#c 0 2 red
#c 2 7 red
q 48 0 4 0 7 1 4 1 6 1 11 1 12 2 0 2 1 2 2 2 3 2 11 2 12 3 1 3 3 3 7 3 10 3 12 4 0 4 1 4 3 4 4 4 6 4 10 5 0 5 2 5 4 5 7 6 6 6 10 7 3 7 7 7 10 8 3 9 6 9 10 10 0 10 2 10 5 10 6 10 8 10 12 11 0 11 2 11 6 11 10 12 3 12 9 12 11
#0.000892333946229571
#c 0 2 red
#c 2 7 red
q 32 0 0 0 2 0 6 0 7 0 8 0 11 1 8 2 11 3 5 3 6 3 9 4 1 4 3 4 4 4 12 5 9 5 11 6 6 6 7 6 10 6 12 7 4 8 3 8 5 9 0 9 3 10 4 10 8 10 11 11 1 11 10 12 3
#0.0008921161520934445
#c 0 2 red
#c 2 7 red
q 25 0 8 2 3 3 2 3 4 4 0 4 2 5 12 6 1 6 9 6 10 7 2 7 9 7 12 8 4 8 9 9 0 9 9 10 10 10 11 11 0 11 8 12 2 12 4 12 7 12 9
#0.0008879718430309058
#c 0 2 red
#c 2 7 red
q 37 0 0 1 6 1 7 1 11 2 3 2 11 2 12 3 3 3 5 3 7 3 8 4 8 4 11 5 3 5 5 5 10 6 0 6 1 6 4 6 6 6 8 6 9 7 5 7 8 7 9 7 11 8 10 9 10 10 4 10 6 10 7 10 10 10 11 11 6 12 2 12 5 12 10
#0.0008864179470938307
#c 0 2 red
#c 2 7 red
q 28 0 10 1 9 1 10 2 0 2 1 2 4 2 5 2 7 2 12 3 11 4 4 4 9 5 5 5 7 6 0 6 6 6 9 6 10 6 11 7 2 8 9 8 11 10 4 11 3 11 5 11 6 12 3 12 12
#0.0008782865227080866
#c 0 2 red
#c 2 7 red
q 49 0 0 0 1 0 2 0 10 0 11 1 4 1 10 1 12 2 0 2 8 2 10 3 1 3 3 3 5 3 10 4 1 4 3 4 6 4 7 5 3 5 10 6 4 6 7 6 8 6 10 7 4 7 6 7 7 7 10 7 11 7 12 8 0 8 5 8 6 8 8 8 9 8 12 9 3 9 7 10 0 10 3 10 8 10 11 10 12 11 2 11 3 11 4 11 6 12 1
#0.0008851461125341496
#c 0 2 red
#c 2 7 red
q 58 0 2 0 7 0 8 0 10 0 12 1 2 1 4 1 8 1 10 2 0 2 1 2 4 2 6 2 8 2 9 2 11 3 4 3 9 3 12 4 3 4 8 4 9 4 12 5 1 5 4 5 7 5 10 6 0 6 5 6 6 6 11 6 12 7 1 7 2 7 4 7 8 7 9 8 0 8 3 8 4 9 1 9 2 10 0 10 7 10 11 11 0 11 2 11 5 11 7 11 11 12 2 12 5 12 7 12 8 12 9 12 10 12 11 12 12
#0.000888110352028165
#c 0 2 red
#c 2 7 red
q 44 0 1 0 3 0 9 1 2 1 3 2 2 2 9 2 12 3 0 3 3 3 4 3 9 3 10 4 7 4 11 4 12 5 4 5 7 5 10 6 1 6 3 6 7 6 8 6 10 7 10 8 0 8 1 8 2 8 4 8 10 9 2 9 3 9 11 10 6 10 7 10 10 10 12 11 1 11 6 12 1 12 3 12 7 12 9 12 10
#0.0008790116510438156
#c 0 2 red
#c 2 7 red
q 50 0 7 0 11 1 1 1 2 1 7 1 12 2 0 2 2 2 3 3 0 3 5 3 6 3 7 3 10 3 11 4 4 4 5 4 6 5 7 5 8 6 3 6 5 6 9 6 10 7 0 7 3 7 5 7 9 7 10 8 2 8 3 8 5 8 10 9 1 9 2 9 4 9 5 9 10 10 3 10 4 10 9 10 10 11 1 11 2 11 4 11 12 12 2 12 8 12 9 12 10
#0.0008815443120052756
#c 0 2 red
#c 2 7 red
q 40 0 4 0 8 1 7 1 11 2 1 2 2 2 4 2 6 2 8 2 9 3 5 3 11 4 7 5 0 5 2 5 9 6 4 6 5 6 12 7 6 7 11 8 6 8 7 8 12 9 2 9 6 9 10 9 11 9 12 10 3 10 4 10 7 10 9 10 12 11 10 11 11 12 4 12 7 12 9 12 10
#0.0008823373250557109
#c 0 2 red
#c 2 7 red
